RelTime,RSPT,RSPA,PULS,PR,SPO2
0000.000,-118.85,-29.349999999999998,93.0,79.0,99.0
0000.011,-92.15,-27.633333333333333,93.1875,79.0,99.0
0000.035,-39.00000000000001,-23.9,94.0,79.0,99.0
0000.063,20.53076923076923,-18.4,94.4375,79.0,99.0
0000.092,60.099999999999994,-11.075000000000001,98.75,79.0,99.0
0000.126,99.91666666666666,-5.4,105.125,79.0,99.0
0000.161,117.8,-2.1999999999999997,111.5625,79.0,99.0
0000.195,123.9875,-1.55,111.0,79.06547619047619,98.9672619047619
0000.229,116.7125,-2.1166666666666667,108.1875,79.26785714285714,98.86607142857143
0000.264,88.6923076923077,-1.4500000000000002,104.0,79.47619047619048,98.76190476190476
0000.299,43.133333333333326,0.29999999999999993,100.8125,79.68452380952381,98.6577380952381
0000.327,1.1833333333333336,2.3461538461538463,98.0625,79.85119047619048,98.57440476190476
0000.362,-39.16666666666667,5.276923076923078,93.875,80.05952380952381,98.4702380952381
0000.397,-66.38461538461539,6.225,88.375,80.26785714285714,98.36607142857143
0000.427,-80.46666666666667,9.15,84.625,80.44642857142857,98.27678571428572
0000.463,-97.18333333333334,11.450000000000001,81.125,80.66071428571428,98.16964285714286
0000.499,-102.73333333333335,12.5,74.9375,80.875,98.0625
0000.527,-106.81250000000001,12.944444444444446,70.125,81.0,98.0
0000.562,-106.01111111111112,13.350000000000001,62.75,81.0,98.0
0000.597,-106.46666666666667,15.833333333333332,60.0,81.0,98.0
0000.627,-100.175,17.683333333333334,60.6875,81.0,98.0
0000.663,-77.60000000000001,18.53846153846154,70.6875,81.0,98.0
0000.699,-29.683333333333334,19.4,84.5,81.0,98.0
0000.727,6.038461538461538,21.891666666666666,106.5,81.0,98.0
0000.762,49.03333333333333,25.2,125.875,81.0,98.0
0000.799,76.15,26.708333333333332,145.75,81.0,98.0
0000.830,86.28461538461539,27.2,150.75,81.0,98.0
0000.866,90.93333333333334,27.4,150.75,81.0,98.0
0000.895,93.625,26.912499999999998,142.25,80.99999999999999,98.0
0000.931,99.0,24.583333333333336,130.5625,81.0,98.0
0000.960,107.76923076923077,24.587500000000002,116.0,81.0,98.0
0000.994,114.35,23.133333333333333,110.375,81.0,98.0
0001.028,113.575,23.225,105.75,81.0,98.0
0001.063,112.14166666666667,22.80769230769231,84.5625,81.0,98.0
0001.097,108.83333333333334,25.4,65.625,81.0,98.0
0001.131,109.47500000000001,29.4,54.0,81.0,98.0
0001.166,109.22222222222223,32.75,54.375,81.0,98.0
0001.195,103.9,33.1,58.1875,81.0,98.0
0001.231,100.15,32.85,61.4375,81.0,98.0
0001.261,94.23333333333333,32.84615384615385,63.3125,81.0,98.0
0001.298,84.15,34.15384615384615,65.0,81.0,98.0
0001.326,79.9,35.5,66.375,81.0,98.0
0001.360,90.48333333333333,35.975,73.0,81.0,98.0
0001.395,127.59166666666667,33.300000000000004,80.75,81.0,98.0
0001.430,169.29999999999998,33.56923076923077,89.5,81.0,98.0
0001.465,203.0,34.815384615384616,100.375,81.0,98.0
0001.493,217.29166666666666,35.53333333333334,105.625,81.0,98.0
0001.529,222.53846153846155,35.8,112.25,80.99999999999999,98.0
0001.566,226.97500000000002,35.5,114.4375,81.0,98.00000000000001
0001.596,231.7,35.45,113.6875,81.0,98.0
0001.632,230.0625,33.98461538461538,113.0,81.0,98.0
0001.661,229.92499999999998,31.49230769230769,113.375,81.0,98.0
0001.696,221.5666666666667,31.05,113.4375,81.0,98.0
0001.731,214.99999999999997,29.6,113.0,81.0,98.0
0001.760,205.15000000000003,29.266666666666666,117.125,81.0,98.0
0001.795,197.3,25.669230769230772,121.5,81.0,98.0
0001.832,187.9692307692308,25.266666666666666,124.0,81.0,98.0
0001.861,177.91666666666669,27.166666666666664,124.0,81.0,98.0
0001.898,160.925,29.6875,123.0,81.0,98.0
0001.928,150.75,29.177777777777777,123.0,81.0,98.0
0001.963,142.57692307692307,28.34285714285714,123.25,81.0,98.0
0002.000,131.4,25.25,120.875,81.0,98.0
0002.028,117.36666666666667,24.25,117.0625,81.0,98.0
0002.064,104.78333333333333,20.569230769230767,111.3125,81.0,98.0
0002.094,110.33846153846153,18.96153846153846,104.125,81.0,98.0
0002.128,123.89999999999999,17.3,99.3125,81.0,98.0
0002.163,143.4,14.25,89.5,81.0,98.0
0002.197,153.60833333333332,12.416666666666666,87.0,81.0,98.0
0002.231,157.68333333333334,6.5,89.0,81.0,97.99999999999999
0002.259,154.10769230769233,1.6,87.5,81.0,98.0
0002.293,149.54166666666669,-6.3500000000000005,83.25,81.0,98.00000000000001
0002.327,140.96666666666667,-13.375,77.0,81.0,98.0
0002.361,122.75,-22.155555555555555,77.0,81.0,98.0
0002.397,96.0,-28.1,78.375,81.0,98.0
0002.431,64.47142857142858,-33.47692307692308,80.47058823529412,81.0,98.0
0002.461,36.86666666666667,-37.3,83.625,81.0,98.0
0002.496,4.6,-41.96153846153846,91.5,81.0,98.0
0002.530,-24.28333333333333,-46.1,97.25,81.0,98.0
0002.565,-59.684615384615384,-48.11666666666666,102.8125,81.0,98.0
0002.592,-93.96666666666665,-50.13333333333334,104.5,81.0,98.0
0002.626,-141.77499999999998,-53.246153846153845,105.0,81.0,98.0
0002.660,-205.7,-57.330769230769235,106.0,81.0,98.0
0002.694,-266.5692307692308,-60.2,105.0,81.0,98.0
0002.728,-319.875,-63.80833333333332,105.0,81.0,98.0
0002.766,-366.1,-64.75,105.0,81.0,98.0
0002.795,-397.73333333333335,-66.85384615384615,105.0,81.0,98.0
0002.830,-436.82500000000005,-67.57777777777778,105.4375,81.0,98.0
0002.866,-483.05,-69.6,106.0,81.0,98.0
0002.893,-520.3,-70.11666666666666,109.375,81.0,97.99999999999999
0002.929,-568.675,-69.93750000000001,114.76470588235293,81.0,98.0
0002.965,-602.75,-68.63333333333333,124.5,81.0,98.0
0002.992,-620.3692307692309,-68.03333333333333,137.25,81.0,98.0
0003.029,-620.2416666666667,-66.55,145.625,81.0,98.0
0003.060,-620.3000000000001,-65.06666666666666,152.625,81.0,98.0
0003.099,-611.875,-63.07692307692308,152.5,81.0,98.0
0003.129,-602.4923076923078,-60.0,143.625,81.0,98.0
0003.165,-584.9000000000001,-56.86666666666666,138.25,81.0,98.0
0003.195,-571.9666666666667,-54.383333333333326,134.5,81.0,98.0
0003.227,-549.9499999999999,-51.838461538461544,127.0,80.99999999999999,97.99999999999999
0003.265,-519.0444444444444,-48.574999999999996,117.5,81.0,98.0
0003.295,-491.5333333333333,-44.2875,110.5,81.00000000000001,98.0
0003.330,-445.91249999999997,-41.2,106.625,81.0,98.0
0003.366,-390.4166666666667,-37.1,102.125,81.0,98.0
0003.395,-352.32499999999993,-34.24444444444444,95.5,81.0,98.0
0003.431,-312.26153846153846,-29.799999999999997,92.0,81.0,98.0
0003.460,-282.85,-25.866666666666667,89.1875,81.0,98.0
0003.495,-240.5,-19.95,89.0,81.0,98.0
0003.531,-170.3166666666667,-13.13846153846154,89.25,81.0,98.0
0003.560,-113.19230769230771,-7.515384615384615,91.0625,81.0,98.0
0003.597,-49.3,2.4666666666666663,94.375,81.0,98.0
0003.626,-9.5,9.65,97.1875,81.0,98.0
0003.663,25.3,14.900000000000002,99.5,81.0,98.0
0003.693,44.28461538461538,17.63076923076923,97.875,81.0,98.0
0003.729,65.78461538461539,16.683333333333334,91.125,81.0,98.0
0003.760,75.6,17.2,82.75,81.0,98.0
0003.796,93.16666666666667,16.8,69.75,81.0,98.0
0003.825,107.25,16.166666666666668,64.75,81.0,98.0
0003.861,127.66153846153846,20.7,62.875,81.0,98.0
0003.897,155.92499999999998,24.10833333333333,66.125,81.0,97.99999999999999
0003.925,176.86666666666667,25.046153846153846,67.875,81.0,98.0
0003.959,193.13846153846154,25.96666666666667,69.0,81.0,98.0
0003.995,199.32222222222222,26.03333333333333,69.0,81.0,98.0
0004.030,206.475,27.499999999999996,70.4375,81.0,98.0
0004.066,222.075,28.700000000000003,72.6875,81.0,98.0
0004.093,233.6,29.333333333333336,75.75,81.0,98.0
0004.127,239.7,31.8,80.5,81.0,98.0
0004.163,237.41666666666663,32.175,88.0,81.0,98.0
0004.200,245.72500000000002,34.45833333333333,94.0625,81.0,97.99999999999999
0004.230,269.65,33.300000000000004,95.9375,81.0,98.0
0004.265,317.15384615384613,33.07692307692307,98.0,81.0,98.0
0004.293,357.73333333333335,35.25,98.0,81.0,98.0
0004.327,380.0083333333333,39.516666666666666,98.0,81.0,98.0
0004.361,389.25,43.4,102.52941176470588,81.0,98.0
0004.396,381.4,45.96666666666667,108.75,81.0,98.0
0004.430,369.59999999999997,45.733333333333334,112.0,81.0,98.0
0004.465,361.9384615384615,46.36153846153846,111.375,81.0,98.0
0004.493,351.16153846153844,46.50769230769231,110.625,81.0,98.0
0004.527,339.53333333333336,46.81666666666667,108.5,81.0,97.99999999999999
0004.562,328.4,46.00000000000001,106.3125,81.0,98.0
0004.597,310.4666666666667,47.6,103.0,81.0,98.0
0004.633,299.3769230769231,47.66923076923077,102.0,81.0,98.0
0004.661,289.9307692307692,49.8,102.0,81.0,98.0
0004.697,277.51666666666665,49.43333333333334,102.0,81.0,98.0
0004.731,267.66666666666663,73.925,101.0,81.0,98.0
0004.765,253.4,98.8,100.0,81.0,98.0
0004.795,241.74615384615385,119.25,99.0,81.0,98.0
0004.831,225.53076923076924,126.25,98.0,81.0,98.0
0004.862,219.5875,123.0,98.0,81.0,98.0
0004.893,210.975,122.9,97.625,81.0,98.00000000000001
0004.928,206.3,120.9,97.0,81.0,98.0
0004.963,202.78333333333333,117.7,97.0,81.0,98.0
0004.998,210.4,111.63846153846154,97.0,81.0,98.0
0005.026,212.5,106.05384615384615,96.70588235294119,81.0,98.0
0005.061,213.33333333333334,94.76666666666667,99.76470588235294,81.0,98.0
0005.096,205.0,79.10000000000001,106.2,81.0,98.0
0005.131,193.26666666666668,55.4,113.26666666666668,81.0,98.0
0005.160,178.66923076923075,37.17777777777778,113.875,81.0,98.0
0005.197,161.2846153846154,10.100000000000001,111.125,81.02083333333333,98.0
0005.226,143.30833333333334,-4.0,107.75,81.10714285714286,98.0
0005.262,109.99230769230769,-18.066666666666666,104.5625,81.21428571428572,98.00000000000001
0005.298,67.5,-25.375,101.3125,81.32142857142857,98.0
0005.327,30.85833333333333,-29.90833333333333,100.5,81.4077380952381,98.0
0005.363,-11.615384615384617,-34.224999999999994,100.0,81.51488095238095,98.0
0005.398,-56.925,-38.74166666666667,100.0,81.61904761904762,98.0
0005.432,-100.43333333333334,-42.75,98.88235294117646,81.7202380952381,98.0
0005.461,-141.5,-46.38461538461539,97.125,81.80654761904762,98.0
0005.496,-204.26666666666668,-50.97692307692308,96.0,81.91071428571428,98.0
0005.531,-278.0375,-58.83846153846153,95.0,82.0,98.0
0005.566,-342.87500000000006,-66.96923076923078,94.53333333333333,82.0,98.0
0005.594,-391.175,-74.7,94.0,82.0,98.0
0005.628,-436.84615384615387,-79.73333333333333,94.0,82.0,98.0
0005.664,-468.1583333333333,-81.36923076923077,94.0,82.0,98.0
0005.692,-484.35,-82.63333333333334,94.0,82.0,98.0
0005.728,-501.4083333333333,-81.82307692307693,94.0,82.0,98.0
0005.764,-528.5384615384615,-83.02307692307691,94.0,82.0,98.0
0005.798,-555.9692307692308,-80.83846153846154,98.0,82.0,98.0
0005.834,-589.9307692307693,-81.43333333333334,103.75,82.0,98.0
0005.862,-614.3666666666667,-85.25,110.0,82.04761904761904,98.0
0005.898,-648.5500000000001,-90.49230769230769,110.75,82.1547619047619,98.0
0005.926,-663.6153846153845,-93.71538461538462,109.0,82.23809523809524,97.99999999999999
0005.960,-685.6333333333334,-95.55000000000001,104.875,82.33928571428572,98.0
0005.996,-703.7666666666667,-96.875,101.625,82.44642857142857,98.0
0006.031,-729.4749999999999,-97.65,98.4375,82.55059523809524,98.0
0006.060,-743.4,-97.98461538461538,98.0,82.63690476190476,98.0
0006.095,-753.8538461538462,-98.0,97.5625,82.74107142857143,98.0
0006.129,-755.276923076923,-96.55833333333334,98.0,82.8422619047619,98.0
0006.163,-752.4666666666666,-94.35,97.1875,82.94345238095238,98.0
0006.197,-745.0615384615385,-90.3375,96.0,83.0,98.0
0006.231,-730.1333333333333,-88.1125,95.0,83.0,98.0
0006.261,-710.7166666666667,-85.94999999999999,94.0625,83.0,98.0
0006.295,-688.1999999999999,-82.2625,94.0,83.0,98.0
0006.330,-662.2083333333334,-76.62307692307692,94.0,83.0,98.0
0006.367,-622.3461538461538,-69.3,94.0,83.0,98.0
0006.395,-575.5500000000001,-65.76666666666667,94.0,83.0,98.0
0006.430,-501.67499999999995,-59.65,94.0,83.0,98.0
0006.464,-427.03333333333336,-52.76923076923077,94.0,83.0,98.0
0006.494,-374.23846153846154,-45.56666666666666,95.5,83.0,98.0
0006.529,-328.7,-38.86666666666667,100.0625,82.99999999999999,98.0
0006.563,-275.3083333333333,-33.80833333333333,106.4375,83.0,98.0
0006.598,-212.10833333333335,-31.025,111.0,83.0,98.0
0006.627,-148.8230769230769,-28.9,110.1875,83.0,98.0
0006.662,-81.3,-28.266666666666666,106.0,83.0,98.00000000000001
0006.698,-22.5375,-25.308333333333334,102.73333333333335,83.0,98.0
0006.727,12.808333333333334,-23.041666666666664,99.93333333333332,83.0,98.0
0006.763,50.900000000000006,-20.166666666666668,98.66666666666667,83.0,98.0
0006.800,98.16666666666666,-16.400000000000002,98.0,83.0,98.0
0006.829,135.45384615384617,-13.600000000000001,99.0,83.0,98.0
0006.860,166.5,-9.850000000000001,99.0,83.0,98.0
0006.896,194.89999999999998,-7.2,98.0,83.0,98.0
0006.932,214.44285714285715,-3.6230769230769226,97.0,83.0,98.0
0006.960,224.8,-2.1923076923076925,96.1875,83.0,98.0
0006.996,231.25833333333335,2.0615384615384613,95.0,83.0,98.0
0007.030,229.88888888888889,6.823076923076924,95.0,83.0,98.0
0007.065,226.4625,13.908333333333331,95.0,83.0,98.0
0007.093,230.625,17.4,95.0,83.0,98.0
0007.127,250.6,19.43846153846154,95.0,83.0,98.0
0007.163,282.15,20.477777777777778,95.0,83.0,98.0
0007.199,323.93333333333334,22.4,95.0,83.0,98.0
0007.228,347.82500000000005,25.5,98.75,83.0,97.99999999999999
0007.264,361.4083333333333,28.325000000000003,104.875,83.0,98.0
0007.292,362.76923076923083,30.091666666666665,111.375,83.0,98.0
0007.327,352.3384615384615,59.108333333333334,111.4375,83.0,98.0
0007.363,343.04999999999995,80.80000000000001,109.1875,83.0,98.0
0007.399,327.4333333333333,101.63333333333333,104.9375,83.0,98.0
0007.429,315.43333333333334,96.83333333333334,103.0625,83.0,98.0
0007.466,302.85,92.95384615384616,100.0,83.0,98.0
0007.493,297.525,92.55000000000001,99.0625,83.0,98.0
0007.529,293.1,91.475,99.0,83.0,98.0
0007.560,287.6,90.2,99.0,83.0,98.0
0007.595,278.7,89.575,98.6875,83.0,98.0
0007.632,268.8,88.56923076923077,97.0,83.0,98.0
0007.662,257.9,90.46666666666667,96.5,83.0,98.0
0007.698,249.8625,93.50833333333333,95.25,83.0,98.0
0007.727,239.35000000000002,92.07500000000002,95.0,83.0,98.0
0007.764,231.32500000000002,93.20833333333333,95.0,83.0,98.0
0007.792,222.55,92.45000000000002,95.0,83.0,98.0
0007.829,221.19166666666666,92.575,95.0,83.0,98.0
0007.864,235.6125,93.375,95.0,83.0,98.0
0007.893,263.3615384615385,105.02307692307693,95.0,83.00000000000001,98.0
0007.929,291.3538461538461,153.9375,97.1875,83.0,98.0
0007.964,298.4333333333333,194.2875,101.75,83.0,98.0
0007.995,295.725,218.825,106.9375,83.0,98.0
0008.031,285.55,205.76666666666668,111.0,83.0,98.0
0008.060,274.90000000000003,191.97692307692307,110.625,83.0,98.0
0008.096,263.86153846153843,180.56923076923078,106.375,83.0,98.0
0008.133,253.55,168.9,104.0625,83.0,98.0
0008.162,247.25,160.0,102.25,83.0,98.0
0008.197,238.0,151.36666666666667,100.0625,83.0,98.0
0008.226,226.1,144.1846153846154,99.0,83.0,98.0
0008.260,212.72500000000002,137.0,99.0,83.0,98.0
0008.295,200.8,126.60000000000001,99.0,83.0,98.0
0008.329,188.25384615384615,114.0,98.0,83.0,98.0
0008.363,172.48333333333335,97.33333333333334,97.0,83.0,98.0
0008.399,154.86666666666667,80.98461538461538,96.0,83.0,98.0
0008.430,140.79999999999998,59.96666666666667,95.0,83.0,98.0
0008.466,116.68461538461537,42.044444444444444,95.0,83.0,98.0
0008.494,94.48461538461538,21.80769230769231,95.0,83.0,98.0
0008.531,63.65,2.816666666666667,95.0,83.0,98.0
0008.560,44.516666666666666,-9.024999999999999,95.0,83.0,98.0
0008.595,36.60769230769231,-22.092307692307692,95.0,83.0,98.0
0008.631,29.6,-29.3,95.0,83.0,98.0
0008.659,19.45,-33.71666666666667,96.875,83.0,98.0
0008.696,-10.7,-42.13333333333334,102.5625,83.0,98.0
0008.730,-43.358333333333334,-51.45,110.3125,83.0,98.0
0008.766,-80.70000000000002,-66.4,110.4375,83.0,98.0
0008.795,-109.04615384615386,-77.22500000000001,108.625,83.0,98.0
0008.831,-138.96923076923076,-94.15,105.375,83.0,98.0
0008.861,-176.375,-103.24999999999999,102.5,83.0,97.99999999999999
0008.899,-242.50000000000003,-110.83333333333334,100.125,83.0,98.00000000000001
0008.928,-291.12857142857143,-113.5,99.0,83.0,98.0
0008.963,-358.5,-115.525,99.0,83.0,98.0
0009.000,-407.7666666666667,-120.74444444444444,99.0,83.0,98.0
0009.029,-442.24615384615385,-122.175,99.0,83.0,98.0
0009.065,-485.2,-125.175,97.76470588235294,83.0,98.0
0009.093,-521.3,-125.75,97.0,83.0,98.0
0009.127,-570.1,-126.96666666666667,95.0,83.0,98.0
0009.162,-607.1538461538461,-129.3846153846154,95.0,83.0,98.0
0009.198,-640.6,-126.9,94.4375,82.99999999999999,98.0
0009.225,-657.5,-127.55000000000001,94.0,83.0,97.99999999999999
0009.260,-666.1500000000001,-127.93333333333334,94.4375,83.00000000000001,98.0
0009.296,-654.6,-130.14615384615385,95.0,83.0,98.0
0009.331,-633.85,-130.1,95.0,83.0,98.0
0009.361,-607.8249999999999,-128.4,95.0,83.0,98.0
0009.398,-579.975,-120.10000000000001,99.1875,83.0,98.0
0009.427,-553.0,-115.375,104.625,83.0,98.0
0009.463,-521.1692307692308,-107.375,110.0,83.0,98.0
0009.498,-481.6916666666666,-103.07499999999999,109.6875,83.0,98.0
0009.527,-447.24999999999994,-100.00833333333333,105.93333333333334,83.0,98.0
0009.564,-407.925,-95.03076923076922,103.5625,83.0,98.0
0009.599,-366.625,-89.80769230769232,101.0,83.0,98.0
0009.628,-333.0,-85.0,99.0,83.0,98.00000000000001
0009.662,-293.0083333333333,-77.625,98.0,83.0,98.0
0009.697,-260.42499999999995,-74.32307692307693,99.0,83.0,98.0
0009.727,-233.79999999999998,-69.6923076923077,99.0,83.0,98.0
0009.763,-209.79999999999998,-65.3,98.125,83.0,98.0
0009.797,-177.82500000000002,-59.59166666666666,97.0,83.0,98.0
0009.831,-142.5,-54.63333333333333,96.875,83.0,98.0
0009.860,-113.80000000000001,-52.57692307692308,96.0,83.0,98.0
0009.896,-86.36666666666667,-49.366666666666674,95.0,83.0,98.0
0009.931,-68.96666666666667,-43.8,95.0,83.0,98.0
0009.960,-36.65,-39.733333333333334,95.0,83.0,98.0
0009.997,36.675,-34.637499999999996,95.0,83.0,98.0
0010.032,113.1875,-27.35,95.0,83.0,98.0
0010.063,166.34166666666667,-19.116666666666664,96.0,83.0,98.0
0010.098,195.04999999999998,-9.323076923076924,100.75,83.0,98.0
0010.128,215.35,-2.9000000000000004,105.5,83.0,98.0
0010.166,225.60769230769228,-1.9,110.0,83.0,98.0
0010.196,233.64999999999998,-2.575,110.0,83.0,98.0
0010.233,234.35,-2.2750000000000004,106.6875,82.99999999999999,97.99999999999999
0010.261,233.30769230769232,-0.43846153846153835,103.9375,83.0,98.0
0010.297,228.96923076923076,3.1249999999999996,101.6875,83.0,98.0
0010.332,226.65,7.0,99.5,83.0,98.0
0010.360,226.4,9.253846153846155,99.0,83.0,98.0
0010.395,223.62307692307692,31.1,99.0,83.0,98.0
0010.431,214.2,48.8,99.0,83.0,98.0
0010.460,207.26666666666668,61.525,98.5,83.0,98.0
0010.497,194.1125,60.04166666666666,97.1875,83.0,98.0
0010.532,184.275,59.916666666666664,96.05882352941175,82.99999999999999,98.0
0010.560,177.03076923076924,60.0,95.25,83.0,98.0
0010.595,167.3076923076923,62.224999999999994,95.0,83.0,98.0
0010.630,158.0333333333333,63.19166666666666,95.0,83.0,98.0
0010.663,153.13333333333333,64.14166666666667,95.1875,83.0,98.0
0010.698,168.79166666666666,65.26923076923077,96.0,83.0,98.0
0010.727,193.83846153846156,66.425,96.0,83.0,98.0
0010.762,228.15,71.8,96.375,83.0,98.0
0010.800,252.0,80.48333333333333,99.5,83.0,98.0
0010.828,253.35,86.4,106.0,83.0,98.0
0010.865,254.25555555555553,96.69230769230768,110.8125,83.0,98.0
0010.894,251.8,102.94999999999999,111.0,83.0,98.0
0010.930,251.95,106.96666666666667,108.125,83.0,98.0
0010.965,250.1,107.26666666666667,104.9375,83.0,98.0
0010.992,243.30769230769232,104.48461538461538,103.25,83.0,98.0
0011.026,234.7846153846154,103.4,101.125,83.0,98.0
0011.061,219.2,102.15454545454546,100.0,83.0,98.0
0011.095,210.48461538461538,101.6,100.0,83.0,98.0
0011.130,202.34615384615384,100.32222222222222,99.6875,83.0,98.0
0011.164,192.73333333333332,99.43846153846154,99.0,83.0,98.0
0011.231,170.27499999999998,87.80833333333332,96.375,83.0,98.0
0011.240,169.06666666666666,86.08333333333334,96.0,83.0,98.0
0011.266,160.375,80.32499999999999,96.0,83.0,98.0
0011.298,139.6,72.87692307692308,95.0,83.0,98.0
0011.332,114.74615384615385,64.84615384615384,95.0,83.0,98.0
0011.366,90.00000000000001,52.1625,95.0,83.0,98.0
0011.398,82.60000000000001,38.8,95.0625,83.0,98.0
0011.428,82.55555555555556,23.93076923076923,96.0,83.0,98.0
0011.460,81.81428571428572,8.75,96.0,83.0,98.0
0011.500,76.525,-4.466666666666667,98.4375,83.0,98.0
0011.532,68.475,-12.775000000000002,105.3125,83.01068702290077,98.0
0011.565,49.025,-22.474999999999998,109.5,83.06106870229009,98.0
0011.598,29.244444444444447,-31.330769230769228,111.0,83.11145038167939,98.00000000000001
0011.630,2.633333333333333,-41.074999999999996,107.4375,83.16030534351145,98.0
0011.661,-22.858333333333334,-48.98333333333333,105.5,83.20763358778626,98.0
0011.693,-53.67692307692308,-56.1,102.5,83.25648854961833,98.0
0011.733,-89.73333333333333,-58.766666666666666,100.0,83.3175572519084,98.0
0011.764,-116.1,-60.22500000000001,99.0,83.3648854961832,98.0
0011.796,-151.25,-61.6875,99.0,83.41374045801527,98.0
0011.828,-199.35384615384615,-65.64444444444443,99.0,83.46259541984733,98.0
0011.861,-256.875,-68.425,98.0,83.51297709923665,98.0
0011.893,-318.15000000000003,-71.5,97.9375,83.5618320610687,98.0
0011.932,-387.0666666666666,-82.30000000000001,95.75,83.62137404580153,98.0
0011.963,-428.5153846153846,-90.99230769230769,95.0,83.66870229007634,98.0
0011.995,-473.3307692307692,-98.36666666666667,95.0,83.71755725190839,98.0
0012.026,-512.9,-99.83333333333334,94.0,83.7648854961832,98.0
0012.067,-583.7,-97.25,94.0,83.82748091603052,98.0
0012.099,-617.925,-99.85384615384615,95.0,83.8763358778626,98.0
0012.132,-635.5692307692307,-102.86666666666667,95.0,83.9267175572519,98.0
0012.164,-635.5583333333334,-106.05,95.0,83.97557251908398,98.0
0012.197,-634.7666666666667,-106.3625,96.0625,84.0,97.99999999999999
0012.228,-634.0583333333334,-104.775,99.0,84.0,98.0
0012.260,-637.1076923076923,-102.9,106.0,84.0,97.99999999999999
0012.298,-641.209090909091,-101.46666666666667,110.33333333333334,84.0,98.0
0012.329,-645.1363636363637,-101.45,109.6875,84.0,98.0
0012.360,-642.25,-101.83333333333333,107.75,84.0,98.0
0012.401,-632.5333333333334,-101.2,104.375,84.0,98.0
0012.433,-623.4769230769231,-97.4,102.1875,84.0,98.0
0012.465,-607.3307692307693,-91.16666666666666,100.1875,84.0,98.0
0012.497,-585.0,-87.91666666666667,99.0,84.0,98.0
0012.529,-559.5250000000001,-81.99230769230769,99.0,84.0,98.00000000000001
0012.561,-535.1555555555556,-79.87777777777777,100.0,84.0,98.0
0012.593,-514.725,-74.5,99.0,84.0,98.0
0012.632,-488.5666666666667,-67.73333333333333,98.0,84.0,98.0
0012.663,-468.7333333333333,-60.5,96.8125,84.0,98.0
0012.695,-448.05384615384617,-53.86666666666667,96.0,84.0,98.0
0012.727,-425.425,-47.68333333333334,95.0,84.0,98.0
0012.760,-405.24999999999994,-42.50833333333333,95.0,84.0,98.0
0012.801,-350.4416666666666,-38.675,95.0,84.0,98.0
0012.833,-281.1666666666667,-36.483333333333334,96.0,84.0,98.0
0012.866,-192.56923076923078,-32.86666666666667,96.0,84.0,98.0
0012.898,-119.48461538461538,-28.20769230769231,96.0,84.0,98.00000000000001
0012.930,-62.01538461538461,-21.650000000000002,97.875,84.0,98.0
0012.962,-23.033333333333335,-16.8,101.75,84.0,98.0
0012.995,11.383333333333333,-12.6,108.875,84.0,98.0
0013.026,42.01538461538462,-9.7625,110.875,84.0,98.0
0013.064,77.3,-9.3,107.75,84.0,98.0
0013.095,100.6,-9.416666666666666,105.8125,84.0,98.0
0013.126,130.35384615384615,-8.5,101.875,84.0,98.0
0013.166,164.2,-6.3538461538461535,100.375,84.0,98.0
0013.199,183.375,-3.6,99.0,84.0,98.0
0013.231,191.425,-0.6125,99.0,84.0,98.0
0013.263,197.0,3.7,99.0,84.0,98.0
0013.296,200.34615384615387,7.833333333333333,99.0,84.0,98.0
0013.328,200.10769230769233,12.166666666666668,98.0,84.0,98.0
0013.368,203.75,13.974999999999998,96.0,84.0,98.0
0013.397,207.08333333333334,15.925,95.0,84.0,98.0
0013.428,208.43333333333334,16.646153846153844,94.9375,84.0,98.0
0013.460,201.86666666666665,16.25,94.0,84.0,98.0
0013.501,186.29166666666666,18.28333333333333,94.625,84.0,98.0
0013.533,183.9,19.65,95.0,84.0,98.0
0013.565,200.0125,22.807692307692307,95.0,84.0,98.0
0013.597,230.6125,38.65384615384615,95.0,83.99999999999999,97.99999999999999
0013.629,267.425,61.95,95.625,84.0,98.0
0013.662,291.425,85.6,97.6875,84.0,98.0
0013.693,298.5,101.25,104.76470588235293,84.0,98.0
0013.735,299.48749999999995,92.86153846153846,111.25,84.0,98.0
0013.768,287.5555555555556,86.1,110.73333333333333,84.0,98.0
0013.800,279.17499999999995,80.28461538461538,108.6875,84.0,98.0
0013.832,266.6666666666667,79.0,106.5,84.0,98.0
0013.864,254.53076923076924,80.0,103.0,84.0,98.0
0013.896,242.14999999999998,81.4,101.75,84.0,98.0
0013.929,232.83333333333334,82.5,99.6875,84.0,98.0
0013.961,221.225,82.04166666666666,99.0,84.0,98.0
0014.003,217.1,80.36666666666667,99.0,84.0,98.0
0014.027,212.09999999999997,78.95,99.0,84.0,98.0
0014.068,202.55,78.36666666666667,98.0,84.0,98.0
0014.099,191.9,80.65,96.0625,84.0,98.0
0014.131,187.07500000000002,82.65,95.0625,84.0,98.0
0014.163,178.9153846153846,86.55384615384615,95.0,84.0,98.0
0014.193,175.1,86.15,95.0,84.0,98.00000000000001
0014.232,163.625,87.3,95.0,84.0,98.0
0014.264,155.65,84.575,95.0,84.0,98.0
0014.295,155.86923076923077,81.86923076923077,95.0,84.0,98.0
0014.326,168.25,75.66666666666667,95.0,84.0,98.0
0014.367,196.75,68.80000000000001,95.0,84.0,98.0
0014.400,211.5,57.7,97.5,84.0,98.0
0014.432,215.52499999999998,46.925000000000004,105.25,84.0,98.0
0014.464,205.2923076923077,32.61538461538461,109.5,84.0,98.0
0014.496,186.43333333333334,16.7,111.25,84.0,98.0
0014.528,171.875,4.666666666666666,109.25,84.0,98.0
0014.560,151.9,-4.8999999999999995,107.25,84.0,98.0
0014.600,121.25384615384615,-15.600000000000001,102.75,84.0,98.0
0014.631,81.69999999999999,-23.022222222222222,101.0,84.0,98.0
0014.665,41.925000000000004,-30.2,99.6875,84.0,98.0
0014.697,3.4999999999999996,-33.81666666666667,99.0,84.0,98.0
0014.729,-33.05555555555556,-37.833333333333336,99.0,84.0,98.0
0014.762,-63.96666666666667,-41.207692307692305,98.625,84.0,98.0
0014.795,-103.65,-44.2,98.0,84.0,98.0
0014.828,-150.33333333333334,-49.18333333333334,96.5,84.0,98.0
0014.860,-205.25,-54.13333333333333,95.5,83.99205561072493,98.0
0014.894,-268.73846153846154,-57.42307692307692,95.0,83.95829195630586,98.0
0014.927,-324.6583333333333,-59.192307692307686,94.0,83.92552135054618,98.0
0014.968,-385.5625,-61.7,94.25,83.88480635551142,98.0
0015.000,-427.1,-64.45,95.0,83.85302879841112,98.0
0015.032,-453.46923076923076,-67.0875,95.0,83.82125124131082,97.99999999999999
0015.064,-474.4333333333334,-68.82499999999999,95.0,83.78947368421052,98.0
0015.095,-489.80000000000007,-69.6,95.0,83.7586891757696,98.0
0015.127,-508.16666666666663,-68.9,96.1875,83.7269116186693,98.0
0015.159,-540.3461538461538,-66.53333333333333,101.5625,83.69513406156902,98.0
0015.200,-581.3846153846155,-70.86153846153846,108.25,83.65441906653426,98.0
0015.231,-612.4769230769231,-77.16666666666667,111.6875,83.62363455809336,98.0
0015.263,-633.1166666666667,-84.74166666666667,110.3125,83.59185700099304,98.0
0015.293,-650.0111111111112,-87.43333333333334,107.4375,83.56206554121152,98.0
0015.333,-667.3625,-89.94444444444446,102.875,83.52234359483614,98.0
0015.365,-690.9666666666666,-90.475,100.93333333333334,83.49056603773585,98.0
0015.397,-710.3,-91.9,99.0,83.45878848063555,98.0
0015.430,-718.5,-91.275,99.0,83.42601787487587,98.0
0015.463,-719.9,-90.72222222222221,99.0,83.39324726911619,98.0
0015.495,-710.3,-89.6,99.0,83.36146971201589,98.0
0015.527,-697.1666666666666,-87.95833333333333,98.0,83.32969215491559,98.0
0015.572,-672.2666666666667,-82.9125,96.9375,83.2850049652433,98.0
0015.597,-649.9250000000001,-79.425,96.0,83.26017874875869,98.0
0015.628,-621.3538461538462,-74.83846153846153,95.4375,83.22939424031777,98.0
0015.660,-587.2,-68.575,95.0,83.19761668321748,98.0
0015.701,-542.325,-61.25,95.0,83.15690168818271,98.0
0015.731,-501.4,-57.5,95.0,83.1271102284012,98.0
0015.762,-453.1333333333333,-52.733333333333334,95.0,83.09632571996028,98.0
0015.794,-396.1,-46.025000000000006,95.0,83.06454816285998,98.0
0015.826,-338.37692307692305,-37.03333333333333,95.0,83.03277060575968,98.0
0015.867,-264.8,-27.161538461538463,98.5,83.0,98.0
0015.900,-206.4,-24.6,103.6875,83.0,98.0
0015.931,-162.45000000000002,-25.8,108.0,83.0,98.0
0015.963,-124.925,-23.43076923076923,110.5,83.0,98.0
0015.995,-85.59230769230771,-22.00769230769231,108.5,83.0,98.0
0016.027,-55.46666666666667,-17.366666666666667,104.5,83.0,98.0
0016.068,-13.7,-13.424999999999999,100.9375,83.0,98.0
0016.099,14.333333333333336,-10.3,100.0,83.0,98.0
0016.132,40.592307692307685,-7.833333333333334,98.0,83.0,98.0
0016.165,69.49166666666666,-5.876923076923077,99.0,83.0,98.0
0016.198,95.54545454545456,-3.666666666666667,99.0,83.0,97.99999999999999
0016.230,122.08333333333333,-1.1333333333333335,98.0,83.0,98.0
0016.261,136.37692307692308,4.566666666666667,97.0,83.0,98.0
0016.293,152.64444444444445,8.708333333333332,96.0,83.0,98.0
0016.333,180.19230769230768,12.884615384615385,95.0,83.0,98.0
0016.366,197.9083333333333,15.049999999999999,95.0,83.0,98.0
0016.399,208.40000000000003,17.625,95.0,83.0,98.0
0016.433,215.06666666666666,22.125000000000004,95.0,83.0,98.0
0016.466,230.3,24.455555555555556,95.0,83.0,98.0
0016.498,258.8,26.275,95.0,83.0,98.0
0016.529,295.26666666666665,25.35,95.0,83.0,98.0
0016.562,331.38461538461536,24.633333333333333,95.0,83.0,97.99999999999999
0016.595,353.65,25.46923076923077,99.11764705882352,83.0,98.0
0016.628,361.7666666666667,24.06666666666667,104.1875,83.0,98.0
0016.660,363.125,24.049999999999997,109.0,83.0,98.0
0016.693,356.2538461538461,21.250000000000004,112.0,83.0,98.0
0016.732,344.66923076923075,20.907692307692308,109.875,83.0,98.0
0016.765,327.24615384615385,21.783333333333335,106.375,83.0,98.0
0016.799,317.83846153846156,22.416666666666668,104.25,83.0,98.0
0016.831,310.1,24.074999999999996,102.0,83.0,98.0
0016.863,305.625,31.9125,101.0,83.0,98.0
0016.894,300.8923076923077,54.02307692307693,101.0,83.0,98.0
0016.927,291.0333333333333,75.60000000000001,101.0,83.0,98.0
0016.967,270.0,95.99166666666667,98.75,83.0,98.0
0016.997,242.4,85.76666666666667,96.875,83.0,98.0
0017.030,205.13333333333333,72.71538461538461,95.0,83.0,98.0
0017.062,165.26666666666668,57.93333333333334,93.8125,83.0,98.0
0017.095,125.4,44.43333333333334,93.0,83.0,98.0
0017.127,77.15833333333333,32.574999999999996,92.0,83.0,98.0
0017.168,-12.399999999999999,20.763636363636365,92.0,83.0,98.0
0017.202,-98.275,7.933333333333333,93.0,82.99999999999999,98.0
0017.235,-166.86923076923077,-2.7416666666666667,94.0,83.0,98.0
0017.268,-224.9,-14.692307692307693,95.0,83.0,98.0
0017.301,-267.7,-24.950000000000003,95.1875,83.0,98.0
0017.334,-324.7,-33.275000000000006,98.5,83.0,98.0
0017.367,-387.8,-46.325,104.9375,83.0,98.0
0017.398,-446.9375,-55.47777777777778,112.25,83.0,98.0
0017.429,-486.6875,-61.60000000000001,112.99999999999999,83.0,98.0
0017.461,-507.0,-67.08333333333333,110.8125,83.0,98.0
0017.493,-510.825,-68.59230769230768,107.8125,83.0,98.0
0017.526,-508.7,-69.46666666666667,105.75,83.0,98.00000000000001
0017.565,-496.2833333333333,-65.93333333333334,103.0,83.0,98.0
0017.598,-485.15,-59.0,102.0,83.0,98.0
0017.629,-467.1153846153846,-53.43333333333334,101.0,83.0,98.0
0017.661,-449.8,-45.93076923076923,99.3125,83.0,98.0
0017.700,-429.69999999999993,-39.22307692307692,96.875,83.0,98.0
0017.731,-414.0,-32.65,95.0,83.0,98.0
0017.762,-393.9769230769231,-30.7,94.0,83.0,98.0
0017.793,-367.1384615384615,-29.138461538461534,93.0,83.0,98.0
0017.835,-316.25384615384615,-25.38888888888889,93.0,83.0,98.0
0017.865,-278.525,-22.416666666666664,93.4375,83.0,98.0
0017.896,-234.99166666666667,-19.05,94.375,83.0,98.0
0017.929,-183.85833333333332,-16.8,94.5625,83.0,98.0
0017.960,-133.52499999999998,-14.3,93.66666666666667,83.0,98.0
0018.002,-72.76153846153845,-11.766666666666667,93.0,83.0,98.0
0018.036,-47.375,-11.392307692307693,96.23529411764706,83.0,98.0
0018.069,-32.4,-12.6,101.26666666666667,83.0,98.0
0018.101,-25.975,-13.716666666666665,106.0,83.0,98.0
0018.132,-13.125,-12.475,104.875,83.0,98.0
0018.164,10.433333333333334,-12.1,102.875,83.0,98.0
0018.195,26.599999999999998,-10.7125,99.0,83.0,97.99999999999999
0018.226,40.03333333333334,-13.45,98.0,83.00000000000001,98.0
0018.266,45.1,-15.5,96.0,83.0,98.0
0018.297,38.49230769230769,-15.57777777777778,96.0,83.0,98.0
0018.329,26.284615384615382,-14.075000000000001,96.0,83.0,98.0
0018.360,12.400000000000002,-11.649999999999999,97.0,83.0,98.0
0018.399,-7.333333333333334,-12.466666666666669,97.0,83.0,98.0
0018.432,-17.184615384615384,-10.615384615384615,96.0,83.0,98.0
0018.465,-19.55,-10.623076923076923,95.0625,83.0,98.0
0018.498,-4.925000000000001,-7.6499999999999995,95.0,83.0,98.0
0018.530,7.3,-3.3666666666666663,95.0,82.99999999999999,98.0
0018.562,26.91111111111111,4.561538461538461,94.0,83.00000000000001,98.0
0018.594,50.125,10.669230769230769,95.0,83.0,97.99999999999999
0018.633,95.00833333333333,15.007692307692308,95.0,83.0,98.0
0018.667,140.61666666666667,17.166666666666668,96.0,83.0,98.0
0018.700,185.51666666666665,21.56666666666667,96.0,83.0,98.0
0018.734,213.57692307692307,24.425,98.5,83.0,98.0
0018.767,230.8,27.123076923076923,106.4375,83.0,98.0
0018.801,248.275,27.9375,111.8125,83.0,98.0
0018.835,258.2,27.25,113.9375,83.0,98.0
0018.868,267.75000000000006,25.9,111.875,83.0,98.0
0018.902,267.59999999999997,24.176923076923075,107.75,83.00000000000001,98.0
0018.934,270.34999999999997,23.891666666666666,105.75,83.0,98.0
0018.968,262.7307692307692,23.48333333333333,103.625,83.0,97.99999999999999
0019.001,255.93333333333334,25.123076923076923,101.0,83.0,98.0
0019.032,248.1,26.366666666666667,101.0,83.0,98.0
0019.064,234.81666666666666,26.0,100.625,83.0,98.0
0019.095,223.63333333333333,25.799999999999997,100.0,83.0,98.0
0019.126,214.25,24.6,99.0,83.0,98.0
0019.167,201.25,24.300000000000004,98.0,83.0,98.0
0019.200,181.35000000000002,24.2,97.0,83.0,98.0
0019.234,141.0625,22.5125,96.0,83.0,98.0
0019.268,94.78888888888889,16.0,96.0,83.0,98.0
0019.301,56.6,7.177777777777777,96.0,83.0,98.0
0019.334,28.074999999999996,-1.5333333333333334,96.0,83.0,98.0
0019.366,4.533333333333333,-8.6,96.0,83.0,98.0
0019.397,-18.75,-13.066666666666666,96.0,83.0,98.0
0019.428,-55.41538461538462,-18.284615384615385,97.25,83.0,98.0
0019.460,-97.7,-24.9,104.375,83.0,98.0
0019.499,-161.25,-34.56666666666666,110.5625,83.0,98.0
0019.533,-219.28333333333333,-41.3,112.0,83.0,98.0
0019.567,-278.94444444444446,-46.56153846153846,109.1875,82.99999999999999,98.0
0019.602,-345.1875,-50.7,106.0,83.0,98.0
0019.635,-394.675,-52.25,102.9375,83.0,98.0
0019.669,-436.2,-55.36666666666667,101.0,83.0,98.00000000000001
0019.703,-469.8333333333333,-56.775,100.0,83.0,98.0
0019.728,-487.09999999999997,-58.9,100.0,83.0,97.99999999999999
0019.768,-505.54166666666663,-58.99166666666666,100.0,83.0,98.0
0019.801,-517.25,-59.50833333333333,99.0,83.0,98.0
0019.834,-518.9615384615383,-56.949999999999996,98.0,83.0,98.0
0019.865,-514.8846153846154,-54.88461538461539,97.0,83.0,98.0
0019.896,-506.35,-48.96666666666667,96.0,83.0,98.0
0019.928,-494.03846153846155,-43.6,96.0,83.0,98.0
0019.968,-483.1461538461539,-38.85,96.0,83.0,98.0
0020.001,-471.54166666666663,-36.04615384615384,96.0,83.0,98.0
0020.033,-452.1,-32.96666666666667,96.0,83.0,98.0
0020.066,-425.7,-30.26666666666667,96.0,83.0,98.0
0020.098,-400.2,-25.984615384615385,97.0,83.0,98.0
0020.131,-378.0,-22.883333333333333,100.19999999999999,83.0,98.0
0020.163,-362.7,-20.925,105.375,83.0,98.0
0020.195,-354.7538461538461,-20.533333333333335,111.0,83.05357142857143,98.0
0020.226,-348.4583333333333,-19.53076923076923,110.9375,83.14583333333333,98.0
0020.266,-340.7,-17.015384615384615,107.46666666666667,83.26488095238095,98.0
0020.299,-339.2,-16.700000000000003,104.82352941176471,83.36309523809524,98.0
0020.331,-333.23333333333335,-13.638461538461538,102.375,83.45833333333334,98.0
0020.363,-327.4,-15.0,100.0,83.55357142857143,98.0
0020.396,-319.03333333333336,-14.023076923076923,99.0,83.65178571428572,98.0
0020.428,-311.85,-15.7,99.0,83.74702380952381,98.0
0020.462,-309.35833333333335,-15.649999999999999,99.0,83.84821428571428,98.0
0020.496,-308.0,-16.616666666666667,98.0625,83.94940476190476,98.0
0020.529,-310.53076923076924,-15.176923076923076,97.0,84.0,98.0
0020.560,-306.78333333333336,-14.15,96.0,83.99999999999999,98.0
0020.600,-301.0,-11.2,94.5625,84.0,98.00000000000001
0020.635,-297.1769230769231,-9.733333333333333,94.0,84.0,98.0
0020.673,-295.6,-10.366666666666667,94.0,84.0,98.0
0020.699,-287.5,-10.461538461538462,94.0,84.0,98.0
0020.731,-269.2538461538462,-11.236363636363635,94.0,84.0,98.0
0020.763,-239.4,-11.016666666666666,94.53333333333333,84.0,98.0
0020.797,-198.1777777777778,-8.65,95.0,84.0,98.0
0020.830,-157.8153846153846,-6.438461538461539,99.25,84.0,98.0
0020.862,-121.60833333333333,-2.675,104.25,84.0,98.0
0020.894,-90.8,0.08333333333333331,109.5,84.0,98.00000000000001
0020.935,-41.0,3.6666666666666665,110.6875,84.0,98.0
0020.968,-8.923076923076923,7.169230769230769,108.625,84.0,98.00000000000001
0020.999,22.666666666666668,7.824999999999999,105.6875,84.0,98.0
0021.031,37.95,9.266666666666666,103.6875,84.0,98.0
0021.063,35.45833333333333,10.5375,100.6875,84.0,98.0
0021.094,31.599999999999998,11.549999999999999,100.0,84.0,98.0
0021.133,19.183333333333334,14.277777777777779,100.0,84.0,98.0
0021.165,12.525,14.466666666666665,100.0,84.0,98.0
0021.198,0.6250000000000001,14.05,99.0,84.0,98.0
0021.231,-6.066666666666666,14.241666666666667,98.0,84.0,98.0
0021.263,-5.65,13.384615384615383,97.0,84.0,98.0
0021.295,-4.477777777777778,14.3,96.06451612903226,84.0,98.0
0021.326,-3.15,14.692307692307693,95.0,84.0,98.0
0021.367,0.6,13.407692307692308,95.0,84.0,98.0
0021.400,18.30833333333333,12.474999999999998,95.0,84.0,98.0
0021.431,46.824999999999996,11.55,95.0,84.0,98.0
0021.464,97.83846153846153,12.177777777777779,95.0,84.0,98.0
0021.495,149.63333333333333,15.200000000000001,95.0,84.0,98.0
0021.526,191.0,18.4,96.3125,84.0,98.00000000000001
0021.566,221.625,22.325000000000003,104.4375,84.0,98.0
0021.600,228.85,23.9,109.875,84.0,98.0
0021.632,225.86923076923077,21.02307692307692,112.0,84.0,98.0
0021.665,223.2,20.3,110.0,84.0,98.0
0021.698,220.15,19.6,105.9375,84.0,98.0
0021.730,218.14166666666665,19.18333333333333,103.9375,84.0,98.0
0021.763,203.5076923076923,17.184615384615388,101.875,84.0,98.0
0021.794,194.0,15.75,99.9375,84.0,98.0
0021.833,175.05,16.06923076923077,98.5,84.0,98.0
0021.866,165.9,17.1,98.0,84.0,98.0
0021.899,150.46666666666664,17.866666666666667,98.0,84.0,98.0
0021.933,138.4,18.123076923076923,97.0,84.0,98.0
0021.965,123.875,16.591666666666665,95.25,84.0,98.0
0021.999,108.80000000000001,15.100000000000001,95.0,84.0,98.0
0022.032,98.48461538461538,13.549999999999999,94.0,84.0,98.0
0022.065,81.8076923076923,12.975000000000001,94.0,84.0,98.0
0022.098,63.383333333333326,14.692307692307692,94.0,84.0,98.0
0022.130,49.2,14.816666666666666,94.0,84.0,98.0
0022.163,54.50000000000001,13.116666666666665,94.0,84.0,98.0
0022.197,81.66153846153847,12.5,94.0,84.05952380952381,98.0
0022.230,107.05,12.084615384615386,94.0,84.1577380952381,98.0
0022.264,121.75833333333333,13.833333333333332,96.875,84.25892857142857,98.0
0022.296,125.9,13.9,102.3125,84.35416666666666,98.0
0022.326,119.08461538461539,13.533333333333333,107.625,84.44345238095238,98.0
0022.366,114.3875,13.366666666666667,112.0,84.5625,98.0
0022.399,103.425,12.2625,110.125,84.66071428571428,98.0
0022.430,101.3125,11.8125,107.1875,84.75297619047619,98.0
0022.462,97.82222222222222,11.399999999999999,105.1875,84.84821428571429,98.0
0022.495,98.95384615384616,10.35,103.125,84.94642857142857,98.0
0022.527,99.43333333333334,7.946153846153846,100.125,85.0,98.0
0022.567,96.94166666666666,5.175000000000001,99.0,85.0,98.0
0022.598,92.21538461538461,1.5333333333333332,99.0,85.0,98.0
0022.631,75.96153846153847,-7.083333333333334,98.0,85.0,98.0
0022.663,48.525000000000006,-14.2,96.625,85.0,98.0
0022.694,16.223076923076924,-20.3,95.75,85.0,98.0
0022.726,-17.84166666666667,-25.225,94.75,85.0,98.0
0022.768,-53.95,-30.6,94.0,85.0,98.0
0022.801,-82.56153846153845,-34.8,94.0,85.0,98.0
0022.833,-111.03333333333333,-37.6,94.0,85.0,98.0
0022.866,-135.1,-37.3,94.0,85.0,97.99999999999999
0022.898,-152.98333333333335,-37.849999999999994,94.0,85.00000000000001,98.0
0022.929,-149.6,-39.06666666666666,94.0,85.0,98.0
0022.962,-141.4,-38.2,94.0,85.0,98.0
0022.994,-130.20833333333334,-36.93333333333333,95.0625,85.0,98.0
0023.028,-114.71538461538462,-33.4,98.5625,85.0,98.0
0023.060,-101.0,-30.276923076923076,107.35294117647058,85.0,98.0
0023.102,-84.175,-26.883333333333333,111.8125,85.0,98.0
0023.133,-77.5,-25.099999999999998,111.25,85.0,98.0
0023.164,-70.06666666666666,-22.5,108.3125,85.0,98.0
0023.196,-67.0,-18.6,105.625,85.0,98.0
0023.228,-62.9,-15.407692307692306,102.3125,85.0,98.0
0023.261,-64.7,-12.533333333333333,101.0,85.0,98.0
0023.294,-65.0,-9.75,99.1875,85.0,98.0
0023.336,-67.475,-7.191666666666666,99.0,85.0,98.0
0023.359,-69.8,-6.6000000000000005,99.0,85.0,98.0
0023.400,-76.4,-6.26923076923077,98.0,85.0,98.0
0023.432,-84.35,-6.7875,97.0,85.0,98.0
0023.466,-92.15,-7.775,96.0,85.0,98.0
0023.498,-94.63076923076923,-10.8625,95.0,85.0,98.0
0023.531,-93.75,-11.122222222222224,95.0,85.0,98.0
0023.563,-97.75,-10.862499999999999,94.0,85.0,98.0
0023.595,-99.375,-7.6,94.0,85.0,98.0
0023.627,-99.74166666666665,-7.233333333333333,94.0,85.0,98.0
0023.668,-77.99230769230769,-6.025,94.0,85.0,98.0
0023.699,-49.96666666666667,-5.661538461538461,93.125,85.0,98.0
0023.730,-11.65,-3.4846153846153847,94.0625,85.0,98.0
0023.762,28.891666666666666,-1.45,96.125,85.0,98.0
0023.802,69.4,0.9333333333333333,105.6875,85.0,98.0
0023.834,84.6,4.461538461538462,110.125,85.0,98.0
0023.868,86.76153846153846,7.311111111111111,110.25,84.96261682242991,98.0
0023.903,89.25454545454546,10.3,108.0625,84.85358255451713,98.0
0023.935,89.075,9.450000000000001,105.125,84.75389408099689,98.0
0023.968,94.26666666666667,8.533333333333333,102.05882352941177,84.65109034267913,98.0
0024.001,100.57500000000002,6.4,101.0,84.54828660436138,98.0
0024.035,114.2,6.75,99.0,84.4423676012461,98.0
0024.068,134.9,5.916666666666667,99.0,84.33956386292834,98.0
0024.100,155.5,6.130769230769231,98.0,84.2398753894081,98.0
0024.131,168.70000000000002,6.366666666666666,97.875,84.14330218068535,98.0
0024.164,176.83333333333331,7.066666666666666,96.8125,84.04049844236759,98.0
0024.196,182.59230769230768,7.0,95.0,83.99999999999999,97.99999999999999
0024.228,185.625,7.7384615384615385,94.0,84.0,98.0
0024.260,193.8,6.633333333333333,94.0,84.0,98.0
0024.299,200.35000000000002,8.6,94.0,84.0,98.0
0024.331,201.975,6.975,94.0,84.0,98.0
0024.364,188.05384615384614,9.641666666666666,94.0,84.0,98.0
0024.397,173.65000000000003,9.0,94.0,84.0,98.0
0024.429,166.1583333333333,9.316666666666666,94.0,84.0,98.0
0024.463,183.56666666666666,8.133333333333333,94.0,84.0,98.0
0024.496,203.85,9.833333333333334,94.0,84.0,98.0
0024.529,218.725,11.900000000000002,97.1875,83.94940476190476,97.99999999999999
0024.560,216.39999999999998,14.116666666666667,103.0,83.85714285714286,98.0
0024.602,205.67499999999998,16.266666666666666,111.625,83.73214285714286,98.0
0024.635,200.225,17.1,112.3125,83.63392857142857,98.0
0024.669,195.84615384615384,16.308333333333334,109.1875,83.5327380952381,98.0
0024.701,192.21666666666667,14.823076923076924,106.1875,83.4375,98.0
0024.732,178.65,12.075,104.25,83.3452380952381,98.0
0024.764,162.20000000000002,12.733333333333334,102.0,83.25,98.0
0024.797,146.94615384615383,12.753846153846155,100.1875,83.15178571428572,98.0
0024.828,133.9,13.125,99.0,83.05952380952381,98.0
0024.860,124.21666666666667,11.899999999999999,99.0,83.0,98.0
0024.902,110.80833333333334,9.575,98.0,83.0,98.0
0024.926,100.74615384615385,9.533333333333333,97.125,83.0,98.0
0024.966,77.88333333333334,11.775,96.0,83.0,98.0
0024.997,66.1,15.076923076923077,95.0,83.0,98.0
0025.029,57.9,15.333333333333334,94.0,83.0,98.0
0025.060,50.512499999999996,14.3875,94.0,83.0,98.0
0025.100,45.9,10.5,94.0,83.0,98.0
0025.132,41.2,10.853846153846154,94.0,83.0,98.0
0025.163,42.775000000000006,11.566666666666666,94.0,83.0,98.0
0025.197,58.62499999999999,13.5375,94.0,82.96130952380953,98.00000000000001
0025.228,77.1076923076923,15.425,94.0,82.86904761904762,98.0
0025.267,126.1,19.025,94.0,82.75297619047619,98.0
0025.298,162.13333333333333,22.646153846153844,97.125,82.66071428571429,98.0
0025.331,188.1,25.133333333333333,102.5625,82.5625,98.0
0025.364,208.72307692307695,25.5,108.5,82.46428571428572,98.0
0025.396,210.0,22.599999999999998,112.0,82.36904761904762,98.0
0025.427,203.56666666666666,21.253846153846155,110.625,82.27678571428572,98.0
0025.460,197.59999999999997,19.416666666666668,106.75,82.17857142857143,98.0
0025.501,184.8,18.616666666666667,104.1875,82.05654761904762,98.0
0025.533,183.46153846153845,17.025,102.1875,82.0,98.00000000000001
0025.566,176.56666666666666,16.066666666666666,100.0,82.0,98.00000000000001
0025.600,168.26666666666665,14.728571428571428,100.0,82.0,97.99999999999999
0025.632,160.63333333333333,13.15,99.0,82.0,98.0
0025.664,156.82500000000002,12.125,99.0,82.0,98.0
0025.695,155.0666666666667,12.4125,98.0,82.0,98.0
0025.728,152.76666666666668,14.45,96.0,82.0,98.0
0025.760,144.875,17.8875,95.0,82.0,98.0
0025.800,126.95,17.133333333333333,95.0,82.0,98.0
0025.831,113.26666666666667,14.600000000000001,95.0,82.0,98.0
0025.862,103.575,10.361538461538462,95.0,81.99999999999999,98.0
0025.893,96.85,10.333333333333332,95.0,82.0,98.0
0025.935,92.86666666666667,12.033333333333333,95.0,82.0,98.0
0025.967,103.725,13.325,95.0,82.0,98.0
0025.998,125.41538461538462,13.038461538461538,95.0,82.0,98.0
0026.031,157.3,12.5,95.0,82.0,98.0
0026.063,185.9083333333333,16.133333333333333,95.9375,82.0,98.0
0026.094,204.96153846153845,26.075,99.75,82.0,98.0
0026.127,212.6,51.35,107.8125,82.0,98.0
0026.173,212.97692307692307,79.56666666666666,110.0,82.0,98.0
0026.200,216.275,92.0125,108.52941176470588,81.92857142857143,98.0
0026.232,225.175,84.5,106.5,81.83333333333334,98.0
0026.266,230.0222222222222,78.8125,103.375,81.73214285714286,98.0
0026.297,225.37499999999997,74.71538461538461,101.4375,81.63988095238096,98.0
0026.329,224.02499999999998,72.17499999999998,100.0,81.54464285714286,98.0
0026.361,231.16666666666666,71.06666666666666,99.0,81.44940476190476,98.0
0026.395,244.7,68.55,99.0,81.34821428571428,98.0
0026.428,268.7,65.01538461538462,99.0,81.25,98.0
0026.459,285.5666666666667,64.35,98.0,81.1577380952381,98.0
0026.498,294.1769230769231,64.16923076923077,96.8235294117647,81.04166666666667,98.0
0026.531,291.3666666666667,66.94999999999999,95.0,81.0,98.0
0026.563,280.6,68.91538461538461,95.0,81.0,98.0
0026.595,275.70000000000005,70.45,94.0,81.0,98.0
0026.627,264.8,67.925,94.0,81.0,98.0
0026.659,244.8142857142857,66.32307692307693,94.0,81.0,98.0
0026.699,207.7846153846154,61.5,94.0,81.0,98.0
0026.730,174.6,54.25,95.0,81.0,98.0
0026.762,141.93846153846152,43.925,95.0,81.0,98.0
0026.794,105.30833333333332,32.6,95.0,81.0,98.0
0026.827,67.53333333333333,19.80769230769231,95.0,81.0,98.0
0026.868,20.3375,8.325000000000001,99.75,80.94047619047619,98.0
0026.898,-10.7,-1.3,105.375,80.85119047619048,97.99999999999999
0026.930,-44.56153846153846,-8.708333333333332,111.125,80.75595238095238,98.0
0026.961,-71.43333333333332,-14.575,110.9375,80.66369047619048,98.0
0026.992,-94.63333333333333,-20.046153846153846,109.0,80.57142857142857,98.0
0027.032,-128.1,-25.775,104.5,80.45238095238095,98.0
0027.064,-154.85,-28.35,102.0,80.35714285714286,98.0
0027.097,-181.1769230769231,-29.75,99.4375,80.25892857142857,98.0
0027.129,-204.8166666666667,-32.284615384615385,99.0,80.16369047619048,98.0
0027.163,-228.2,-35.849999999999994,99.0,80.0625,98.0
0027.198,-252.04999999999998,-39.59166666666666,99.0,80.0,98.0
0027.231,-272.6888888888889,-40.208333333333336,99.0,80.0,98.0
0027.263,-295.3875,-40.02307692307692,97.0625,80.0,98.0
0027.295,-316.2,-39.27692307692308,96.0625,80.0,98.0
0027.326,-331.0,-42.13333333333333,95.0,80.0,98.0
0027.366,-338.73333333333335,-46.074999999999996,94.625,80.0,98.0
0027.398,-346.26666666666665,-48.68461538461539,94.0,80.0,98.0
0027.430,-350.6333333333333,-48.176923076923075,95.0,80.0,98.0
0027.463,-349.3,-48.150000000000006,95.0,80.0,98.0
0027.497,-329.41666666666663,-44.2875,95.0,80.0,98.0
0027.530,-294.7846153846154,-41.575,95.0,80.0,98.0
0027.562,-252.63333333333333,-36.207692307692305,95.0,80.0,98.0
0027.596,-214.55,-30.192307692307693,95.75,80.0,98.0
0027.628,-186.60833333333335,-24.59166666666667,99.5,80.0,98.0
0027.660,-169.2,-19.75,107.25,80.0,98.0
0027.700,-153.0,-13.674999999999999,110.0,80.0,98.0
0027.733,-137.4,-8.86153846153846,107.66666666666667,80.0,98.0
0027.764,-123.91666666666666,-4.5,105.6875,80.0,98.0
0027.796,-107.33333333333333,-4.6083333333333325,101.6875,80.0,98.0
0027.827,-95.75,-3.6,100.80000000000001,80.0,98.0
0027.866,-89.81666666666666,-1.5846153846153848,99.0,80.0,98.0
0027.899,-96.71666666666667,0.9538461538461539,99.0,80.0,98.00000000000001
0027.930,-100.44615384615383,4.7,99.0,80.0,98.0
0027.962,-101.23333333333333,5.991666666666666,99.0,80.0,98.0
0027.994,-100.42500000000001,7.46923076923077,98.3125,80.0,98.0
0028.027,-92.30833333333332,7.715384615384616,97.25,80.0,98.0
0028.060,-83.43333333333334,7.925000000000001,96.25,80.0,98.0
0028.100,-66.68333333333334,9.15,95.75,80.0,98.0
0028.131,-57.8,8.875,95.0,80.0,98.0
0028.164,-53.7,8.85,95.0,80.0,98.0
0028.197,-50.96666666666667,7.992307692307692,95.0,79.984375,98.0
0028.230,-37.06666666666666,8.375,95.0,79.88125,98.0
0028.262,-1.4,9.633333333333335,95.0,79.78125,98.0
0028.293,48.737500000000004,12.2,95.0,79.684375,98.0
0028.332,92.55384615384617,17.3,96.0,79.5625,98.0
0028.364,110.03333333333333,21.36153846153846,100.5,79.4625,98.0
0028.397,113.26666666666668,22.9,106.4375,79.359375,98.0
0028.429,113.41538461538462,22.008333333333333,110.625,79.259375,98.0
0028.461,110.325,18.9,111.1875,79.15937500000001,98.0
0028.493,109.65,14.623076923076923,108.375,79.05937499999999,98.0
0028.533,110.57499999999999,12.65,103.6875,79.0,98.0
0028.565,115.56666666666668,12.450000000000001,102.0,79.0,98.0
0028.596,117.5153846153846,14.1,100.00000000000001,79.0,98.0
0028.627,111.23846153846154,13.400000000000002,99.0,79.0,98.0
0028.667,110.39999999999999,12.153846153846153,99.0,79.0,98.0
0028.698,107.65,11.0,98.3529411764706,79.0,98.0
0028.731,102.94999999999999,12.866666666666667,98.0,79.0,98.0
0028.764,92.07499999999999,14.100000000000001,96.1875,79.0,98.0
0028.796,78.55000000000001,14.96153846153846,96.0,79.0,98.0
0028.828,66.71666666666667,15.183333333333334,95.0,79.0,98.0
0028.868,57.0,14.633333333333333,94.6875,79.0,98.0
0028.898,44.766666666666666,15.549999999999999,94.0,79.0,98.0
0028.931,37.925,15.744444444444445,95.0,79.0,98.0
0028.964,33.2,18.2,95.0,79.0,98.0
0028.996,56.614285714285714,21.375,95.0,79.0,98.0
0029.027,101.6875,23.35,95.0,79.0,98.0
0029.068,170.0076923076923,24.2875,95.0,79.0,98.0
0029.100,212.20000000000002,25.7,98.625,79.0,98.0
0029.132,228.91666666666666,27.47692307692308,103.4375,79.0,98.0
0029.165,230.18333333333334,27.5,110.75,79.0,98.0
0029.199,223.66923076923078,27.48333333333333,112.0,79.0,98.0
0029.230,221.09999999999997,27.323076923076922,110.0625,79.0,98.0
0029.263,213.73333333333335,25.0,106.0,79.0,97.99999999999999
0029.295,211.45000000000002,24.008333333333333,104.0,79.0,98.0
0029.326,200.2111111111111,23.3375,101.0625,79.0,98.0
0029.365,180.63846153846154,22.150000000000002,100.0,79.0,98.0
0029.396,157.20000000000002,20.72307692307692,99.0,79.0,98.0
0029.429,117.4,14.983333333333333,99.0,79.0,98.0
0029.461,52.266666666666666,9.65,99.0,79.0,98.0
0029.502,-20.766666666666666,2.3375,98.0,79.0,98.0
0029.534,-59.65,-2.6500000000000004,97.0,79.0,98.0
0029.567,-88.8,-10.033333333333335,96.0,79.0,98.0
0029.600,-108.225,-14.992307692307694,95.0,79.0,98.0
0029.634,-139.2,-19.5,95.0,79.0,98.0
0029.667,-154.1,-18.549999999999997,95.0,79.0,98.0
0029.699,-158.57692307692307,-17.508333333333333,95.0,79.0,98.0
0029.732,-136.03333333333336,-15.861538461538462,95.0,79.0,98.0
0029.764,-103.12500000000001,-14.792307692307695,95.0,79.0,98.0
0029.795,-62.241666666666674,-11.899999999999999,96.0,79.0,98.0
0029.826,-28.4,-7.6000000000000005,97.375,79.0,98.0
0029.865,18.8,-2.655555555555556,103.875,79.01524390243902,98.0
0029.897,47.80833333333333,-0.9125,111.25,79.06402439024392,98.00000000000001
0029.930,68.60833333333333,-1.65,112.0,79.11432926829268,98.0
0029.962,80.63333333333334,-2.825,109.3125,79.16310975609755,98.0
0029.995,88.28888888888888,-3.3833333333333337,106.5,79.21341463414635,98.00000000000001
0030.034,99.0,-2.207692307692308,102.8125,79.27286585365854,98.0
0030.067,95.725,-1.5750000000000002,101.75,79.32317073170732,98.0
0030.099,98.46666666666667,-0.6666666666666666,100.0,79.3719512195122,98.0
0030.132,102.05555555555556,-0.6333333333333333,99.0,79.42225609756096,98.0
0030.165,106.875,0.6,99.0,79.47256097560975,98.0
0030.197,112.62307692307692,2.466666666666667,98.625,79.52134146341464,98.0
0030.228,120.73333333333335,5.5,97.6875,79.5685975609756,98.0
0030.260,130.7076923076923,7.3583333333333325,96.6875,79.61737804878048,98.0
0030.302,149.77777777777777,8.833333333333334,95.0,79.6814024390244,98.0
0030.335,157.20833333333331,9.223076923076922,95.0,79.73170731707316,98.0
0030.367,159.4,9.25,94.0,79.78048780487805,98.0
0030.398,158.4923076923077,10.566666666666666,94.0,79.82774390243902,98.0
0030.430,166.47500000000002,10.983333333333334,95.0,79.87652439024392,98.0
0030.461,182.2,11.123076923076923,96.0,79.92378048780488,98.0
0030.494,203.75,11.399999999999999,96.0,79.97408536585367,98.0
0030.535,227.96666666666667,14.275000000000002,96.0,80.0,98.00000000000001
0030.569,236.16153846153844,17.825,98.25,80.0,98.0
0030.600,236.7,21.0125,105.6875,79.99999999999999,98.0
0030.631,230.83333333333331,21.3,110.5,80.0,98.0
0030.663,210.625,19.125,111.5,80.0,98.0
0030.694,192.84615384615387,14.475000000000001,109.125,80.0,98.0
0030.733,163.70000000000002,3.35,106.125,80.0,98.0
0030.765,140.7833333333333,-6.692307692307692,102.125,80.0,98.0
0030.798,111.58461538461538,-15.8,99.0,80.0,98.0
0030.832,83.125,-21.1,96.0,80.0,98.0
0030.864,57.95,-25.846153846153847,96.0,80.0,98.0
0030.897,27.133333333333333,-31.7,96.0,80.0,98.0
0030.930,-16.83076923076923,-35.8,96.0,80.0,98.0
0030.961,-68.46153846153847,-41.330769230769235,96.0,80.0,98.0
0031.000,-136.35,-46.66923076923077,96.0,80.0,98.0
0031.032,-185.05,-52.400000000000006,96.0,80.0,98.0
0031.063,-217.6,-58.150000000000006,96.0,80.0,98.0
0031.093,-269.5,-60.3,95.0,80.0,98.0
0031.132,-351.82222222222225,-65.17692307692309,96.0,80.0,98.0
0031.165,-413.45,-70.3153846153846,96.0,80.0,98.0
0031.197,-452.75,-76.725,96.0,80.0,98.0
0031.228,-473.3076923076923,-80.725,96.0,80.0,98.0
0031.260,-493.1333333333333,-82.2,97.0,80.0,98.0
0031.299,-523.425,-81.24444444444444,97.3125,80.0,98.0
0031.331,-549.95,-76.85,102.625,80.0,98.0
0031.362,-580.1307692307693,-76.175,107.5,80.0,98.0
0031.396,-622.2,-74.07499999999999,110.0,80.0,98.0
0031.429,-660.4,-74.36153846153846,108.5625,80.0,98.0
0031.461,-675.8666666666668,-74.4,106.625,80.0,98.0
0031.500,-675.5230769230769,-71.19999999999999,102.1875,80.0,98.0
0031.532,-658.1307692307693,-67.19166666666666,101.0,80.0,98.0
0031.564,-639.825,-60.82307692307692,99.0,80.0,98.0
0031.597,-612.925,-53.400000000000006,99.0,80.0,98.0
0031.629,-579.55,-47.400000000000006,99.0,80.0,98.0
0031.661,-541.55,-42.35714285714286,98.125,80.0,98.0
0031.693,-507.8153846153846,-38.449999999999996,98.0,80.0,98.0
0031.726,-471.5,-35.175,97.0,80.0,98.0
0031.766,-418.8,-34.5,97.0,80.0,98.0
0031.797,-378.45000000000005,-34.34444444444445,97.0,80.0,98.0
0031.828,-346.86153846153843,-33.516666666666666,97.0,80.0,98.0
0031.868,-320.8230769230769,-30.7,97.0,80.0,98.0
0031.900,-297.1166666666667,-28.066666666666666,97.0,80.0,98.00000000000001
0031.932,-257.18333333333334,-28.975,97.0,80.0,98.0
0031.964,-215.2,-29.116666666666667,97.0,80.0,98.0
0031.997,-185.34615384615387,-23.46666666666667,97.0,80.0,98.0
0032.030,-176.01538461538465,-16.007692307692306,98.0,80.0,98.0
0032.062,-177.8,-8.55,103.0,80.0,98.0
0032.094,-175.74444444444444,-6.6125,106.0,80.0,98.0
0032.126,-167.0875,-6.449999999999999,104.0,80.0,98.0
0032.165,-154.85384615384615,-6.716666666666667,100.5625,80.0,98.0
0032.197,-143.63333333333335,-6.361538461538462,97.0,80.0,98.0
0032.229,-141.225,-5.0249999999999995,95.5625,80.0,98.0
0032.261,-140.7153846153846,-3.8,94.0,80.0,98.0
0032.293,-144.10000000000002,-3.4583333333333335,92.0,80.0,98.0
0032.334,-142.75,-3.075,92.0,80.0,98.0
0032.367,-143.60833333333332,-0.7769230769230766,92.0,80.0,98.0
0032.399,-141.4818181818182,4.275,94.0625,80.0,98.0
0032.432,-140.0,6.65,98.25,80.0,98.0
0032.465,-138.76923076923077,9.375,101.1875,80.0,98.0
0032.497,-136.99166666666665,7.315384615384614,102.0,80.0,98.0
0032.529,-134.43333333333334,7.753846153846153,103.0,80.0,98.0
0032.561,-136.1,9.875,103.1875,80.0,98.0
0032.593,-135.74166666666667,9.0,103.8125,80.0,98.0
0032.639,-120.35384615384615,9.658333333333331,103.0,80.0,98.0
0032.673,-66.52499999999999,8.0,102.0,80.0,98.0
0032.700,-7.983333333333334,9.475000000000001,101.125,80.0,98.0
0032.732,64.7,12.7,101.0,80.0,98.0
0032.765,120.28750000000001,15.933333333333334,105.875,80.0,98.0
0032.797,139.5,21.923076923076923,110.875,80.0,98.0
0032.830,149.4,23.533333333333335,114.0,80.0,98.0
0032.863,144.86666666666665,26.553846153846152,111.9375,80.0,97.99999999999999
0032.895,147.16153846153844,24.925,108.875,80.0,98.0
0032.926,149.53333333333336,25.342857142857145,105.0,80.0,97.99999999999999
0032.967,153.46153846153848,25.442857142857143,102.0,80.0,98.0
0032.997,154.19230769230768,27.549999999999997,100.0,80.0,98.0
0033.028,150.84615384615384,31.333333333333336,99.0,80.0,98.0
0033.067,138.98461538461538,35.2,99.0,80.0,98.0
0033.098,134.53333333333333,39.261538461538464,99.0,80.0,98.0
0033.130,130.16666666666669,41.833333333333336,98.25,80.0,98.0
0033.161,124.12222222222222,44.375,97.3125,80.0,98.0
0033.193,119.9,44.875,97.0,80.01636904761905,98.0
0033.240,113.89999999999999,40.7875,95.0,80.08630952380952,97.99999999999999
0033.273,108.15,35.922222222222224,95.0,80.13541666666667,98.0
0033.291,109.53846153846153,33.4,95.0,80.16220238095238,98.0
0033.333,102.45555555555556,29.28333333333333,95.0,80.22470238095238,98.0
0033.364,114.92500000000001,23.53846153846154,95.0,80.27083333333334,98.0
0033.396,145.88333333333333,20.661538461538463,95.0,80.31845238095238,98.0
0033.427,176.87692307692308,18.549999999999997,95.0,80.36458333333334,98.0
0033.468,198.95,23.133333333333333,96.875,80.42559523809524,98.0
0033.499,195.36666666666665,27.4,103.625,80.47172619047619,98.0
0033.532,182.42499999999998,31.6,109.625,80.52083333333334,98.0
0033.565,169.775,34.738461538461536,111.9375,80.56994047619048,98.0
0033.598,151.96923076923076,33.416666666666664,110.0,80.61904761904762,98.0
0033.631,131.2846153846154,31.924999999999997,105.9375,80.66815476190476,98.0
0033.662,106.31666666666666,31.615384615384617,104.0,80.71428571428571,98.0
0033.693,78.4,28.0,102.0625,80.76041666666667,98.0
0033.733,49.9,25.5625,99.0,80.81994047619048,98.0
0033.765,33.607692307692304,21.3,98.0,80.86755952380952,98.0
0033.797,29.050000000000004,19.646153846153847,98.0,80.91517857142857,98.0
0033.829,21.0,17.65,97.5625,80.96279761904762,98.0
0033.861,15.2,17.4,96.5625,81.0,98.0
0033.894,9.244444444444445,16.233333333333334,95.0,81.0,98.0
0033.939,5.676923076923077,12.016666666666666,94.0,81.0,98.0
0033.967,-4.9,7.607692307692307,93.0,81.0,98.0
0033.999,-15.416666666666668,1.2615384615384615,93.0,81.0,98.0
0034.032,-31.916666666666668,-6.561538461538461,93.0,81.0,98.0
0034.065,-50.16153846153847,-14.453846153846156,93.0,81.0,98.0
0034.097,-57.53333333333333,-19.8,93.0,81.0,98.0
0034.129,-66.75,-25.3,94.0,81.0,98.0
0034.162,-81.0,-30.2,95.25,81.0,98.0
0034.194,-111.96153846153847,-32.93333333333334,100.75,81.0,98.0
0034.226,-155.75,-37.7,107.5,81.0,98.0
0034.266,-216.5,-41.599999999999994,111.75,81.0,98.0
0034.297,-259.59999999999997,-46.5,110.3125,81.0,98.0
0034.328,-298.3777777777778,-51.733333333333334,108.375,81.0,98.0
0034.360,-347.35,-57.61666666666666,104.375,81.0,98.0
0034.400,-406.02500000000003,-61.133333333333326,102.0,81.0,98.0
0034.433,-448.125,-61.50769230769231,100.0,81.0,98.0
0034.467,-481.9,-61.03333333333334,100.0,81.0,98.0
0034.499,-500.6769230769231,-60.975,99.0,81.0,98.0
0034.533,-512.1333333333333,-61.87500000000001,99.0,81.0,98.0
0034.567,-507.6333333333334,-61.03333333333334,98.4375,81.0,98.0
0034.600,-486.79999999999995,-59.333333333333336,97.0,81.0,98.0
0034.632,-459.34166666666664,-54.49166666666667,96.0,81.0,98.0
0034.664,-421.05384615384617,-49.45,95.0,81.0,98.0
0034.695,-373.85,-41.369230769230775,94.0,81.0,98.0
0034.726,-298.475,-35.97692307692307,94.0,81.0,98.0
0034.759,-211.23076923076923,-30.775,94.0,81.0,98.0
0034.800,-100.08461538461538,-25.0,94.0,81.0,98.0
0034.833,-31.349999999999998,-17.2,96.1875,81.0,98.0
0034.864,19.566666666666666,-9.299999999999999,99.375,81.05373134328359,98.0
0034.895,54.43076923076923,-1.4500000000000002,104.19999999999999,81.14626865671643,98.0
0034.926,76.57499999999999,3.875,109.0,81.23880597014926,98.0
0034.967,97.875,7.033333333333334,107.375,81.36119402985074,98.0
0034.998,112.4,8.9,104.4375,81.45373134328358,98.0
0035.032,122.4,10.26153846153846,101.33333333333334,81.55522388059701,98.0
0035.064,123.38461538461539,11.875,99.3125,81.65074626865672,98.0
0035.096,124.44999999999999,12.633333333333333,97.3125,81.74626865671641,98.0
0035.126,125.1,13.523076923076923,97.0,81.83582089552239,98.0
0035.165,122.9,16.5,97.0,81.95223880597015,98.0
0035.199,118.06153846153846,18.041666666666668,97.0,82.0,98.0
0035.233,104.92500000000001,20.51666666666667,96.00000000000001,82.0,98.0
0035.267,99.98333333333333,21.525000000000002,95.0,82.0,98.0
0035.300,94.48333333333333,22.96153846153846,94.0,82.0,98.0
0035.333,85.45384615384616,26.633333333333336,94.0,82.0,98.0
0035.365,76.03333333333333,29.900000000000002,94.0,82.0,98.0
0035.398,75.01666666666667,33.25,94.0,82.0,98.0
0035.429,95.63333333333333,35.715384615384615,94.0,82.0,98.0
0035.461,128.725,38.733333333333334,94.0,82.0,98.0
0035.493,172.36666666666667,44.13333333333333,95.5,82.0,98.0
0035.534,211.40833333333333,52.3,99.1875,81.99999999999999,97.99999999999999
0035.566,223.95,56.488888888888894,107.125,81.99999999999999,98.0
0035.598,224.75,57.3375,110.0625,82.0,98.0
0035.631,224.75384615384615,57.5625,108.875,82.0,98.0
0035.664,222.51666666666665,59.4,105.8125,82.0,98.0
0035.698,223.3,59.83333333333334,103.6875,82.0,98.0
0035.730,222.16666666666666,62.08461538461538,100.6875,82.0,98.0
0035.763,215.76923076923077,60.866666666666674,99.0,82.0,98.0
0035.795,199.12500000000003,61.099999999999994,98.0,82.0,98.0
0035.827,181.85,59.86666666666667,98.0,82.0,98.0
0035.867,159.5,57.50769230769231,98.0,82.00000000000001,98.0
0035.899,141.79999999999998,52.425,97.0,82.0,98.00000000000001
0035.931,119.49230769230769,43.5,96.0,82.0,98.0
0035.963,85.16923076923078,30.6625,95.0,82.0,98.0
0035.996,37.66666666666667,13.21111111111111,94.0,82.0,98.0
0036.028,-14.625,-3.25,94.0,82.0,98.0
0036.061,-60.48461538461539,-14.375,94.0,82.0,98.0
0036.102,-99.06666666666666,-25.108333333333334,94.5625,82.0,98.0
0036.134,-113.6875,-31.66923076923077,95.0,82.0,98.0
0036.167,-134.19166666666666,-37.0,95.0,82.0,98.0
0036.199,-165.06666666666666,-40.43333333333334,98.25,82.03125,98.0
0036.231,-211.97692307692307,-43.375,102.875,82.13125,98.0
0036.263,-265.7,-47.4,108.25,82.23125,98.0
0036.294,-326.1083333333333,-53.55384615384615,111.4375,82.328125,98.0
0036.327,-386.6083333333333,-60.74166666666666,110.375,82.43125,98.0
0036.367,-476.1307692307692,-67.16666666666667,105.875,82.55625,98.0
0036.400,-540.75,-70.83333333333333,103.8125,82.659375,98.0
0036.432,-593.95,-74.0,100.8125,82.759375,98.0
0036.464,-637.6375,-77.92500000000001,99.0,82.859375,98.0
0036.498,-681.6222222222223,-84.88333333333333,99.0,82.965625,98.0
0036.531,-725.2,-89.56666666666666,99.0,83.0,98.0
0036.564,-765.4333333333334,-94.15384615384616,99.0,83.0,98.00000000000001
0036.598,-797.0999999999999,-94.22307692307692,98.0,83.0,98.0
0036.630,-817.0833333333333,-96.07499999999999,96.375,83.0,98.0
0036.661,-817.0692307692308,-93.92500000000001,95.4375,83.0,98.0
0036.701,-800.7615384615384,-90.46666666666667,95.0,83.0,98.0
0036.733,-783.0166666666667,-85.025,94.0,83.0,98.0
0036.764,-753.2666666666667,-83.56923076923076,95.0,83.0,98.0
0036.798,-697.7153846153847,-78.44615384615383,95.0,83.0,98.0
0036.832,-609.1076923076923,-72.77272727272728,95.0,83.0,98.0
0036.864,-504.71538461538466,-66.86666666666666,95.0,83.05654761904762,98.0
0036.896,-393.2,-59.06923076923077,95.0,83.15178571428571,98.0
0036.927,-300.66666666666663,-53.199999999999996,98.35294117647058,83.24404761904762,98.0
0036.968,-197.4,-45.4625,104.375,83.36607142857142,98.0
0037.000,-122.98333333333333,-38.95,109.6875,83.46130952380953,98.0
0037.034,-58.25384615384615,-33.3,109.1875,83.5625,98.0
0037.068,-10.85,-28.299999999999997,107.0625,83.66369047619048,98.0
0037.099,22.53333333333333,-24.56153846153846,103.125,83.75595238095238,98.0
0037.131,49.223076923076924,-20.392307692307696,101.125,83.85119047619047,98.0
0037.163,68.06666666666666,-13.85,99.0,83.94642857142857,98.0
0037.195,84.4,-6.883333333333334,98.0,84.0,98.0
0037.227,102.96666666666667,-1.6846153846153844,98.0,84.0,98.00000000000001
0037.267,120.27499999999999,1.3692307692307693,98.0,84.0,98.0
0037.300,125.39999999999999,4.177777777777777,97.5625,84.0,98.0
0037.333,120.9875,6.0375,96.0,84.0,98.0
0037.366,120.46153846153845,7.116666666666666,95.0,84.0,98.0
0037.399,121.76666666666668,9.275,94.375,84.0,98.0
0037.433,126.85,16.47692307692308,94.0,84.0,98.0
0037.466,129.52499999999998,31.358333333333334,94.0,84.0,98.0
0037.498,123.33076923076922,45.150000000000006,95.0,84.0,98.0
0037.530,117.6076923076923,53.641666666666666,95.0,84.0,98.00000000000001
0037.563,119.60000000000002,50.70833333333333,95.0,84.0,98.00000000000001
0037.598,143.85,49.330769230769235,95.0,84.0,98.0
0037.631,173.175,47.52307692307693,95.125,84.0,98.0
0037.664,205.76666666666665,49.86666666666667,96.375,84.0,98.0
0037.697,215.38461538461536,54.15,101.5,84.0,98.0
0037.731,218.86666666666667,57.96666666666666,110.125,84.0,98.0
0037.764,221.73333333333335,58.775000000000006,112.0,84.0,98.0
0037.797,219.63076923076926,59.65,110.0,84.0,98.0
0037.829,225.7666666666667,57.90833333333333,107.5,84.0,98.0
0037.862,222.50000000000003,52.8125,104.4375,84.0,98.0
0037.893,210.6076923076923,47.35,101.5,84.0,98.0
0037.934,186.25,34.6,99.9375,84.00000000000001,98.0
0037.966,150.63846153846154,22.833333333333336,99.0,84.0,98.0
0037.999,105.68333333333334,7.875,98.875,84.00000000000001,98.0
0038.031,52.45,-7.653846153846154,98.0,84.0,98.0
0038.064,-25.0,-19.8,97.0,84.0,98.0
0038.095,-94.31111111111113,-29.35,96.875,84.0,98.0
0038.128,-187.0,-36.175000000000004,96.0,84.0,98.0
0038.160,-277.4875,-41.5,96.0,83.99999999999999,97.99999999999999
0038.201,-393.75,-47.12307692307692,96.0,84.0,98.0
0038.233,-473.56666666666666,-50.8,96.0,84.0,98.0
0038.266,-540.3583333333333,-57.06666666666667,96.0,84.0,97.99999999999999
0038.298,-599.1166666666667,-65.725,96.0,84.0,98.0
0038.332,-645.125,-72.9,96.0,84.0,98.0
0038.365,-666.9076923076924,-76.75555555555556,95.99999999999999,84.0,98.0
0038.399,-670.4,-76.75,96.0,84.0,98.0
0038.431,-666.9,-75.00833333333333,97.1875,84.0,98.0
0038.464,-661.1,-74.68333333333332,102.75,84.0,98.0
0038.497,-650.8,-75.06923076923077,108.625,84.0,98.0
0038.530,-635.8,-73.13333333333333,113.0,84.0,98.0
0038.563,-606.6692307692308,-70.44999999999999,111.5625,84.0,98.0
0038.596,-570.9,-64.96666666666667,108.5,84.0,98.0
0038.630,-533.65,-58.62307692307692,104.375,84.0,98.0
0038.664,-505.1,-52.625,102.25,84.0,98.0
0038.698,-481.3076923076924,-48.125,99.125,84.0,98.0
0038.731,-476.075,-44.574999999999996,99.0,84.0,98.0
0038.763,-473.5,-42.25555555555556,99.0,84.0,98.0
0038.795,-473.7923076923077,-39.9875,99.0,84.0,98.0
0038.829,-472.05555555555554,-38.575,98.9375,84.0,98.0
0038.863,-463.0777777777778,-37.05,97.0,84.0,98.0
0038.897,-454.85,-35.63333333333334,96.6875,84.0,98.0
0038.931,-443.40000000000003,-34.41538461538461,95.78125,84.0,98.0
0038.964,-437.2615384615385,-33.761538461538464,95.0,84.0,98.0
0038.996,-434.46153846153845,-31.71666666666666,95.0,84.0,98.0
0039.027,-428.75,-28.224999999999998,95.0,84.0,98.0
0039.067,-401.59999999999997,-24.99230769230769,96.0,84.0,98.0
0039.099,-340.8333333333333,-23.066666666666666,96.0,84.0,98.0
0039.131,-260.24615384615385,-22.1125,96.0,84.0,98.0
0039.163,-187.6875,-18.1,96.9375,84.0,98.0
0039.196,-122.55,-12.95,101.0,83.98412698412699,98.00000000000001
0039.229,-60.69166666666666,-7.4125,106.1875,83.95138888888889,97.99999999999999
0039.261,0.5538461538461563,-4.933333333333334,112.0,83.91964285714286,98.0
0039.294,51.233333333333334,-1.1333333333333335,110.875,83.88690476190476,97.99999999999999
0039.335,93.48461538461538,3.9,106.3125,83.84623015873015,98.0
0039.368,102.53333333333333,6.2,103.25,83.81349206349206,98.0
0039.400,96.28333333333333,8.2,101.25,83.78174603174604,98.0
0039.434,82.61538461538463,7.45,98.125,83.74801587301587,98.0
0039.467,62.0,8.608333333333333,98.0,83.71527777777777,98.0
0039.499,50.19166666666667,8.8,98.0,83.68353174603175,98.0
0039.532,43.93333333333334,9.0,98.0,83.65079365079366,98.0
0039.564,37.207692307692305,7.0,98.0,83.61904761904762,98.0
0039.596,31.466666666666665,5.975,96.0,83.5873015873016,98.0
0039.630,13.837499999999999,4.233333333333333,95.875,83.55357142857143,98.0
0039.663,3.2249999999999996,2.423076923076923,95.0,83.52083333333333,98.0
0039.696,-4.722222222222221,2.65,95.0,83.48809523809524,98.0
0039.729,1.0,3.475,95.0,83.45535714285714,98.0
0039.763,4.561538461538462,4.3,95.0,83.42162698412699,98.0
0039.797,20.316666666666666,5.061538461538461,95.0,83.38789682539682,98.0
0039.828,52.25384615384615,5.9,95.0,83.35714285714286,98.0
0039.860,115.22307692307692,8.875,95.0,83.32539682539682,98.0
0039.902,215.27777777777777,16.45,94.0,83.28373015873017,98.0
0039.926,265.5333333333333,21.633333333333333,94.625,83.25992063492063,98.0
0039.967,334.25,28.884615384615387,101.5625,83.21924603174604,98.0
0039.999,364.275,31.05833333333333,107.375,83.1875,98.0
0040.031,382.276923076923,32.86666666666667,111.1875,83.15575396825396,98.0
0040.063,390.33333333333337,32.63846153846154,110.625,83.12400793650794,98.0
0040.094,393.8,34.63333333333333,107.875,83.09325396825396,98.0
0040.135,395.23333333333335,36.099999999999994,103.3125,83.05257936507937,98.0
0040.167,391.1153846153846,37.575,101.3125,83.02083333333333,98.0
0040.201,381.24615384615385,43.45,100.1875,83.0,98.00000000000001
0040.234,372.15000000000003,60.9,99.0,83.0,98.00000000000001
0040.265,362.5875,75.9,99.0,83.0,98.0
0040.296,360.475,90.55000000000001,99.0,83.0,98.0
0040.328,347.3375,89.95,98.0,83.0,98.0
0040.360,337.2,87.76666666666667,97.25,83.0,98.0
0040.401,324.5,85.275,96.0,83.0,98.0
0040.433,324.20000000000005,85.33333333333333,95.0,83.0,98.0
0040.466,326.1583333333333,85.03846153846153,95.0,83.0,98.0
0040.499,326.8833333333333,83.1,94.0,83.0,98.0
0040.533,323.7,83.13333333333333,95.0,82.97187500000001,98.0
0040.565,335.5,81.9625,95.0,82.87187499999999,98.0
0040.598,365.6,79.9125,95.0,82.76875000000001,98.0
0040.632,407.6,79.2875,95.0,82.6625,98.0
0040.666,450.8384615384615,79.7,95.0,82.55625,98.0
0040.698,476.93333333333334,84.40833333333333,97.75,82.45625000000001,98.0
0040.729,491.1333333333333,88.68333333333332,101.625,82.359375,98.0
0040.761,495.54166666666663,94.72307692307692,107.4375,82.259375,98.0
0040.801,480.3333333333333,99.9,113.0,82.13437499999999,98.0
0040.833,470.96923076923076,103.075,112.6875,82.034375,98.0
0040.865,451.7583333333333,105.26666666666668,109.6875,82.0,98.0
0040.896,443.5666666666666,104.19230769230768,106.75,82.0,98.0
0040.927,430.33846153846156,99.43076923076923,102.625,82.0,98.0
0040.960,413.7,93.875,99.75,82.0,98.0
0040.998,390.89166666666665,80.2,98.375,82.0,98.0
0041.030,372.1833333333333,66.82499999999999,98.625,82.0,98.0
0041.062,347.65,50.766666666666666,99.0,82.0,98.0
0041.094,324.34615384615387,34.7,98.0,82.0,98.0
0041.133,279.54615384615386,16.9,97.0,82.0,98.0
0041.164,226.60000000000002,1.6333333333333333,96.0,82.0,98.0
0041.196,160.1,-12.907692307692308,95.0,81.97615499254843,98.0
0041.227,86.04444444444444,-24.53333333333333,93.0625,81.92995529061103,98.0
0041.259,3.3833333333333324,-32.29166666666667,92.0625,81.8822652757079,98.0
0041.298,-70.01538461538462,-36.575,92.0,81.82414307004471,98.00000000000001
0041.331,-125.03333333333335,-41.56666666666666,92.0,81.77496274217586,98.0
0041.363,-157.22500000000002,-46.7,92.0,81.72727272727273,98.0
0041.395,-181.93333333333334,-52.2,93.0,81.6795827123696,98.0
0041.426,-199.76923076923077,-55.625,93.0,81.6333830104322,98.0
0041.465,-228.975,-57.733333333333334,95.625,81.575260804769,98.0
0041.496,-269.1,-59.33333333333333,102.25,81.52906110283159,98.0
0041.528,-317.1,-64.03333333333333,108.25,81.48137108792847,98.0
0041.560,-377.3846153846154,-73.625,111.75,81.43368107302533,98.0
0041.602,-438.04615384615386,-85.60000000000001,110.625,81.37108792846497,98.0
0041.633,-480.78333333333336,-92.03333333333333,108.6875,81.32488822652758,98.0
0041.665,-511.55,-92.55,105.6875,81.27719821162444,98.0
0041.696,-535.3090909090909,-94.83333333333333,103.73333333333335,81.23099850968703,98.0
0041.728,-554.1,-96.59166666666667,100.73333333333335,81.1833084947839,98.0
0041.767,-574.6666666666667,-97.1076923076923,99.25,81.1251862891207,98.0
0041.798,-586.7076923076924,-96.85,99.0,81.07898658718331,98.0
0041.831,-597.3461538461538,-94.94999999999999,98.0,81.02980625931446,98.0
0041.863,-607.05,-93.33333333333331,98.0,81.0,98.0
0041.896,-613.3,-90.75,97.1875,81.0,98.0
0041.927,-618.3499999999999,-88.2,97.0,81.0,98.0
0041.968,-613.5166666666667,-85.8,97.0,81.0,98.0
0041.999,-608.523076923077,-83.225,97.0,81.0,98.0
0042.031,-597.9,-81.7875,97.0,81.0,98.0
0042.063,-574.1750000000001,-77.55384615384617,96.0,81.0,98.0
0042.095,-530.7692307692307,-74.43333333333334,96.0,81.0,98.0
0042.126,-468.9083333333333,-71.56666666666666,95.0,81.0,98.0
0042.168,-382.15000000000003,-64.70833333333333,95.8125,81.0,98.0
0042.199,-327.3,-57.93076923076923,97.5,81.0,98.0
0042.231,-280.0692307692308,-49.1,104.25,81.0,98.0
0042.262,-240.74999999999997,-42.18333333333334,108.375,81.0,98.0
0042.293,-203.43333333333334,-36.95833333333333,110.375,81.0,98.0
0042.332,-147.85,-32.28888888888889,107.875,81.0,98.0
0042.364,-100.73333333333332,-29.825,102.9375,81.0,98.0
0042.396,-55.353846153846156,-26.674999999999997,100.9375,81.0,98.0
0042.428,-16.1,-23.9375,99.0,81.0,98.0
0042.460,16.816666666666666,-19.933333333333337,99.0,81.0,98.0
0042.500,51.150000000000006,-17.538461538461537,99.0,81.0,98.0
0042.532,75.30833333333334,-14.841666666666667,100.0,81.0,98.0
0042.565,89.5888888888889,-12.191666666666666,100.0,81.0,98.0
0042.597,106.725,-6.833333333333334,99.375,81.0,98.0
0042.630,114.7375,-2.8538461538461544,97.3125,81.0,98.0
0042.664,134.05,-0.4,96.1875,81.0,98.0
0042.697,147.73333333333335,1.8,95.125,81.0,98.0
0042.728,159.625,4.166666666666667,95.0,81.0,98.0
0042.760,169.3,7.515384615384615,96.0,81.0,98.0
0042.801,188.56666666666666,10.592307692307692,96.0,81.0,98.0
0042.834,220.7076923076923,10.75,96.0,81.0,98.0
0042.867,252.97500000000002,13.25,95.0,80.92835820895523,98.0
0042.898,288.15,16.900000000000002,95.0,80.83582089552239,98.0
0042.930,313.35,20.92307692307692,98.4,80.7402985074627,98.00000000000001
0042.962,326.1333333333333,25.307692307692307,103.41176470588235,80.64477611940298,98.0
0042.994,323.8,27.074999999999996,108.875,80.54925373134328,98.0
0043.026,307.33333333333337,27.766666666666666,110.5625,80.45373134328358,98.0
0043.067,283.0375,25.285714285714285,107.0,80.33134328358209,98.0
0043.098,268.65,23.56153846153846,103.0,80.23880597014926,98.0
0043.129,259.54615384615386,21.76666666666667,101.0625,80.14626865671642,98.0
0043.162,249.6583333333333,21.683333333333334,99.0,80.04776119402985,98.0
0043.195,245.15714285714284,22.976923076923075,97.0,80.0,97.99999999999999
0043.227,243.5,25.461538461538463,97.0,80.0,98.0
0043.267,243.1,28.9,98.0,80.0,98.0
0043.298,237.56923076923078,32.099999999999994,97.5625,80.0,98.0
0043.330,231.16666666666669,33.825,96.0,80.0,98.0
0043.362,222.45833333333334,34.90769230769231,95.0,80.0,98.0
0043.395,230.8,36.5,94.5,80.0,98.0
0043.428,245.0076923076923,40.21111111111111,94.0,80.0,98.0
0043.461,257.6,63.25,94.0,80.0,98.0
0043.493,263.3,83.54166666666666,94.0,80.0,98.0
0043.535,261.45,106.4,94.0,80.0,98.0
0043.567,275.76666666666665,101.99230769230769,94.0,80.0,98.0
0043.599,299.35,98.42499999999998,94.0,80.0,98.0
0043.631,319.09999999999997,97.13333333333334,94.0,80.0,98.0
0043.663,328.71818181818185,100.075,95.625,80.0,98.0
0043.694,328.53333333333336,105.26153846153846,100.0,80.0,98.0
0043.727,330.53076923076924,112.15,109.625,80.0,98.0
0043.768,326.15384615384613,117.6,112.0,80.0,98.0
0043.800,327.66666666666674,117.64999999999999,110.125,80.0,98.0
0043.831,323.81666666666666,117.36666666666666,106.4,80.0,98.0
0043.862,322.4,114.32499999999999,104.29411764705883,79.99999999999999,97.99999999999999
0043.893,323.625,114.43333333333334,100.3125,80.0,98.0
0043.939,313.6307692307692,111.2875,98.4375,80.0,98.0
0043.960,305.8,109.95833333333333,98.0,80.0,98.0
0044.003,284.8666666666667,104.8625,98.5625,80.0,98.0
0044.027,273.69166666666666,101.35,99.0,80.0,98.0
0044.060,256.46923076923076,96.13333333333333,99.0,80.0,97.99999999999999
0044.093,235.96666666666667,91.32500000000002,97.8125,80.0,98.0
0044.135,205.2,84.93333333333334,95.1875,80.0,98.0
0044.172,175.95,73.18461538461538,94.0,80.0,98.0
0044.199,144.66666666666666,59.62500000000001,94.0,80.0,98.0
0044.230,92.3,41.11666666666667,94.0,80.0,98.0
0044.261,28.35,19.3875,95.0,80.0,98.0
0044.292,-44.3,-1.275,96.0,80.0,98.0
0044.333,-105.63333333333334,-23.0,96.0,80.0,98.0
0044.364,-128.36153846153846,-38.0,95.0,80.0,98.0
0044.397,-149.06923076923076,-45.1,95.0,80.0,98.0
0044.429,-185.83076923076922,-50.7,97.35294117647058,80.0,98.0
0044.462,-241.30769230769232,-54.324999999999996,105.5625,80.0,98.0
0044.495,-308.45,-62.608333333333334,110.5,80.0,98.0
0044.527,-367.45,-75.10000000000001,112.75,80.0,98.0
0044.559,-430.83333333333337,-86.94615384615383,110.75,80.0,98.0
0044.600,-513.1,-101.96923076923076,107.1875,80.0,98.0
0044.633,-580.9,-109.8,103.125,80.0,98.0
0044.666,-645.75,-114.55,101.0625,80.0,98.0
0044.697,-704.5749999999999,-117.16666666666666,99.125,80.0,98.0
0044.731,-759.3692307692307,-117.65555555555555,99.0,80.0,98.0
0044.764,-825.2538461538462,-120.0,98.9375,80.0,98.0
0044.798,-884.5333333333333,-121.7875,98.0,80.0,98.0
0044.832,-929.3249999999999,-120.13333333333333,97.0,80.0,98.0
0044.865,-962.6916666666666,-117.70000000000002,96.0,80.0,98.0
0044.895,-986.1384615384616,-115.11666666666666,95.0,80.0,98.0
0044.927,-1006.9666666666667,-112.94999999999999,94.0,80.0,98.0
0044.961,-1024.0,-113.28333333333335,94.0,80.0,98.0
0045.001,-1027.9333333333334,-112.86923076923077,94.0,80.0,98.0
0045.033,-1022.1249999999999,-112.78461538461538,94.0,80.0,98.0
0045.065,-1011.2615384615384,-112.1,94.0,80.0,98.0
0045.098,-1000.925,-109.85,94.0,80.0,98.0
0045.131,-992.0250000000001,-106.0,95.0,80.0,98.0
0045.163,-990.9923076923077,-103.01111111111112,96.0,80.0,98.0
0045.195,-981.1461538461539,-101.5875,104.125,80.04776119402985,97.99999999999999
0045.227,-971.0384615384617,-100.375,108.125,80.14328358208957,98.0
0045.260,-954.2916666666665,-97.4,109.875,80.24179104477612,98.0
0045.302,-933.0000000000001,-92.04999999999998,107.25,80.36716417910448,98.0
0045.334,-918.875,-88.08461538461538,103.25,80.46268656716417,98.0
0045.367,-901.7615384615384,-84.50000000000001,101.1875,80.56119402985075,98.0
0045.400,-879.9,-80.40833333333333,100.0,80.65970149253732,98.0
0045.433,-853.5999999999999,-77.06923076923077,100.0,80.75820895522388,98.0
0045.465,-818.1333333333332,-73.07499999999999,100.9375,80.85373134328358,98.0
0045.497,-776.1076923076923,-68.60000000000001,101.0,80.94925373134328,98.0
0045.529,-729.7666666666667,-67.02499999999999,101.0,81.0,98.0
0045.562,-690.6666666666667,-65.06923076923077,101.0,81.0,98.0
0045.595,-654.3666666666667,-62.18333333333334,100.0,81.0,98.0
0045.627,-620.9384615384615,-58.075,99.0,81.0,98.0
0045.660,-590.4666666666667,-51.2625,98.0,81.0,98.0
0045.701,-546.8,-43.4,98.0,81.0,98.0
0045.734,-497.6,-40.95,97.0,81.0,98.0
0045.765,-437.6,-39.8,97.0,81.0,98.0
0045.797,-376.75,-38.13333333333333,97.6875,81.0,98.0
0045.829,-314.8875,-34.43333333333333,98.6875,81.0,98.0
0045.861,-254.1875,-30.0,101.375,81.0,98.0
0045.893,-196.75,-26.900000000000002,109.0625,81.0,98.0
0045.934,-122.2,-23.46666666666667,112.25,81.0,98.0
0045.968,-64.94999999999999,-21.700000000000003,110.25,81.0,98.0
0046.001,-16.733333333333334,-18.99230769230769,107.125,81.0,98.0
0046.034,28.8,-17.275,104.5,81.0,98.0
0046.066,62.36666666666667,-14.1,100.5,81.0,98.0
0046.099,102.59166666666667,-10.4,99.0,81.0,98.0
0046.131,141.7,-7.161538461538461,98.0,81.0,98.0
0046.165,193.9230769230769,-3.8375,98.6875,81.0,98.0
0046.198,244.56923076923078,-0.275,98.0,81.0,98.0
0046.229,280.1,0.8,97.3125,81.0,98.0
0046.263,308.0333333333333,3.15,96.0,81.0,98.0
0046.296,328.85833333333335,5.953846153846153,94.125,81.0,98.0
0046.329,343.96923076923076,17.153846153846153,94.0,81.0,98.0
0046.362,351.6,33.15,93.0,81.0,98.0
0046.396,352.975,46.800000000000004,93.0,81.0,98.0
0046.429,374.6,52.63333333333334,93.0,81.0,98.0
0046.463,420.0,48.42307692307693,94.0,81.0,98.0
0046.497,479.15555555555557,48.016666666666666,94.0,81.0,98.0
0046.530,507.375,51.54166666666667,95.5,81.0,98.0
0046.562,520.0666666666666,54.55,100.0,81.0,98.0
0046.594,506.2,54.98888888888889,105.0,81.0,98.0
0046.634,490.8230769230769,51.938461538461546,110.0,81.0,98.0
0046.666,478.725,49.56666666666666,109.0,81.0,98.0
0046.700,477.66666666666663,47.75,104.875,81.0,98.0
0046.734,470.225,45.56153846153846,102.73333333333335,81.0,98.0
0046.769,455.8076923076924,43.67777777777778,99.53333333333333,81.0,98.0
0046.802,439.2,42.487500000000004,98.4375,81.0,98.0
0046.834,423.16249999999997,42.8,98.0,81.0,98.0
0046.867,407.43750000000006,43.9,98.625,81.0,98.0
0046.900,386.725,60.361538461538466,98.3125,81.0,97.99999999999999
0046.933,365.1333333333333,92.2,97.3125,81.0,98.0
0046.967,350.475,121.93333333333334,96.125,81.0,98.0
0046.999,340.6333333333333,139.55,96.0,81.0,98.0
0047.031,323.05,131.1,95.0,81.0,98.0
0047.062,303.05384615384617,123.7125,95.0,81.0,98.0
0047.093,287.1333333333333,119.64166666666665,95.0,81.0,98.0
0047.134,270.9,112.6125,95.0,81.0,98.0
0047.166,284.175,105.3,95.0,81.0,98.0
0047.198,296.58461538461535,102.8,95.0,81.0625,98.0
0047.231,315.02307692307687,103.7,96.375,81.16071428571429,98.0
0047.263,317.18333333333334,106.06666666666666,103.125,81.25595238095238,98.0
0047.295,312.2125,108.41666666666667,107.75,81.35119047619048,98.0
0047.327,300.45000000000005,106.6,110.0,81.44642857142857,98.0
0047.360,285.5777777777778,104.975,108.5625,81.54464285714286,98.0
0047.394,275.6666666666667,100.76249999999999,105.875,81.64583333333334,98.0
0047.435,266.5,95.71538461538461,102.93333333333334,81.76785714285714,98.0
0047.467,262.8125,93.4,100.875,81.86309523809524,98.0
0047.499,252.3,91.40833333333333,98.875,81.95833333333333,98.0
0047.533,239.9,89.63333333333334,98.0,82.0,98.0
0047.564,233.83846153846153,87.4,98.0,81.99999999999999,98.0
0047.597,220.43846153846152,85.52307692307693,97.0,82.0,98.00000000000001
0047.629,207.13333333333333,86.4,96.8125,82.0,98.0
0047.661,196.06666666666666,85.98333333333333,95.8125,82.0,98.0
0047.693,187.05,84.72307692307692,94.8125,82.0,98.0
0047.734,173.48333333333335,78.84615384615384,94.0,82.0,98.0
0047.766,158.95384615384617,78.0,94.0,82.0,98.0
0047.798,141.66666666666669,76.65,94.0,82.0,98.0
0047.830,133.425,75.80000000000001,94.0,82.0,98.0
0047.861,139.27499999999998,71.64615384615385,94.0,82.03273809523809,98.0
0047.893,151.31538461538463,68.95,94.0,82.12797619047619,98.0
0047.926,166.875,66.23333333333333,95.0,82.22619047619048,98.0
0047.965,175.9125,60.13333333333333,102.375,82.3422619047619,98.0
0047.998,173.925,53.7,107.5,82.44047619047618,98.0
0048.030,162.05,44.0375,110.25,82.53571428571428,98.0
0048.061,152.1,31.15,109.625,82.62797619047619,98.0
0048.101,136.58461538461538,11.484615384615385,106.3125,82.74702380952381,98.0
0048.132,122.15,-1.4875,103.375,82.83928571428571,98.0
0048.164,103.04166666666666,-13.600000000000001,101.375,82.9345238095238,98.0
0048.195,77.8,-24.60769230769231,99.4375,83.0,98.0
0048.227,48.669230769230765,-33.733333333333334,98.4375,83.0,98.0
0048.267,4.85,-41.825,98.0,83.0,98.0
0048.299,-34.45,-46.449999999999996,98.0,83.0,98.0
0048.332,-88.625,-50.49230769230769,98.0,83.0,98.0
0048.364,-140.22222222222223,-53.83333333333333,96.875,83.0,98.0
0048.397,-202.6,-56.14999999999999,96.0,83.0,98.0
0048.429,-258.2,-62.35,95.0,83.0,98.0
0048.461,-324.60833333333335,-66.4,95.0,83.0,98.0
0048.501,-405.6166666666667,-73.78461538461538,95.0,83.0,98.0
0048.533,-467.0923076923077,-75.5,95.0,83.0344827586207,98.0
0048.566,-502.23333333333335,-80.225,95.0,83.13793103448276,98.0
0048.598,-520.7,-83.28333333333335,95.0,83.23824451410658,98.0
0048.630,-526.9692307692308,-90.38461538461539,95.0,83.3385579937304,98.0
0048.663,-543.4769230769231,-94.68333333333332,95.875,83.44200626959247,98.0
0048.696,-574.0,-98.1,100.8125,83.54545454545455,98.0
0048.729,-624.125,-100.1,107.0,83.64890282131661,98.0
0048.762,-673.8000000000001,-102.7923076923077,111.0,83.75235109717869,98.0
0048.796,-717.1538461538462,-105.4,110.8125,83.858934169279,98.0
0048.828,-749.9833333333333,-109.05,107.8125,83.95924764890282,98.0
0048.859,-770.7,-112.2875,103.875,84.0,98.0
0048.899,-792.5,-113.16666666666669,101.375,84.0,98.0
0048.930,-808.175,-111.48461538461538,99.4375,84.0,98.0
0048.962,-819.7,-109.46666666666667,99.0,84.0,98.0
0048.994,-825.4333333333334,-107.82499999999999,99.0,84.0,98.0
0049.034,-822.8625,-106.1,98.9375,84.0,98.0
0049.065,-811.65,-102.875,98.0,84.0,98.0
0049.097,-793.9,-98.91538461538461,97.0,84.0,98.0
0049.129,-763.8,-93.975,96.0,84.0,98.0
0049.162,-724.7,-89.42307692307693,95.0,84.0,98.0
0049.195,-680.9,-83.32499999999999,94.875,84.0,98.0
0049.229,-636.6083333333333,-76.55384615384615,94.0,84.0,98.0
0049.262,-590.9692307692308,-71.31538461538462,94.0,84.0,98.0
0049.294,-538.4583333333334,-67.10000000000001,94.3125,84.0,98.0
0049.333,-457.93333333333334,-63.16666666666667,95.0,84.0,98.0
0049.365,-387.4,-57.15,95.0,84.0,98.0
0049.397,-320.6583333333333,-50.800000000000004,96.75,84.0,98.0
0049.429,-264.40769230769234,-43.7,102.25,84.0,98.0
0049.463,-206.8,-40.4125,107.75,84.0,98.0
0049.496,-164.45,-38.05,110.0,84.0,98.0
0049.529,-127.12499999999999,-34.707692307692305,108.0,84.0,98.04761904761904
0049.562,-97.03333333333333,-31.433333333333337,104.875,84.0,98.14583333333333
0049.596,-63.3,-27.141666666666666,101.8125,84.0,98.24702380952381
0049.628,-36.0,-23.900000000000002,100.0,84.0,98.3422619047619
0049.660,-2.675,-20.284615384615385,99.0,84.0,98.4375
0049.700,48.41666666666666,-17.853846153846153,99.0,84.0,98.55654761904762
0049.731,84.9,-15.424999999999999,99.0,84.0,98.64880952380952
0049.763,113.39166666666665,-14.133333333333333,98.375,84.0,98.74404761904762
0049.797,131.63333333333333,-11.7125,97.25,84.0,98.8452380952381
0049.829,145.52307692307693,-9.877777777777776,96.0,84.0,98.94047619047619
0049.861,159.8,-4.833333333333334,95.0,83.99999999999999,99.0
0049.893,170.85,-2.4222222222222225,95.0,84.0,99.0
0049.933,183.15833333333333,2.661538461538462,95.0,84.0,99.0
0049.967,187.07692307692307,5.566666666666666,95.0,84.0,99.0
0049.999,195.73333333333335,8.208333333333334,95.0,84.0,99.0
0050.030,231.2,8.975,95.0,84.0,99.0
0050.062,272.58888888888885,9.423076923076923,95.0,84.0,99.0
0050.093,319.85,9.516666666666666,95.0,84.0,99.0
0050.135,366.0083333333333,11.966666666666667,96.9375,84.0,99.0
0050.168,385.0875,15.433333333333335,103.0,84.0,99.0
0050.200,394.17499999999995,31.05,109.0,84.0,98.99999999999999
0050.234,391.6375,47.2,111.0,84.0,99.0
0050.268,381.9230769230769,59.94615384615385,109.75,84.0,99.0
0050.300,373.2666666666667,61.48333333333333,105.75,84.0,99.0
0050.331,365.73333333333335,56.12500000000001,103.8125,84.0,99.0
0050.362,359.7,53.55384615384615,101.875,84.0,99.0
0050.395,352.81538461538463,51.16666666666667,99.8125,84.0,99.0
0050.427,342.1,51.30769230769231,99.0,84.0,99.0
0050.467,322.175,49.900000000000006,99.0,84.0,99.0
0050.500,307.85833333333335,50.06666666666668,98.0,84.0,99.0
0050.533,295.95,50.338461538461544,98.0,84.0,99.0
0050.566,280.4384615384615,50.96666666666667,96.125,84.0,99.0
0050.597,266.6,52.6,95.1875,84.0,99.0
0050.629,253.36666666666662,52.15,95.0,84.0,99.0
0050.661,248.4,49.646153846153844,94.0,84.0,99.0
0050.694,234.7888888888889,48.284615384615385,94.0,84.0,99.0
0050.727,219.95,48.06666666666667,94.9375,84.0,99.0
0050.767,211.2,48.15,95.0,84.0,99.0
0050.801,221.9,47.875,95.0,84.0,99.0
0050.833,247.12307692307692,48.0,95.0,84.0,99.0
0050.866,277.3,52.1,95.625,83.96875,99.0
0050.899,301.9,56.275,100.0625,83.865625,98.99999999999999
0050.930,312.54166666666663,58.76666666666667,104.875,83.76875,99.0
0050.962,314.6230769230769,60.661538461538456,111.625,83.66874999999999,99.0
0050.993,306.223076923077,60.65,111.4375,83.571875,99.0
0051.031,302.65000000000003,59.31666666666666,108.0625,83.453125,99.0
0051.063,299.225,58.15,105.0625,83.353125,99.0
0051.095,293.67692307692306,59.34615384615385,103.0625,83.253125,99.0
0051.126,282.73333333333335,61.330769230769235,100.125,83.15625,99.0
0051.167,265.2615384615384,62.9,99.0,83.028125,99.0
0051.198,259.29166666666663,61.55,99.0,83.0,99.0
0051.231,247.16666666666666,58.425,98.5625,82.99999999999999,99.0
0051.264,234.97692307692307,56.0,98.0,83.0,99.0
0051.296,215.23333333333335,53.975,97.0,83.0,98.99999999999999
0051.329,185.93333333333334,52.75,96.0,83.0,99.0
0051.359,156.25833333333333,51.21666666666667,95.0,83.0,99.0
0051.401,123.92500000000001,44.530769230769224,94.0,83.0,99.0
0051.433,107.51538461538462,35.20833333333333,94.0,83.0,99.0
0051.465,87.11666666666666,28.433333333333334,95.0,83.0,99.0
0051.496,67.775,19.666666666666664,95.0,83.0,99.0
0051.526,53.29230769230769,10.753846153846155,95.0,83.0,99.0
0051.566,47.823076923076925,-3.323076923076923,95.0,83.0,99.0
0051.599,53.261538461538464,-13.9,96.1875,83.0,99.0
0051.632,53.06363636363636,-19.5,97.4375,83.0,99.0
0051.666,40.474999999999994,-24.46153846153846,103.6875,83.0,99.0
0051.698,19.96666666666667,-28.258333333333333,109.125,83.0,99.0
0051.729,-8.116666666666667,-33.6,112.0,83.0,99.0
0051.760,-35.949999999999996,-40.75,110.5625,83.0,99.0
0051.802,-85.27499999999999,-53.55,106.875,83.0,99.0
0051.834,-125.175,-60.675,101.9375,83.0,99.0
0051.867,-171.16666666666669,-66.3076923076923,99.875,83.0,99.0
0051.899,-219.65,-68.53333333333333,97.875,83.0,99.0
0051.932,-272.6166666666667,-71.61666666666667,97.1875,83.0,99.0
0051.963,-332.55,-72.5,98.0,83.0,99.0
0051.995,-403.67500000000007,-73.7,98.0,83.0,99.0
0052.027,-466.96153846153845,-78.6,97.8125,83.0,99.0
0052.067,-522.8666666666667,-86.16666666666666,96.0,83.0,99.0
0052.100,-562.1461538461539,-93.24166666666667,95.0,83.0,99.0
0052.132,-597.25,-96.275,94.25,83.0,99.0
0052.164,-640.4615384615385,-99.6125,94.0,83.0,99.0
0052.195,-685.2,-101.1,94.0,83.0,99.0
0052.226,-724.0875,-100.38333333333333,94.0,83.0,99.0
0052.265,-760.325,-100.9,94.0625,83.0,99.0
0052.297,-758.825,-99.87500000000001,95.0,83.0,99.0
0052.330,-747.6,-97.975,95.0,83.0,99.0
0052.362,-731.4615384615385,-97.8153846153846,95.125,83.0,99.0
0052.396,-714.9166666666667,-96.46666666666667,98.5,83.0,99.0
0052.429,-702.1416666666667,-95.9,103.9375,83.0,99.0
0052.463,-686.5333333333333,-91.58333333333333,111.4375,83.0,99.0
0052.495,-665.6833333333334,-86.26923076923077,111.5625,83.0,99.0
0052.527,-634.7384615384616,-81.24615384615385,109.125,82.97916666666666,99.0
0052.567,-585.5384615384615,-74.7625,104.0625,82.86011904761907,99.00000000000001
0052.599,-538.5615384615385,-69.80000000000001,101.125,82.76488095238095,99.0
0052.632,-485.6846153846154,-64.6,98.0,82.66666666666667,99.00000000000001
0052.664,-429.7,-58.975,98.0,82.57142857142858,99.0
0052.696,-371.54615384615386,-55.95,98.0,82.47619047619048,99.0
0052.727,-320.59999999999997,-53.46666666666667,98.0,82.38392857142857,99.0
0052.768,-264.03846153846155,-49.475,98.0,82.26190476190476,99.0
0052.802,-222.3,-44.6,97.0,82.16071428571429,99.0
0052.835,-186.1875,-36.6,96.0,82.0625,99.0
0052.867,-146.475,-32.86923076923077,95.3125,81.99999999999999,99.0
0052.898,-107.76666666666667,-28.55,95.0,82.0,99.00000000000001
0052.929,-75.46666666666665,-25.1,95.0,82.0,98.99999999999999
0052.963,-36.4,-22.424999999999997,95.6875,82.0,99.0
0052.997,18.5125,-17.784615384615385,96.0,82.0,99.0
0053.028,79.00769230769232,-15.025,96.0,82.0,99.0
0053.068,161.1,-9.03076923076923,96.25,82.0,99.0
0053.098,209.3,-5.05,99.125,82.0,99.0
0053.129,241.45,2.4,103.125,82.0,99.0
0053.161,260.16153846153844,7.925,108.125,82.0,99.0
0053.203,270.55384615384617,10.677777777777779,112.0,82.0,98.95982142857143
0053.235,282.1666666666667,10.75,110.3125,82.0,98.91220238095238
0053.267,289.375,10.625,106.3125,82.00000000000001,98.86458333333333
0053.298,293.775,13.9,103.375,82.0,98.81845238095238
0053.330,290.60769230769233,17.9,101.375,82.0,98.77083333333333
0053.361,286.7625,35.86666666666667,99.0,82.0,98.72470238095238
0053.393,283.8,50.075,99.0,82.0,98.67708333333333
0053.432,276.65000000000003,62.325,99.0,82.0,98.61904761904762
0053.464,272.8769230769231,59.2,100.0,82.0,98.57142857142857
0053.496,266.3769230769231,57.36923076923077,99.0,82.0,98.52380952380952
0053.526,256.93333333333334,57.2125,98.125,82.0,98.47916666666666
0053.566,247.20000000000002,56.400000000000006,97.0,82.0,98.41964285714286
0053.599,239.2153846153846,52.48461538461538,96.0,82.0,98.37053571428572
0053.632,230.2166666666667,50.86666666666666,96.0,82.0,98.32142857142857
0053.665,220.01666666666665,49.25,96.0,82.0,98.27232142857143
0053.697,205.725,48.56666666666667,96.0,82.0,98.22470238095238
0053.729,204.65384615384613,47.46666666666666,96.0,82.0,98.17708333333334
0053.761,226.36666666666667,44.253846153846155,95.4375,82.0,98.12946428571428
0053.794,264.6666666666667,43.825,95.0,82.0,98.08035714285715
0053.826,306.1333333333333,43.2,96.625,82.0,98.0327380952381
0053.866,337.8166666666667,49.400000000000006,100.375,82.0,98.0
0053.898,344.18333333333334,54.161538461538456,108.25,82.0,98.0
0053.929,337.7,57.70833333333333,110.9375,82.0,98.0
0053.962,329.1,60.24166666666666,109.86666666666667,82.0,98.0
0053.995,325.9076923076923,61.67777777777778,105.60000000000001,82.0,98.0
0054.027,321.53846153846155,62.57777777777778,102.75,82.0,98.0
0054.060,313.93333333333334,60.2875,99.6875,82.0,98.0
0054.092,304.1,60.5,98.6875,82.0,98.0
0054.131,292.2,58.75,98.0,82.0,98.0
0054.161,284.1538461538462,60.175,98.0,82.0,98.0
0054.195,275.3,59.907692307692315,98.0,82.0,98.0
0054.235,254.05,59.2,98.0,82.0,98.0
0054.266,237.38333333333333,56.68333333333334,97.0,82.0,98.0
0054.297,224.625,53.49230769230769,96.0,82.0,98.0
0054.328,212.52499999999998,50.154545454545456,95.9375,82.0,98.0
0054.360,179.3,47.45,95.0,82.0,98.0
0054.395,143.975,46.0,94.0,82.0,98.0
0054.428,106.0,40.4,94.0,82.0,98.0
0054.460,85.34615384615385,30.711111111111112,94.0,82.0,98.0
0054.501,82.92500000000001,15.874999999999998,94.0,82.0,98.0
0054.534,89.4,5.775,94.0,81.95820895522388,98.0
0054.566,87.65,1.375,95.875,81.86268656716418,98.0
0054.598,73.8125,-4.216666666666666,99.75,81.76716417910447,98.0
0054.629,49.55,-10.266666666666666,107.625,81.67462686567164,98.0
0054.661,6.966666666666667,-16.092307692307692,110.8125,81.57910447761193,98.0
0054.695,-42.38461538461539,-24.375,110.0625,81.47761194029852,98.0
0054.727,-94.35000000000001,-31.733333333333334,106.125,81.3820895522388,98.0
0054.759,-144.25,-38.225,104.0625,81.2865671641791,98.0
0054.802,-213.1,-45.916666666666664,100.0,81.15820895522388,98.0
0054.836,-275.43333333333334,-51.01538461538462,99.0,81.05671641791045,98.0
0054.868,-335.7,-57.4,99.0,81.01981707317073,98.01981707317074
0054.900,-402.1,-60.43333333333333,99.0,81.0685975609756,98.06859756097562
0054.931,-461.75000000000006,-62.800000000000004,99.0,81.11585365853658,98.11585365853658
0054.963,-509.7875,-63.98461538461538,99.0,81.16463414634147,98.16463414634147
0054.995,-558.3444444444444,-69.38333333333333,98.3125,81.21341463414635,98.21341463414635
0055.027,-596.5,-76.325,97.0,81.26219512195121,98.26219512195121
0055.068,-649.9333333333334,-84.63333333333333,96.0,81.32469512195121,98.32469512195121
0055.100,-693.15,-88.2,95.0,81.3734756097561,98.3734756097561
0055.132,-723.5461538461539,-89.325,95.0,81.42225609756096,98.42225609756096
0055.165,-748.1461538461538,-90.23333333333335,94.66666666666666,81.47256097560975,98.47256097560975
0055.198,-754.2083333333334,-90.56666666666666,94.4,81.52286585365854,98.52286585365854
0055.229,-748.8249999999999,-90.76666666666667,95.0,81.5701219512195,98.5701219512195
0055.261,-741.0538461538462,-91.64166666666667,95.1875,81.6189024390244,98.6189024390244
0055.293,-738.946153846154,-91.44615384615385,96.75,81.66768292682927,98.66768292682927
0055.332,-746.7666666666667,-90.975,101.625,81.72713414634146,98.72713414634147
0055.364,-760.0916666666667,-90.27692307692307,108.625,81.77591463414635,98.77591463414635
0055.397,-778.0769230769231,-90.30833333333332,110.0,81.82621951219511,98.82621951219511
0055.428,-792.0,-89.70833333333333,107.1875,81.8734756097561,98.8734756097561
0055.459,-798.525,-87.4,104.5,81.92073170731707,98.92073170731707
0055.499,-791.5,-86.10000000000001,100.75,81.98170731707317,98.98170731707317
0055.531,-776.946153846154,-82.92500000000001,99.0,82.0,99.0
0055.564,-756.825,-79.7,98.0,81.99999999999999,98.99999999999999
0055.597,-729.7125,-73.85,98.0,82.0,99.0
0055.630,-696.7583333333333,-70.29230769230769,99.0,82.0,99.00000000000001
0055.662,-659.911111111111,-64.81538461538462,99.0,82.0,99.0
0055.693,-623.7166666666667,-61.56153846153846,98.0,82.0,99.00000000000001
0055.735,-562.0,-57.48461538461539,97.0,82.0,99.00000000000001
0055.760,-534.2,-55.45,96.4375,82.0,99.0
0055.801,-488.0333333333333,-50.391666666666666,96.0,82.0,99.0
0055.835,-449.8,-47.03333333333333,96.0,82.0,99.0
0055.866,-393.7,-44.300000000000004,96.0,82.0,99.0
0055.899,-314.4,-41.23333333333333,96.0,82.0,99.0
0055.930,-227.95,-37.8875,96.0,82.0,99.0
0055.963,-146.8,-34.46666666666666,96.25,82.0,99.0
0055.997,-87.18461538461538,-31.53076923076923,99.75,82.0,99.0
0056.029,-44.1375,-29.133333333333333,104.125,82.0,99.0
0056.061,-15.7,-27.09166666666667,109.375,82.0,99.0
0056.100,21.4,-25.025000000000002,110.0,82.0,99.0
0056.131,40.87777777777778,-23.7,107.5,82.0,99.0
0056.163,73.075,-21.541666666666668,104.25,82.0,99.0
0056.194,99.06666666666668,-20.35,101.3125,81.99999999999999,98.99999999999999
0056.226,127.37499999999999,-16.46666666666667,99.3125,82.0,99.0
0056.268,153.2,-11.308333333333332,99.0,82.0,99.0
0056.300,169.9,-7.030769230769231,99.0,82.0,99.0
0056.332,173.33333333333331,-4.038461538461538,99.0,82.0,99.0
0056.364,178.43333333333334,0.007692307692307693,99.0,82.0,99.0
0056.397,176.96666666666667,1.475,97.625,82.0,99.0
0056.429,180.07692307692307,5.8076923076923075,96.625,82.0,99.0
0056.463,190.26666666666668,19.416666666666668,95.5,82.0,99.0
0056.496,193.3923076923077,28.407692307692308,95.0,82.0,99.0
0056.529,197.04615384615383,38.6,95.0,82.0,99.0
0056.563,215.0,34.93076923076923,95.0,82.0,99.0
0056.595,252.0875,34.5,96.0,82.0,99.0
0056.626,302.1625,34.146153846153844,96.0,82.0,99.0
0056.666,362.9,39.800000000000004,96.1875,82.0,99.0
0056.699,395.72499999999997,45.8,100.75,82.0,99.0
0056.731,404.5,49.50769230769231,105.75,82.0,99.0
0056.763,400.0,49.8,110.25,82.0,99.0
0056.795,389.95,51.233333333333334,110.75,82.0,99.0
0056.827,381.9166666666667,51.06666666666667,108.75,82.0,99.0
0056.860,371.34615384615387,50.63076923076923,105.6875,82.0,99.0
0056.900,359.8076923076924,49.56153846153846,103.13333333333333,82.0,99.0
0056.932,347.5,69.69999999999999,101.17647058823529,82.0,99.0
0056.965,335.9,90.25,100.0,82.0,99.0
0056.998,322.0333333333333,109.65,99.0,82.0,99.0
0057.031,307.3384615384615,114.27692307692308,99.0,82.0,99.0
0057.062,290.46923076923076,110.19166666666666,98.0,82.0,99.0
0057.095,269.9666666666667,104.85833333333332,96.9375,82.0,99.0
0057.127,253.67499999999998,102.26666666666668,96.0,82.0,99.0
0057.169,239.9,97.41666666666666,95.0,82.0,99.0
0057.201,226.6,95.94615384615385,94.3125,82.0,99.0
0057.234,207.6,92.37692307692309,94.0,82.0,99.0
0057.268,197.19166666666666,89.46666666666667,94.875,82.0,99.0
0057.300,200.0,86.73333333333332,95.0,82.0,99.0
0057.331,212.86923076923074,86.82307692307694,95.0,82.0,99.0
0057.364,234.83333333333334,93.26666666666667,95.0,82.0,99.0
0057.397,249.80833333333334,108.56666666666666,97.85714285714285,82.0,99.0
0057.430,259.23333333333335,124.6,105.0,82.0,99.0
0057.461,261.5846153846154,138.73076923076925,109.76470588235294,82.0,99.0
0057.493,262.5833333333333,143.3,111.0,82.0,99.0
0057.532,264.8,142.3,108.25,82.06547619047619,99.0
0057.565,261.425,138.3,105.5625,82.16369047619047,99.0
0057.599,252.0,134.81666666666666,102.4375,82.26488095238096,99.0
0057.632,243.81538461538466,129.1769230769231,100.375,82.36309523809524,99.0
0057.664,235.9,126.375,99.0,82.45833333333334,99.0
0057.695,230.975,122.0375,98.0,82.55059523809524,99.0
0057.727,221.0125,120.30000000000001,99.0,82.64583333333333,99.0
0057.760,202.02499999999998,117.46923076923076,98.0,82.74404761904762,99.0
0057.794,181.025,110.06666666666666,97.25,82.8452380952381,99.0
0057.834,160.25,104.8375,96.0,82.96428571428572,99.0
0057.866,145.6625,95.32499999999999,95.75,83.0,99.0
0057.897,133.8846153846154,89.4,95.0,83.0,98.99999999999999
0057.929,120.02499999999999,79.2,95.0,83.0,99.0
0057.962,101.05833333333332,65.7,95.0,83.0,99.0
0057.995,87.89166666666667,47.5,95.0,83.0,99.0
0058.026,89.62307692307692,28.63846153846154,95.0,83.0,99.0
0058.067,98.96923076923076,4.684615384615384,95.8125,83.0,99.0
0058.097,101.76153846153846,-6.953846153846154,96.6875,83.0,99.0
0058.129,89.50000000000001,-17.0,100.375,83.0,99.0
0058.162,68.21666666666667,-25.225,108.5,83.0,99.0
0058.194,42.95833333333333,-32.96666666666667,111.75,83.0,99.0
0058.227,11.285714285714288,-39.42307692307692,110.1875,83.0,99.0
0058.273,-37.40769230769231,-48.016666666666666,106.375,83.0,99.0
0058.299,-69.58333333333334,-53.150000000000006,102.75,83.0,99.0
0058.332,-101.625,-57.349999999999994,100.6875,83.0,99.0
0058.365,-144.61111111111111,-62.22222222222223,98.625,83.0,99.0
0058.398,-189.5,-64.63846153846154,98.0,83.0,99.0
0058.431,-246.0,-70.01666666666665,98.0,83.0,99.0
0058.463,-300.42499999999995,-76.36666666666667,98.0,83.0,99.0
0058.495,-366.46153846153845,-84.14615384615384,98.0,83.0,99.0
0058.528,-428.02500000000003,-93.59230769230768,97.0,83.0,98.99999999999999
0058.560,-468.3166666666667,-100.0,96.0,83.0,99.0
0058.592,-502.13333333333327,-105.03333333333333,95.0,83.0,99.0
0058.631,-542.4153846153846,-107.46666666666667,94.0,83.0,99.00000000000001
0058.664,-583.5923076923077,-108.96666666666667,94.0,83.0,99.0
0058.696,-616.6166666666667,-112.95,94.0625,83.0,99.0
0058.728,-633.5,-113.975,95.0,83.0,99.0
0058.760,-634.025,-116.95,95.0,83.0,99.0
0058.801,-621.0416666666667,-115.10000000000001,95.0,83.0,99.0
0058.832,-615.4,-112.30000000000001,95.5625,83.0,99.0
0058.864,-620.4166666666666,-110.05384615384615,101.6875,83.0282131661442,98.99999999999999
0058.896,-635.45,-107.625,107.125,83.12852664576803,99.0
0058.929,-656.8888888888889,-108.49166666666667,110.0,83.2319749216301,99.0
0058.961,-668.6,-107.43076923076923,109.375,83.33228840125392,99.0
0058.992,-679.6333333333334,-107.73333333333333,106.375,83.4294670846395,99.0
0059.032,-694.2384615384616,-106.7,101.875,83.55485893416927,99.0
0059.064,-706.2615384615384,-105.33076923076922,100.0,83.65517241379311,99.0
0059.096,-716.5833333333333,-103.93750000000001,98.875,83.75548589341693,99.0
0059.128,-718.7538461538462,-101.44444444444444,98.125,83.85579937304075,99.0
0059.161,-706.5833333333333,-98.425,99.0,83.95924764890282,99.0
0059.195,-682.5916666666666,-93.6,99.0,84.0,99.0
0059.228,-654.6249999999999,-88.69999999999999,98.0,84.0,99.0
0059.260,-623.025,-85.95,97.0,84.0,99.0
0059.301,-581.15,-81.9375,96.0625,84.0,99.0
0059.333,-547.6,-78.51666666666667,96.0,84.0,99.0
0059.364,-519.7333333333333,-72.83846153846154,95.0,84.0,99.0
0059.397,-495.4,-67.49230769230769,95.0,84.0,99.0
0059.430,-448.3,-62.94166666666667,95.0,84.0,99.0
0059.462,-381.23846153846154,-58.6,95.0,84.0,99.0
0059.496,-295.4,-54.71666666666666,96.0,84.0,99.0
0059.529,-214.03846153846155,-50.146153846153844,96.1875,84.0,99.0
0059.562,-159.26250000000002,-45.761538461538464,99.5,84.0,99.0
0059.596,-121.98333333333333,-43.69166666666667,107.75,84.0,99.0
0059.628,-102.35,-39.7,110.375,84.0,99.0
0059.668,-74.18461538461538,-35.766666666666666,109.125,84.0,99.0
0059.700,-57.733333333333334,-32.5875,106.25,84.0,99.0
0059.732,-36.5,-29.433333333333337,104.125,84.0,99.0
0059.764,-25.45,-26.900000000000002,101.125,84.0,99.0
0059.795,-9.56923076923077,-23.233333333333334,99.1875,84.0,99.0
0059.827,6.553846153846154,-20.623076923076926,99.0,84.0,99.0
0059.868,32.1,-20.725,100.0,84.0,99.0
0059.901,44.8,-17.45,99.5625,84.0,99.0
0059.932,52.675000000000004,-13.3,99.0,84.0,99.0
0059.964,63.8,-8.73076923076923,98.0,84.0,99.0
0059.998,90.1,-4.3,96.5,84.0,99.0
0060.030,117.2,-0.9166666666666667,96.0,84.0,99.0
0060.061,141.96666666666667,1.0083333333333333,95.0,84.0,99.0
0060.102,157.0,4.041666666666666,95.0,84.0,99.0
0060.140,169.53076923076924,5.323076923076924,95.0,84.0,99.0
0060.165,194.1,5.7875000000000005,95.0,84.0,99.0
0060.196,229.73333333333335,7.4625,95.0,84.0,98.95833333333333
0060.227,277.5769230769231,12.675,95.8125,84.0,98.86607142857143
0060.267,311.79230769230765,33.2,97.625,84.0,98.7470238095238
0060.299,325.9083333333333,49.46666666666666,104.9375,84.0,98.65178571428572
0060.330,328.23333333333335,58.0,109.5,84.0,98.5595238095238
0060.362,325.66923076923075,56.19166666666666,112.0,84.0,98.46428571428572
0060.395,328.34285714285716,52.330769230769235,109.6875,84.0,98.36607142857143
0060.427,332.575,48.983333333333334,106.6875,84.0,98.27083333333333
0060.469,329.9916666666667,47.56666666666666,103.0625,84.0,98.14583333333333
0060.500,326.65,47.2,101.125,84.0,98.05357142857143
0060.533,321.41249999999997,47.4,99.0625,84.0,98.0
0060.566,326.23333333333335,48.56153846153846,99.0,84.00000000000001,98.0
0060.597,327.3,47.7,99.0,84.0,98.0
0060.630,320.8,47.94166666666666,98.0,84.0,98.0
0060.662,307.36923076923074,48.3,98.0,84.0,98.0
0060.695,288.9,47.184615384615384,96.0,84.0,98.0
0060.727,274.3833333333334,44.93333333333333,95.93333333333332,84.0,98.0
0060.768,261.60833333333335,41.0,95.0,84.0,98.0
0060.802,252.73333333333332,40.724999999999994,94.0,84.0,98.0
0060.836,242.2846153846154,41.95,94.0,84.0,98.0
0060.868,234.12500000000003,43.48461538461538,94.9375,84.0,98.0
0060.901,231.10000000000002,42.25,95.0,83.99999999999999,98.0
0060.932,245.75833333333333,39.43333333333334,95.0,84.0,98.0
0060.963,267.4230769230769,37.35,95.0,84.0,98.0
0060.993,291.3,37.8,96.75,84.0,98.0
0061.033,301.05,37.4625,104.75,84.0,98.0
0061.065,295.35,36.324999999999996,109.5,84.0,98.0
0061.099,283.175,30.9375,111.625,84.0,98.0
0061.132,273.18461538461537,27.48888888888889,109.5625,84.0,98.0
0061.164,257.25,24.092307692307692,107.125,84.0,98.0
0061.197,237.75,21.174999999999997,103.5,84.0,98.0
0061.230,207.85,17.700000000000003,101.4375,84.0,98.0
0061.263,176.91538461538462,14.25,99.0,84.0,98.0
0061.294,151.46666666666667,9.423076923076923,98.4375,84.0,98.0
0061.334,110.2,2.075,98.9375,84.0,98.0
0061.365,73.88333333333333,-6.091666666666667,98.0,84.0,98.0
0061.397,23.233333333333334,-12.899999999999999,98.0,84.0,98.0
0061.430,-25.7,-18.533333333333335,96.9375,84.0,98.0
0061.463,-73.8076923076923,-24.125,95.875,84.0,98.0
0061.495,-107.45,-29.725,95.0,84.0,98.0
0061.528,-162.2625,-33.15,94.0,84.0,98.0
0061.560,-225.1,-33.575,94.0,84.0,98.0
0061.603,-314.05,-35.1,95.0,84.0,98.0
0061.627,-349.54999999999995,-37.5,95.0,84.0,98.0
0061.660,-375.65,-39.224999999999994,95.0,84.0,98.0
0061.700,-387.93749999999994,-42.75,95.0,84.0,98.0
0061.732,-390.9111111111111,-44.16923076923077,95.9375,84.0,98.0
0061.764,-402.8,-46.725,101.8125,84.0,98.0
0061.797,-421.3,-46.574999999999996,108.0,84.0,98.0
0061.829,-448.87692307692305,-46.46666666666667,111.0,84.0,98.0
0061.860,-470.05,-48.36666666666666,111.0625,83.95535714285714,98.0
0061.899,-487.70000000000005,-52.353846153846156,107.625,83.83928571428571,98.0
0061.930,-496.25,-54.25,103.6875,83.74702380952381,98.0
0061.963,-503.20000000000005,-55.224999999999994,101.625,83.64880952380952,98.0
0061.997,-515.1500000000001,-54.0,99.0,83.54761904761905,98.0
0062.030,-517.6,-51.75,99.0,83.44940476190476,98.0
0062.063,-522.8,-50.275000000000006,99.0,83.35119047619048,98.0
0062.096,-525.4,-45.825,98.3125,83.25297619047619,98.0
0062.128,-524.7384615384616,-45.54615384615385,98.0,83.1577380952381,98.0
0062.159,-515.6,-43.7,96.375,83.06547619047619,98.0
0062.198,-485.65,-41.223076923076924,95.9375,83.0,98.0
0062.230,-447.5625,-35.6,95.0,83.0,98.0
0062.263,-401.25,-30.4,95.0,83.0,98.0
0062.297,-345.41538461538465,-24.666666666666668,94.0,83.0,98.0
0062.330,-283.3923076923077,-23.50769230769231,94.0,83.0,98.0
0062.363,-214.5,-18.025,94.0,83.0,98.0
0062.397,-134.16666666666666,-13.85,94.0,83.0,98.0
0062.430,-49.52307692307692,-6.25,94.5,83.0,98.0
0062.463,18.16923076923077,-0.1384615384615384,96.125,83.0,98.0
0062.495,66.96666666666667,2.8166666666666664,102.6875,83.0,98.0
0062.527,88.5,5.35,108.125,83.0,98.0
0062.566,103.5,7.35,110.0,83.00000000000001,98.0
0062.596,116.2,10.033333333333335,108.0625,83.0,98.0
0062.628,125.13749999999999,13.3,105.23529411764706,83.0,98.0
0062.659,135.15454545454546,15.966666666666667,101.25,83.0,98.0
0062.698,132.4666666666667,15.983333333333333,99.6875,83.0,98.0
0062.729,123.11538461538461,14.375,98.0,83.0,98.0
0062.760,100.5125,11.653846153846153,98.0,83.0,98.0
0062.800,71.3,7.376923076923077,98.0,83.0,98.0
0062.832,23.191666666666666,1.8333333333333335,98.0,83.0,98.0
0062.865,-52.574999999999996,-5.666666666666666,97.0,83.0,98.0
0062.897,-134.4923076923077,-12.161538461538461,96.0,83.0,98.0
0062.928,-214.91818181818184,-17.677777777777777,95.0,83.0,98.0
0062.968,-308.7,-25.73846153846154,94.0,83.0,98.0
0063.000,-399.19999999999993,-30.869230769230768,94.0,83.0,98.0
0063.033,-485.00000000000006,-35.5,94.0,83.0,98.0
0063.064,-541.8249999999999,-37.40909090909091,94.0,83.0,98.0
0063.094,-562.0375,-38.91538461538462,94.0,83.0,98.0
0063.126,-551.9,-37.30769230769231,94.0625,83.0,98.0
0063.166,-512.5916666666666,-33.31666666666667,95.5625,83.0,98.0
0063.200,-478.79999999999995,-28.441666666666666,102.0625,83.0,98.0
0063.232,-452.7,-25.630769230769232,109.0625,83.00000000000001,98.00000000000001
0063.264,-436.3,-24.7,116.0625,83.0,98.0
0063.295,-425.78333333333336,-23.700000000000003,120.0,83.0,98.0
0063.326,-407.3307692307692,-23.35,119.4375,83.0,98.0
0063.365,-358.8538461538461,-23.0,115.9375,83.0,98.0
0063.397,-292.8538461538461,-23.3,114.0,83.0,98.0
0063.430,-211.275,-21.933333333333337,109.875,83.0,98.0
0063.462,-144.58333333333334,-18.825,107.875,83.0,98.0
0063.493,-103.51538461538462,-14.858333333333333,104.9375,83.0,98.0
0063.533,-86.56666666666666,-7.7333333333333325,101.4375,83.0,98.0
0063.563,-95.58333333333333,-4.8,98.125,83.0,98.0
0063.597,-108.05,-2.291666666666667,91.4375,83.0,98.00000000000001
0063.629,-115.73333333333333,-2.238461538461538,88.4375,83.0,98.0
0063.661,-118.69999999999999,-0.7846153846153847,87.4375,83.0,98.0
0063.693,-115.35,0.9,88.0,83.0,98.0
0063.732,-111.475,2.7833333333333337,88.0,83.0,98.0
0063.765,-96.1625,4.466666666666667,88.0,83.0,98.0
0063.797,-59.77777777777777,5.158333333333334,88.0,83.0,98.0
0063.829,-2.2,9.007692307692308,88.0,83.0,98.0
0063.860,63.300000000000004,9.858333333333334,88.0,83.0,98.0
0063.892,116.95,12.35,89.9375,83.00000000000001,98.0
0063.932,159.36153846153846,14.975,98.3125,83.0,98.0
0063.965,164.075,18.1,104.5,83.0,98.0
0063.998,163.65,17.592307692307692,108.0,83.0,98.0
0064.031,159.48333333333335,14.725,106.3125,83.0,98.0
0064.062,158.1846153846154,13.75,104.375,83.0,98.0
0064.094,154.8769230769231,14.0,101.41176470588235,83.0,98.0
0064.134,145.57142857142856,18.82857142857143,99.88235294117646,83.0,98.0
0064.166,138.69166666666666,23.799999999999997,98.0,83.0,98.0
0064.198,126.82499999999999,26.5,98.0,83.0,98.00000000000001
0064.230,123.0,27.875,98.0,83.0,98.0
0064.262,110.5,27.8,98.0,83.0,98.0
0064.294,103.2625,26.76153846153846,98.0,83.0,98.0
0064.340,96.6,25.592307692307692,97.0,83.0,98.0
0064.367,101.27499999999999,23.891666666666666,96.0,83.0,98.0
0064.399,100.63749999999999,24.8,95.3125,83.0,98.0
0064.431,99.18888888888887,26.96153846153846,95.0,83.0,98.0
0064.463,93.0,26.975,95.0,83.0,98.0
0064.494,88.96666666666667,26.175000000000004,96.0,83.0,98.0
0064.534,111.58333333333333,25.983333333333334,96.0,83.0,98.00000000000001
0064.566,142.05384615384617,29.42307692307692,97.125,83.0,98.0
0064.599,177.60833333333335,36.830769230769235,99.17647058823529,83.0,98.0
0064.631,197.39999999999998,42.2,106.375,83.0,98.0
0064.664,203.5,43.65,113.5625,83.0,98.0
0064.696,210.4076923076923,42.15555555555556,118.1875,83.0,98.0
0064.729,217.925,42.18888888888889,119.0,83.0,98.0
0064.761,232.86666666666665,43.2,117.5,83.0,98.0
0064.794,259.46153846153845,43.87499999999999,113.375,83.0,98.0
0064.835,304.5692307692308,43.80833333333334,110.125,83.0,98.0
0064.867,329.55,44.97692307692308,107.25,83.0,98.0
0064.898,346.45000000000005,77.25,103.375,83.0,98.0
0064.929,359.84999999999997,105.78333333333333,101.25,83.0,98.0
0064.960,357.7,132.76666666666665,97.3125,83.0,98.0
0064.999,353.15384615384613,139.84615384615384,94.875,83.0,98.0
0065.031,332.4,133.79166666666666,92.0,83.0,98.0
0065.062,320.43333333333334,129.375,91.0,83.0,98.0
0065.094,305.15,122.35,90.0,83.0,98.0
0065.134,274.2769230769231,106.55,89.4375,83.0,98.0
0065.166,242.5,90.36153846153846,89.0,83.0,98.0
0065.199,212.31666666666666,71.09230769230768,90.0,83.0,98.0
0065.232,186.24999999999997,51.525,90.0,83.00000000000001,98.00000000000001
0065.265,161.44444444444446,33.6,90.0,83.0,98.0
0065.298,130.925,20.19230769230769,91.0,83.0,98.0
0065.330,89.725,9.458333333333332,93.625,83.0,98.0
0065.363,36.3,0.1750000000000001,101.625,83.0,98.0
0065.395,-21.733333333333334,-7.900000000000001,107.75,83.0,98.0
0065.427,-84.325,-17.453846153846154,110.875,83.0,98.0
0065.459,-153.5,-29.349999999999998,109.125,83.0,98.0
0065.502,-248.55,-47.65384615384615,105.375,83.0,98.0
0065.539,-333.07500000000005,-61.80833333333334,101.125,83.00000000000001,98.0
0065.572,-394.82500000000005,-70.45,100.0,83.0,98.0
0065.600,-441.9153846153846,-76.54615384615386,99.0,83.0,98.00000000000001
0065.631,-494.0,-84.15384615384616,99.0,83.0,98.0
0065.662,-547.8333333333334,-90.3,99.625,83.0,98.0
0065.693,-603.9923076923077,-95.83846153846153,99.0,83.0,98.0
0065.732,-665.2846153846153,-96.7375,99.0,83.0,98.0
0065.764,-715.4833333333333,-96.425,98.0,83.0,98.0
0065.795,-753.5,-96.80000000000001,97.0,83.0,98.0
0065.826,-788.7666666666667,-95.71666666666667,97.0,83.0,98.0
0065.866,-828.588888888889,-97.3,96.0,83.0,98.0
0065.897,-852.2,-95.00769230769231,96.0,83.0,98.0
0065.928,-873.7833333333333,-94.89999999999999,96.0,83.0,98.0
0065.969,-885.975,-94.18333333333334,96.0,83.0,98.0
0066.001,-894.9125,-94.64999999999999,95.0,83.0,98.0
0066.032,-904.5230769230769,-91.33076923076923,96.75,83.0,98.0
0066.064,-921.5999999999999,-89.6,100.5,83.0,98.0
0066.095,-934.0833333333333,-87.2,107.375,83.0,98.0
0066.126,-941.276923076923,-85.8,110.0,83.0,98.0
0066.167,-949.5461538461539,-87.1,107.625,83.0,98.0
0066.199,-951.8916666666668,-85.28461538461539,104.625,83.0,98.0
0066.231,-956.5,-83.69166666666666,100.8125,83.0,98.0
0066.263,-961.4846153846154,-80.54615384615386,98.80000000000001,83.0,98.0
0066.296,-963.3,-78.875,97.0,83.0,98.0
0066.328,-962.8166666666666,-77.46923076923076,97.3125,83.0,98.0
0066.360,-961.523076923077,-74.87692307692308,98.0,83.0,98.0
0066.403,-956.9923076923078,-70.43333333333334,98.05882352941177,83.0,98.0
0066.440,-951.6,-68.92307692307692,98.0,83.0,98.0
0066.465,-949.725,-68.53333333333333,97.23529411764706,83.0,98.0
0066.497,-948.3307692307692,-65.55,96.0,83.0,98.0
0066.530,-949.75,-62.388888888888886,95.0,83.0,98.0
0066.561,-955.6000000000001,-58.7,94.0,83.0,98.0
0066.594,-982.9333333333334,-55.9375,93.125,83.0,98.0
0066.626,-1009.3153846153847,-54.46666666666667,93.0,83.0,98.0
0066.672,-1034.7153846153847,-52.0875,93.0,83.0,98.0
0066.698,-1027.2333333333333,-51.75,93.0,83.0,98.0
0066.730,-1005.6,-49.35454545454545,96.75,83.0,98.0
0066.761,-981.1153846153846,-46.06666666666666,101.53333333333335,83.0,98.0
0066.793,-954.9916666666668,-43.207692307692305,108.3125,83.0,98.0
0066.839,-927.2692307692307,-41.266666666666666,109.8125,83.0,98.0
0066.857,-921.9833333333333,-40.45,108.6875,83.01488095238096,97.98511904761905
0066.897,-909.8,-38.55384615384615,104.1875,83.13392857142857,97.86607142857143
0066.930,-903.9,-35.93333333333334,102.125,83.23214285714286,97.76785714285714
0066.961,-892.3625000000001,-34.91111111111111,100.1875,83.32440476190476,97.67559523809524
0066.992,-885.0875,-33.25,100.0,83.41666666666666,97.58333333333333
0067.031,-873.2250000000001,-31.133333333333336,99.8125,83.5327380952381,97.4672619047619
0067.062,-864.2384615384616,-30.333333333333332,99.0,83.625,97.375
0067.093,-854.8666666666666,-29.176923076923078,98.0,83.7172619047619,97.28273809523809
0067.133,-838.0,-30.0,95.4375,83.83630952380952,97.16369047619048
0067.165,-826.1666666666667,-28.85,95.0,83.9315476190476,97.06845238095238
0067.192,-813.7692307692308,-28.475,94.0,84.0,97.00000000000001
0067.233,-786.7230769230769,-24.40833333333333,93.0,84.0,97.0
0067.265,-752.6,-22.623076923076923,93.0,84.0,97.0
0067.297,-717.7500000000001,-19.633333333333333,93.0,84.0,97.0
0067.330,-677.875,-16.333333333333336,93.875,84.0,97.0
0067.363,-642.3076923076923,-13.600000000000001,94.0,84.0,97.0
0067.395,-609.553846153846,-9.069230769230769,95.9375,84.0,97.0
0067.426,-575.6416666666667,-5.638461538461538,100.625,84.0,97.0
0067.467,-530.55,-2.5166666666666666,108.875,84.0,97.0
0067.498,-496.45000000000005,0.3,111.0,84.0,97.0
0067.529,-463.34444444444443,0.15,108.6875,84.0,97.03125
0067.560,-432.7,3.855555555555555,106.5,84.0,97.07738095238095
0067.600,-387.4,7.8,103.0,84.0,97.13690476190477
0067.631,-349.925,13.200000000000001,101.3125,84.0,97.18303571428571
0067.664,-312.0333333333333,18.025,100.25,84.0,97.23214285714286
0067.696,-275.9083333333333,23.592307692307692,100.0,84.0,97.27976190476191
0067.728,-236.60000000000002,33.34166666666667,100.75,84.0,97.32738095238096
0067.759,-202.18333333333337,43.2,101.0,84.0,97.3735119047619
0067.798,-154.36923076923077,51.45,99.875,84.0,97.43154761904762
0067.830,-105.76666666666667,53.56666666666667,98.0,84.0,97.47916666666666
0067.861,-43.55,49.925,98.0,84.0,97.52529761904762
0067.900,46.1,43.30769230769231,97.0,84.0,97.58333333333334
0067.932,125.06666666666666,36.1,96.75,84.0,97.63095238095238
0067.964,207.0375,29.075,96.0,84.0,97.67857142857143
0067.998,281.2,23.1,95.375,84.0,97.72916666666666
0068.029,348.79999999999995,19.4625,96.0,84.0,97.77529761904762
0068.063,417.84999999999997,21.76666666666667,98.46666666666667,84.0,97.82589285714285
0068.095,478.38888888888886,25.025,106.0625,84.0,97.8735119047619
0068.128,526.75,28.04615384615385,110.625,84.0,97.92261904761904
0068.161,553.6666666666667,29.866666666666667,110.1875,84.0,97.97172619047619
0068.194,575.85,28.066666666666663,108.06666666666666,84.04179104477612,98.0
0068.227,601.4307692307692,27.433333333333334,105.0,84.14029850746267,98.0
0068.260,629.0333333333334,27.169230769230772,100.9375,84.23880597014926,98.0
0068.302,647.325,29.076923076923077,98.3529411764706,84.36417910447761,98.0
0068.335,649.3666666666667,30.376923076923077,97.0,84.46268656716418,98.0
0068.368,638.6166666666667,28.45,97.0,84.56119402985075,98.0
0068.399,618.9153846153846,28.03333333333333,97.0,84.65373134328358,98.0
0068.431,595.8923076923077,26.084615384615386,97.0,84.74925373134329,98.0
0068.462,574.0833333333334,26.583333333333336,97.0,84.84179104477613,98.0
0068.493,556.1333333333333,27.566666666666666,96.0,84.93432835820894,98.0
0068.535,523.6,24.125,95.75,85.0,98.0
0068.568,495.5153846153846,23.375,95.0,85.0,98.0
0068.600,473.20000000000005,20.199999999999996,95.0,85.0,98.0
0068.631,461.45000000000005,19.325,95.0,85.0,98.0
0068.664,459.97499999999997,18.975,95.0,85.0,98.0
0068.695,459.71538461538466,19.474999999999998,95.25,85.0,98.0
0068.727,460.7,21.923076923076927,98.75,85.0,98.0
0068.773,457.8416666666666,24.784615384615385,107.25,85.0,98.0
0068.799,455.3,25.433333333333334,111.0,85.0,98.0
0068.830,448.9076923076924,27.266666666666666,110.3125,85.0,98.0
0068.864,442.95,25.638461538461538,108.1875,85.03869047619048,98.00000000000001
0068.897,429.65,24.7625,104.125,85.13690476190476,98.00000000000001
0068.930,416.7,23.975,102.0625,85.23511904761904,98.0
0068.964,395.7307692307692,25.2,98.94117647058823,85.33630952380952,98.0
0068.996,378.75,29.3875,98.0,85.43154761904762,98.0
0069.027,365.63846153846157,32.36666666666667,97.0,85.52380952380952,98.0
0069.066,352.43749999999994,32.975,97.0,85.63988095238095,98.0
0069.097,347.8,32.45384615384616,97.0,85.73214285714286,98.0
0069.128,337.025,30.8,96.0,85.82440476190476,98.0
0069.160,326.775,30.775000000000002,95.0,85.91964285714286,98.0
0069.200,310.72499999999997,31.183333333333334,94.0,86.0,98.0
0069.232,293.09999999999997,31.53076923076923,94.0,86.0,98.0
0069.264,272.3666666666667,33.225,94.0,86.0,98.0
0069.295,255.7,33.925,94.0,86.0,98.0
0069.327,255.73076923076923,32.625,94.0,86.0,98.0
0069.368,273.2769230769231,32.33333333333333,95.0,86.0,98.0
0069.399,283.7,32.3,96.25,86.0,98.0
0069.430,293.1,38.891666666666666,102.5625,86.0,98.0
0069.462,296.73846153846154,57.5,108.375,86.0,98.0
0069.495,302.4,72.2,112.0,86.0,98.0
0069.528,301.29999999999995,85.15,109.6875,86.0,98.0
0069.569,299.0,79.29999999999998,106.25,86.0,98.0
0069.602,291.05,73.1,103.11764705882352,86.0,98.0
0069.627,286.6111111111111,69.51666666666665,101.5,86.0,98.0
0069.667,278.34615384615387,65.78333333333333,99.0,86.0,98.0
0069.699,272.2,66.51666666666667,98.0,86.0,98.0
0069.730,265.60833333333335,67.4,98.0,86.0,98.0
0069.762,255.5076923076923,65.12500000000001,98.0,86.0,98.0
0069.794,243.85,61.650000000000006,98.0,86.0,98.0
0069.840,228.33333333333331,58.15833333333333,95.1875,86.0,98.0
0069.866,219.86666666666667,57.346153846153854,94.5625,86.0,98.0
0069.899,206.8,56.27499999999999,94.0,86.0,98.0
0069.931,191.70000000000002,55.400000000000006,93.5,86.0,98.0
0069.965,174.5,52.375,93.0,86.0,98.0
0069.999,171.14999999999998,51.00000000000001,94.0,86.0,98.0
0070.032,190.9,48.27692307692307,94.0,86.0,98.0
0070.065,233.05,47.95,94.0,86.0,98.0
0070.097,268.13846153846157,48.883333333333326,94.875,86.0,98.0
0070.129,286.20769230769235,49.525,97.75,86.0,98.0
0070.161,288.8666666666667,48.05384615384616,105.75,86.0,98.0
0070.194,279.70000000000005,43.983333333333334,109.9375,86.04464285714286,98.0
0070.227,278.70000000000005,41.008333333333326,110.0,86.14285714285715,98.0
0070.260,274.91111111111104,38.95,106.9375,86.24107142857142,98.0
0070.302,263.2846153846154,36.33846153846154,103.3125,86.36607142857142,98.0
0070.340,254.825,34.1,99.0,86.47916666666667,98.0
0070.367,243.37692307692308,32.15,98.25,86.55952380952381,98.0
0070.400,228.45,27.41111111111111,97.0,86.6577380952381,98.0
0070.431,201.63333333333335,20.75,97.0,86.75,98.0
0070.463,170.175,16.0,97.0,86.8452380952381,98.0
0070.494,133.03076923076924,11.033333333333333,97.0,86.9375,98.0
0070.533,88.5,7.366666666666667,95.875,87.0,98.0
0070.566,55.3,5.438461538461538,95.0,87.0,98.0
0070.598,33.974999999999994,5.466666666666667,95.0,87.0,98.0
0070.631,8.861538461538462,7.666666666666666,94.0,87.0,98.0
0070.662,-17.766666666666666,8.253846153846155,94.0,87.0,98.0
0070.695,-38.18333333333333,9.776923076923078,95.0,87.0,98.0
0070.728,-44.24999999999999,10.35,95.0,87.0,98.0
0070.761,-33.633333333333326,9.8375,95.0,87.0,98.0
0070.795,-19.4,10.3,95.53333333333333,87.0,98.0
0070.827,-2.625,11.711111111111112,96.5625,87.0,98.0
0070.868,7.066666666666666,14.861538461538462,103.13333333333334,87.0,98.0
0070.899,7.999999999999999,16.383333333333333,108.11764705882352,87.0,97.99999999999999
0070.930,3.783333333333333,17.7,110.9375,87.0,98.0
0070.962,-2.7384615384615385,16.3,109.0625,87.0,98.00000000000001
0070.995,-6.083333333333333,14.815384615384614,106.0,87.0,98.0
0071.028,-9.941666666666666,11.900000000000002,101.9375,87.0,98.0
0071.061,-18.283333333333335,10.700000000000001,99.875,87.0,98.0
0071.093,-22.653846153846153,11.008333333333333,98.0,87.0,98.0
0071.134,-24.276923076923076,15.075000000000001,98.0,87.0,98.0
0071.168,-17.19230769230769,17.06666666666667,99.0,87.0,98.0
0071.201,-5.300000000000001,20.630769230769232,99.0,87.0,98.0
0071.233,4.525,22.433333333333334,98.0,87.0,98.0
0071.266,13.507692307692306,24.4,97.0,87.0,98.0
0071.297,21.25,24.123076923076923,95.125,87.0,98.0
0071.329,31.133333333333333,22.71666666666667,95.0,87.0,98.0
0071.361,51.2,20.975,95.0,87.0,98.0
0071.394,67.3,23.925,95.0,87.0,98.0
0071.426,78.8,27.715384615384615,95.0,87.0,98.0
0071.473,112.15,33.00769230769231,95.0,87.0,98.0
0071.498,133.85000000000002,33.88461538461539,95.0,87.0,98.0
0071.529,162.86666666666667,37.93333333333334,95.0,86.93154761904762,98.0
0071.559,186.61538461538464,51.55384615384615,95.3125,86.8422619047619,98.0
0071.599,208.02499999999998,75.18333333333334,100.4375,86.72321428571429,98.00000000000001
0071.632,220.325,92.28461538461539,106.625,86.625,98.0
0071.664,221.3,97.56249999999999,109.875,86.5297619047619,98.0
0071.695,211.53846153846155,95.79166666666666,110.23529411764706,86.4375,98.0
0071.727,204.75,94.01666666666667,107.375,86.3422619047619,98.0
0071.760,195.05,92.09166666666667,103.125,86.24404761904762,98.0
0071.793,193.7,91.46923076923076,101.0625,86.14583333333333,98.0
0071.832,184.5769230769231,88.48333333333333,98.625,86.0297619047619,98.0
0071.863,177.2125,86.3923076923077,98.0,85.96875,98.0
0071.893,175.26666666666668,83.59166666666667,98.0,85.92410714285715,98.0
0071.933,173.09230769230768,81.3,98.3125,85.86458333333334,98.0
0071.965,167.49166666666665,78.85833333333333,98.0,85.81696428571428,98.0
0071.998,160.38333333333333,79.03076923076924,97.0,85.76785714285714,98.0
0072.031,154.2,77.23333333333333,96.1875,85.71875,98.0
0072.065,150.8,76.5,96.0,85.66815476190476,97.99999999999999
0072.098,147.37777777777777,72.0625,95.0,85.61904761904762,98.0
0072.131,143.06250000000003,69.96666666666667,95.0,85.56994047619048,98.0
0072.163,137.7,66.3125,95.0,85.52232142857143,98.0
0072.195,136.9,66.4,95.0625,85.47470238095238,98.0
0072.227,144.0857142857143,65.625,96.0,85.42708333333334,98.0
0072.267,149.40769230769232,63.2,96.0,85.36755952380952,98.0
0072.300,151.04166666666666,59.330769230769235,96.0,85.31845238095238,98.0
0072.331,130.52727272727276,52.60000000000001,98.53333333333333,85.27232142857143,98.0
0072.364,87.10000000000001,40.05,103.25,85.22321428571429,98.0
0072.398,23.13846153846154,17.266666666666666,110.5,85.17261904761905,98.0
0072.431,-52.96666666666666,-11.807692307692308,111.1875,85.12351190476191,98.0
0072.462,-124.0,-42.58461538461539,109.25,85.07738095238095,98.0
0072.494,-197.77499999999998,-66.76666666666667,105.25,85.0297619047619,98.0
0072.526,-257.9692307692308,-84.1,103.25,84.99999999999999,98.0
0072.567,-326.7461538461538,-96.875,100.0,85.0,98.0
0072.600,-373.68333333333334,-105.325,100.0,85.0,98.0
0072.633,-422.8666666666667,-117.32307692307693,100.0,85.0,98.0
0072.667,-473.0666666666667,-129.20833333333331,101.0,85.0,98.0
0072.700,-521.6538461538462,-137.8,101.0,85.0,98.00000000000001
0072.731,-564.175,-141.8769230769231,99.4375,85.0,98.0
0072.762,-586.2416666666667,-139.18333333333334,98.5,85.0,98.0
0072.794,-597.5666666666666,-136.75,97.0,85.0,98.0
0072.833,-595.0923076923077,-134.525,96.0,85.0,98.0
0072.865,-584.423076923077,-129.58333333333331,96.0,85.0,98.0
0072.897,-573.0625,-124.66153846153847,96.0,85.0,98.0
0072.929,-556.2,-117.33076923076923,96.0,85.0,98.0
0072.961,-532.3375,-109.6,96.0,85.0,98.0
0073.002,-494.0,-103.33076923076922,96.0,85.0,98.0
0073.035,-461.5769230769231,-96.48333333333333,96.5625,85.0,98.0
0073.067,-439.35,-91.00833333333333,99.125,85.0,98.0
0073.098,-417.28461538461534,-86.70833333333331,103.0,85.0,98.0
0073.130,-406.20000000000005,-83.56666666666666,109.5,85.0,98.0
0073.164,-395.6,-81.81111111111112,110.375,85.0,98.0
0073.197,-387.22499999999997,-79.30000000000001,106.625,85.0,98.0
0073.229,-369.7769230769231,-78.76666666666667,103.625,85.0,98.0
0073.260,-351.30833333333334,-76.15384615384615,100.75,85.0,98.0
0073.301,-326.45,-72.33076923076922,97.0,85.0,98.0
0073.334,-305.17499999999995,-67.73333333333333,97.0,85.0,98.0
0073.368,-279.3333333333333,-64.0,97.0,85.0,98.0
0073.400,-247.67692307692306,-59.366666666666674,97.0,85.0,98.0
0073.434,-220.13333333333333,-56.98461538461538,97.0,85.0,98.0
0073.466,-200.3,-54.125,97.0,85.0,98.0
0073.498,-190.725,-52.366666666666674,96.0,85.0,98.0
0073.531,-183.83076923076922,-52.45,95.0,84.96279761904762,98.0
0073.563,-178.20833333333334,-49.45,95.0,84.91517857142857,98.0
0073.598,-171.6625,-48.0,95.0,84.86309523809524,98.00000000000001
0073.631,-163.2875,-43.849999999999994,95.0,84.81398809523809,98.0
0073.665,-150.42499999999998,-41.525000000000006,95.0,84.76339285714286,98.0
0073.697,-122.48461538461538,-38.650000000000006,95.0,84.71577380952381,98.0
0073.729,-86.5,-31.853846153846153,95.0,84.66815476190476,97.99999999999999
0073.761,-50.8,-24.558333333333334,95.0,84.62053571428572,98.0
0073.800,-23.25,-15.575000000000001,100.125,84.5625,98.0
0073.830,-9.638461538461538,-13.466666666666665,105.75,84.51785714285714,98.0
0073.862,3.85,-12.661538461538461,112.0,84.4702380952381,98.0
0073.895,19.9,-11.86923076923077,111.34375,84.42113095238095,98.0
0073.928,35.625,-10.5,107.625,84.37202380952381,98.0
0073.962,46.16153846153847,-10.3875,104.5,84.32142857142857,98.0
0073.996,46.8,-10.544444444444444,101.75,84.27083333333334,98.0
0074.029,39.599999999999994,-9.924999999999999,99.3125,84.22172619047619,98.0
0074.063,33.475,-8.9,98.1875,84.17113095238095,98.0
0074.096,29.033333333333335,-8.266666666666667,98.0,84.12202380952381,98.0
0074.128,20.4375,-7.333333333333334,98.0,84.07440476190477,98.0
0074.161,11.3,-6.469230769230769,98.0,84.02529761904762,98.0
0074.201,3.416666666666667,-4.733333333333333,96.5625,84.0,98.0
0074.233,3.05,-5.325,96.0,84.0,98.00000000000001
0074.265,6.433333333333334,-7.2846153846153845,95.0,84.0,98.0
0074.296,3.15,-7.958333333333333,94.0,84.0,98.0
0074.327,-0.5846153846153846,-8.675,94.0,84.0,98.0
0074.374,1.1153846153846159,-11.358333333333333,94.0,84.0,98.0
0074.408,20.933333333333334,-14.0,95.0,84.0,98.0
0074.426,41.19166666666666,-13.924999999999999,95.0,84.0,98.0
0074.468,78.66666666666667,-12.075,96.125,84.0,98.0
0074.500,104.4,-6.55,100.25,84.0,98.0
0074.534,116.35,-3.3384615384615386,105.75,84.0,98.0
0074.566,119.13333333333334,-0.6666666666666666,111.25,84.0,98.0
0074.597,119.59230769230768,-0.11250000000000002,110.8125,84.0,98.0
0074.630,119.81538461538462,-0.9375,108.5,84.0,98.0
0074.663,119.39166666666667,-0.725,104.375,84.0,98.0
0074.695,118.5,-2.6555555555555554,101.6875,84.0,98.0
0074.727,116.26666666666667,-2.2,99.0,84.0,98.0
0074.768,115.7875,0.03333333333333334,98.0,84.0,98.0
0074.801,117.36153846153846,2.666666666666667,98.0,84.0,98.0
0074.832,118.51666666666667,3.5846153846153848,99.0,84.0,98.0
0074.866,115.30000000000001,5.166666666666667,99.0,84.0,98.0
0074.899,105.50000000000001,6.666666666666667,97.9375,84.0,98.0
0074.930,93.7923076923077,6.15,97.0,84.0,98.0
0074.962,87.76666666666667,7.23076923076923,96.0,84.0,98.0
0074.993,76.74999999999999,5.6,95.0,84.0,98.0
0075.033,65.4,5.25,95.0,84.0,98.0
0075.066,63.46923076923077,4.625000000000001,96.0,84.0,98.0
0075.097,76.10000000000001,2.85,96.0,84.0,98.0
0075.128,96.95,3.253846153846154,96.0,84.0,98.0
0075.167,127.3875,3.683333333333333,96.86666666666666,84.0,98.0
0075.200,142.0625,7.1,98.875,83.95535714285714,98.0
0075.234,147.9230769230769,7.2,106.0,83.85416666666667,98.0
0075.269,141.56153846153845,6.233333333333333,110.25,83.75,98.0
0075.303,131.88333333333333,5.246153846153846,110.625,83.64880952380952,98.0
0075.340,120.44999999999999,5.566666666666666,107.3125,83.53869047619048,98.0
0075.373,111.65,5.808333333333334,103.25,83.44047619047619,98.0
0075.399,101.19999999999999,4.4,101.66666666666667,83.36309523809524,98.0
0075.431,93.025,2.6,99.625,83.26785714285714,98.0
0075.463,71.94999999999999,1.325,98.0,83.17261904761905,98.0
0075.494,55.907692307692315,-3.258333333333333,98.3125,83.08035714285714,98.0
0075.533,28.133333333333333,-5.746153846153846,99.0,83.0,98.0
0075.566,4.95,-7.292307692307693,99.0,83.0,98.0
0075.600,-25.0,-9.325,98.0,83.0,98.0
0075.631,-46.67777777777778,-13.116666666666667,97.0,83.0,98.0
0075.663,-68.44999999999999,-15.95,96.0,83.0,98.0
0075.694,-91.1,-18.03076923076923,95.1875,83.0,98.0
0075.734,-123.48333333333333,-19.776923076923076,95.0,83.0,98.0
0075.765,-147.56153846153848,-20.03333333333333,96.0,83.0,98.0
0075.797,-161.32500000000002,-22.684615384615384,96.0,83.0,98.0
0075.830,-155.125,-23.666666666666668,96.0,83.0,98.0
0075.862,-143.24615384615385,-20.65833333333333,96.0,83.0625,98.0
0075.894,-132.6,-14.9,97.3125,83.1577380952381,98.0
0075.934,-128.0125,-9.2375,103.625,83.27678571428572,98.00000000000001
0075.967,-124.8375,-8.81111111111111,108.75,83.375,98.0
0076.000,-127.375,-11.100000000000001,111.0,83.47321428571428,98.0
0076.033,-127.82307692307693,-16.45,109.0,83.57142857142858,98.0
0076.065,-134.55,-20.5,107.0,83.66666666666667,98.0
0076.096,-142.375,-26.453846153846158,103.0625,83.75892857142857,98.0
0076.128,-146.9,-29.892307692307693,102.0,83.85416666666666,98.0
0076.168,-143.24166666666667,-35.766666666666666,99.0,83.97321428571429,98.0
0076.199,-124.8153846153846,-37.0,99.0,84.0,98.0
0076.232,-92.33846153846153,-36.650000000000006,99.0,84.0,98.00000000000001
0076.265,-56.25000000000001,-32.846153846153854,99.0,84.0,98.0
0076.297,-24.787499999999998,-27.45,98.5,84.0,98.0
0076.329,-5.21111111111111,-20.60833333333333,98.0,84.0,98.0
0076.361,-0.9,-18.6,97.0,84.0,98.0
0076.394,0.4,-15.4,96.4375,84.0,98.0
0076.426,-8.438461538461539,-15.6,95.0,84.0,98.0
0076.466,-8.8,-17.09166666666667,94.0,84.0,98.0
0076.498,3.661538461538462,-18.15,94.0,84.0,98.0
0076.531,44.900000000000006,-18.45,94.13333333333334,84.0,98.0
0076.563,99.83333333333331,-16.616666666666667,95.125,84.0,98.0
0076.595,155.26666666666668,-10.575,96.1875,84.0,98.0
0076.627,188.3692307692308,-5.933333333333334,99.375,84.0,98.0
0076.667,203.1,-2.1750000000000003,107.375,84.0,98.0
0076.697,196.86666666666667,-0.7384615384615385,110.5625,84.0,98.0
0076.729,191.075,-0.55,107.875,84.0,98.0
0076.761,186.33333333333334,2.3125,103.3125,84.0,98.0
0076.803,190.44615384615386,2.0333333333333337,94.8125,84.0,98.0
0076.827,193.95,3.888888888888889,92.625,84.0,98.0
0076.867,203.61666666666667,5.4461538461538455,90.0,84.00000000000001,98.0
0076.898,207.55384615384617,9.525,90.0,83.99999999999999,98.0
0076.930,207.06923076923078,11.066666666666666,90.0,84.0,98.0
0076.962,200.875,13.107692307692309,91.0,84.0,98.0
0076.995,188.46666666666667,14.53076923076923,91.1875,84.0,98.0
0077.027,176.64999999999998,14.166666666666668,92.0,84.0,98.0
0077.068,166.48333333333335,13.850000000000001,93.0,84.0,98.0
0077.099,163.12307692307695,13.624999999999998,93.0,84.0,98.0
0077.131,159.5,12.6,94.6875,84.0,98.0
0077.164,151.7,13.235714285714284,95.70588235294117,84.0,98.0
0077.198,144.6,14.633333333333333,97.0,84.00000000000001,98.0
0077.230,141.0,14.0,99.8125,84.0,98.0
0077.263,134.5,14.2,101.0,84.0,98.0
0077.296,127.6,12.384615384615385,103.9375,84.0,98.0
0077.328,109.81111111111112,9.6,105.9375,84.0,98.0
0077.368,75.0,5.6125,113.3125,84.0,98.0
0077.399,33.849999999999994,1.6375,117.75,84.0,98.0
0077.430,-6.3,0.8,120.0,84.0,98.0
0077.463,-43.56153846153846,-0.6,117.25,84.0,98.0
0077.495,-61.366666666666674,-0.6666666666666666,114.625,84.0,98.0
0077.528,-70.33333333333334,-0.3923076923076923,111.5625,84.0,98.0
0077.562,-77.3,1.153846153846154,109.4375,84.0,98.0
0077.594,-82.63076923076923,3.9,108.0,84.0,98.0
0077.634,-83.9,7.299999999999999,106.0,84.0,98.0
0077.666,-85.79230769230769,12.25,106.0,84.0,98.0
0077.697,-90.23333333333333,13.266666666666667,105.0,84.0,98.0
0077.728,-96.08333333333334,12.553846153846154,104.0,84.0,98.0
0077.760,-105.41666666666666,11.733333333333333,102.0625,84.0,98.0
0077.800,-111.78888888888889,9.25,99.0,84.0,98.0
0077.831,-108.1125,8.5875,98.0,84.0,98.0
0077.863,-94.5,7.966666666666667,97.0,84.0,98.0
0077.894,-75.16666666666669,9.844444444444445,96.0,84.0,98.0
0077.935,-45.8,11.450000000000001,95.0,84.0,98.0
0077.967,-11.9,13.5,94.125,84.0,98.0
0077.999,19.491666666666667,15.8,94.0,84.0,98.0
0078.032,60.30833333333333,20.06923076923077,94.9375,84.0,98.0
0078.065,86.49230769230769,27.4,99.0,84.0,98.0
0078.097,97.15384615384616,56.88333333333333,107.0,84.0,98.0
0078.128,93.9,83.29999999999998,109.9375,84.0,98.0
0078.167,70.99999999999999,107.73846153846155,108.25,84.0,98.0
0078.199,62.86666666666667,109.2125,105.625,84.0,98.0
0078.230,57.93846153846154,103.5875,103.6875,84.0,98.0
0078.261,64.275,99.875,100.75,84.0,98.0
0078.293,67.575,100.0,98.75,84.0,98.0
0078.335,70.60000000000001,100.2,98.0,84.0,98.0
0078.367,78.96666666666667,102.31666666666668,98.0,84.0,98.0
0078.401,85.62307692307692,100.3,98.0,84.0,98.0
0078.434,95.2,102.0,98.0,84.0,98.0
0078.465,98.08333333333334,102.10833333333333,97.9375,84.0,98.0
0078.497,106.48461538461538,101.41666666666669,96.9375,84.0,98.0
0078.529,112.625,101.52307692307693,96.0,84.0,98.0
0078.562,114.60769230769232,99.46666666666667,95.0,84.00000000000001,98.0
0078.594,115.15,100.275,95.0,84.0,98.0
0078.635,106.96666666666667,95.45833333333333,95.0,84.0,98.0
0078.667,107.03333333333335,90.73076923076923,95.0,84.0,98.0
0078.699,112.85,87.1,95.0,84.0,98.0
0078.732,121.17692307692307,85.6,94.75,84.0,98.0
0078.765,131.26666666666668,81.9,95.8125,84.0,98.0
0078.798,135.16666666666669,80.5,100.625,84.0,98.0
0078.830,130.175,73.7,109.625,84.0,98.0
0078.861,113.43076923076923,65.66666666666667,112.8125,84.0,98.0
0078.900,90.6076923076923,52.400000000000006,110.75,84.0,98.0
0078.932,75.575,40.575,107.75,84.0,98.0
0078.965,60.699999999999996,25.957142857142856,104.5,84.0,98.0
0078.997,40.025,12.15,101.75,84.0,98.0
0079.028,13.9,-1.5,99.8125,84.0,98.0
0079.060,-25.21666666666667,-10.611111111111112,98.0,84.0,98.0
0079.098,-68.93333333333334,-21.97692307692308,98.0,84.0,98.0
0079.129,-108.0,-29.783333333333335,97.0,84.0,98.0
0079.161,-151.75384615384615,-36.916666666666664,96.0,84.0,98.0
0079.195,-201.24999999999997,-44.641666666666666,95.33333333333334,84.0,98.0
0079.226,-245.09166666666664,-46.733333333333334,94.375,84.0,98.0
0079.266,-294.0,-48.358333333333334,94.0,84.0,98.0
0079.297,-329.1,-48.25000000000001,94.0,84.0,98.0
0079.329,-363.65,-49.31666666666667,93.0,84.0,98.0
0079.361,-389.14166666666665,-49.55833333333334,93.0,84.0,98.0
0079.402,-405.2333333333333,-55.35384615384615,93.0,84.0,98.0
0079.434,-401.9,-57.6,93.0,84.0,98.0
0079.465,-396.1333333333333,-60.25833333333333,94.0,84.0,98.0
0079.496,-392.125,-60.541666666666664,95.5,84.0,98.0
0079.528,-389.7857142857143,-62.02499999999999,101.5,83.99999999999999,98.0
0079.561,-390.6583333333333,-63.637499999999996,107.6875,84.0,98.0
0079.595,-388.15,-67.73333333333333,111.0,84.0,98.0
0079.628,-383.70000000000005,-74.7625,109.5,84.0,98.0
0079.660,-380.2230769230769,-80.14999999999999,107.25,84.0,98.0
0079.701,-368.1615384615385,-83.56666666666666,102.6875,84.0,98.0
0079.734,-355.8666666666667,-79.31666666666666,101.0,84.0,98.0
0079.767,-342.6166666666667,-76.7,98.5625,84.0,98.0
0079.799,-331.625,-72.11666666666667,98.0,84.0,98.0
0079.832,-314.8769230769231,-68.35,98.0,84.0,98.0
0079.865,-298.776923076923,-63.58333333333333,97.0,84.0,98.00000000000001
0079.898,-276.89230769230767,-56.1,96.375,84.0,98.0
0079.930,-261.84615384615387,-50.625,95.0,84.0,98.0
0079.962,-245.4,-44.323076923076925,94.375,84.0,98.0
0079.995,-221.2,-41.575,94.0,84.0,98.0
0080.027,-195.97777777777776,-39.45,94.0,84.0,98.0
0080.069,-174.2,-34.86666666666667,94.0,84.0,98.0
0080.100,-166.6875,-28.550000000000004,94.0,84.0,98.0
0080.132,-145.525,-25.884615384615387,94.0,84.0,98.0
0080.166,-104.625,-23.4,94.0,84.0,98.0
0080.200,-53.13076923076923,-22.1,94.0,84.0,98.0
0080.233,-0.7583333333333329,-19.3875,95.0,84.0,98.0
0080.266,32.041666666666664,-17.291666666666664,100.875,84.0,98.0
0080.298,47.766666666666666,-16.338461538461537,106.25,84.0,98.0
0080.330,51.09230769230769,-14.1,111.625,84.0,98.0
0080.362,48.775,-12.253846153846153,111.375,84.0,98.0
0080.394,45.96666666666667,-11.823076923076922,109.375,84.0,98.0
0080.434,40.525,-9.96923076923077,104.875,84.0,98.0
0080.465,39.61538461538461,-9.666666666666668,103.9375,84.0,98.0
0080.497,42.30769230769231,-8.675,100.9375,84.0,98.0
0080.531,38.0,-8.933333333333334,99.0,84.0,98.0
0080.563,35.975,-9.2,99.0,84.0,98.0
0080.595,30.075000000000003,-7.091666666666667,99.0,84.0,98.0
0080.634,27.14615384615385,-8.175,98.0,84.0,98.0
0080.665,21.562500000000004,-6.5,96.4375,84.0,98.0
0080.696,16.1875,-8.176923076923076,95.5,84.0,98.0
0080.729,11.491666666666665,-8.266666666666667,94.4375,84.0,98.0
0080.760,9.253846153846153,-8.7,94.0,84.0,98.0
0080.801,5.2,-8.299999999999999,94.0,84.0,98.0
0080.833,-1.5499999999999998,-6.969230769230769,94.0,84.0,98.0
0080.866,-18.208333333333336,-5.776923076923078,94.0,84.0,98.0
0080.900,-22.7,-5.675,94.0,84.0,98.0
0080.933,-13.476923076923077,-6.1,94.0,84.0,98.0
0080.966,10.766666666666666,-6.2625,94.0,84.0,98.0
0080.999,37.699999999999996,-5.0,94.0,84.0,98.0
0081.030,58.68888888888889,-4.9,95.8235294117647,84.0,98.0
0081.062,69.22222222222223,-3.1,103.125,84.0,98.0
0081.093,72.83076923076923,-1.6250000000000002,108.66666666666667,84.0,98.0
0081.132,65.4,-0.3769230769230769,112.0,84.0,98.0
0081.164,59.2,-1.0166666666666666,110.19999999999999,84.0,98.0
0081.197,52.08461538461538,-2.5,107.375,84.00000000000001,98.0
0081.229,47.4,-2.75,104.125,84.0,98.0
0081.262,42.88333333333333,-1.5,103.0,84.0,98.0
0081.294,38.246153846153845,-2.15,100.0625,84.0,98.0
0081.327,31.6,-1.9,99.0,84.0,98.0
0081.368,28.7,-5.233333333333334,98.0,84.0,98.0
0081.401,42.650000000000006,-4.166666666666667,98.0,84.0,98.0
0081.435,61.7,-3.3769230769230765,97.0,84.0,98.0
0081.468,74.97692307692307,3.7,95.1875,84.0,98.0
0081.501,65.5,20.1,95.0,84.0,98.0
0081.534,49.5,48.6,96.0,84.0,98.0
0081.566,29.783333333333335,71.1,97.9375,84.00000000000001,98.0
0081.598,16.5,86.65833333333332,98.9375,84.0,98.0
0081.630,9.833333333333332,81.80000000000001,99.0,84.0,98.0
0081.663,1.55,80.21666666666667,98.0,84.0,98.0
0081.696,-1.9,79.37692307692308,96.0,84.0,98.0
0081.729,-6.75,75.99166666666667,95.0,84.0,98.0
0081.761,0.7,73.48333333333333,94.0,84.0,98.0
0081.794,14.225,71.43333333333334,93.1875,84.0,98.0
0081.841,43.150000000000006,76.5,97.375,83.99404761904762,98.0
0081.858,50.9,78.4375,100.5625,83.94345238095238,98.0
0081.899,66.06153846153846,82.97500000000001,107.5,83.82142857142857,98.0
0081.931,71.5909090909091,83.6,111.0,83.72619047619048,98.0
0081.962,74.55000000000001,85.2,110.3125,83.63392857142857,98.0
0081.998,75.05,86.17777777777778,109.0625,83.52678571428572,98.0
0082.030,67.33333333333333,82.1875,106.0625,83.43154761904762,98.0
0082.064,65.09230769230768,80.02499999999999,103.9375,83.33035714285714,98.0
0082.096,61.05,78.08749999999999,100.9375,83.23511904761905,98.0
0082.129,62.575,78.05,98.875,83.13690476190476,98.0
0082.161,64.5,78.76153846153846,98.0,83.04166666666666,98.0
0082.194,57.96666666666667,77.57499999999999,97.8125,83.0,98.0
0082.233,53.730769230769226,74.44166666666666,96.375,82.99999999999999,98.0
0082.266,51.23333333333334,71.8,95.0,83.0,98.0
0082.298,49.669230769230765,70.78461538461539,94.0,83.0,98.0
0082.331,49.853846153846156,72.29166666666667,93.0,83.0,98.0
0082.362,48.82727272727273,72.07499999999999,93.0,83.0,98.0
0082.394,52.46666666666667,72.13333333333333,94.0,83.0,98.0
0082.434,59.45,69.73846153846154,94.0,83.0,98.0
0082.466,63.91666666666667,89.3625,94.0,83.0,98.0
0082.498,73.78333333333333,111.475,95.0,83.0,98.0
0082.530,80.7,128.90833333333333,95.0,82.88690476190476,98.0
0082.562,97.4,142.43333333333334,93.8125,82.69642857142857,98.0
0082.594,118.49230769230769,130.04285714285714,92.99999999999999,82.50595238095238,98.0
0082.636,151.48461538461538,123.3,93.75,82.25595238095238,98.0
0082.670,168.79230769230767,119.07499999999999,98.80000000000001,82.05357142857142,98.0
0082.695,180.45,118.09166666666664,103.4,81.9047619047619,98.0
0082.726,187.05,116.37692307692308,110.0,81.7202380952381,98.0
0082.766,191.4714285714286,144.73333333333335,110.11764705882354,81.48214285714286,98.0
0082.800,197.3,175.4,106.9375,81.27976190476191,98.0
0082.833,193.7,200.9,104.875,81.08333333333334,98.0
0082.867,193.7625,202.83333333333334,102.75,81.0,98.0
0082.900,200.9,193.28333333333336,100.0,81.0,98.0
0082.933,213.45,186.43333333333334,99.0,81.0,98.0
0082.965,614.0249999999999,182.04615384615386,99.0,81.0,98.0
0082.998,1057.107692307692,177.68333333333334,100.0,81.0,98.0
0083.031,1461.3000000000002,173.53333333333333,100.0,81.0,98.0
0083.063,1593.3666666666666,171.38461538461536,98.5,81.0,98.0
0083.095,1498.3000000000002,166.91538461538462,97.5,81.0,98.0
0083.126,1409.0615384615385,163.55833333333334,95.0,81.0,98.0
0083.166,1307.5666666666666,156.93333333333334,95.0,81.0,98.0
0083.198,1226.3125,148.88333333333333,95.0,80.96975806451613,98.0
0083.230,1152.8666666666668,140.6,95.9375,80.90524193548387,98.0
0083.261,1066.746153846154,131.3,96.875,80.84274193548387,98.0
0083.293,981.3888888888889,121.80000000000001,97.875,80.77822580645162,98.0
0083.333,853.8076923076923,103.69166666666666,97.625,80.69758064516128,97.99999999999999
0083.364,790.5125,90.125,96.6875,80.63508064516128,98.0
0083.397,742.325,74.59230769230768,96.0,80.56854838709678,98.0
0083.430,708.2666666666667,59.738461538461536,96.0,80.50201612903226,98.0
0083.462,678.5666666666666,43.50833333333333,97.4375,80.4375,98.0
0083.495,649.1833333333334,22.39230769230769,101.5,80.37096774193549,98.00000000000001
0083.528,613.3833333333332,2.3,110.125,80.30443548387096,98.0
0083.561,569.7846153846153,-19.1,111.83870967741936,80.23790322580645,98.0
0083.594,531.4,-35.3,111.3125,80.17137096774192,98.0
0083.627,495.73333333333335,-49.7,108.1875,80.10483870967742,98.0
0083.660,454.73333333333335,-61.892307692307696,106.1764705882353,80.0383064516129,98.0
0083.700,409.1,-74.24615384615385,101.25,79.95766129032259,98.0
0083.731,358.7307692307692,-79.8,98.6875,79.89516129032259,98.0
0083.765,317.075,-90.0,97.0,79.8266129032258,98.0
0083.797,264.81666666666666,-104.56666666666666,97.0,79.76209677419355,98.0
0083.831,215.675,-119.05,97.0,79.69354838709677,98.0
0083.864,152.97692307692307,-132.8,96.375,79.62701612903226,98.0
0083.896,96.975,-137.92499999999998,96.0,79.5625,98.0
0083.929,38.108333333333334,-145.4,96.0,79.49596774193549,98.0
0083.961,-20.069230769230767,-148.69285714285715,96.0,79.43145161290323,98.0
0083.995,-79.5,-154.20000000000002,96.0,79.36290322580645,98.0
0084.027,-124.88333333333333,-155.89999999999998,95.1875,79.29838709677419,98.0
0084.068,-177.81666666666666,-160.13333333333333,94.0,79.21572580645162,98.0
0084.099,-211.63846153846154,-163.2153846153846,94.29411764705881,79.15322580645162,98.0
0084.130,-235.83333333333334,-169.33333333333331,95.1875,79.0907258064516,98.0
0084.162,-242.34615384615384,-174.50000000000003,97.0,79.02620967741936,98.0
0084.193,-234.4,-179.6,97.0,79.0,98.0
0084.232,-210.60000000000002,-176.31111111111113,97.5625,79.0,98.0
0084.264,-197.89999999999998,-170.6,99.5625,79.0,98.0
0084.295,-189.60000000000002,-164.7,103.5,79.0,98.0
0084.327,-185.70833333333334,-158.6,110.5,79.0,98.0
0084.359,-174.86666666666665,-153.07692307692307,111.0,79.0,98.0
0084.403,-137.23333333333332,-142.8,107.5,79.0,98.0
0084.427,-115.75555555555555,-137.5,105.25,79.0,98.0
0084.459,-85.4,-128.66666666666669,102.25,79.0,98.0
0084.500,-51.0,-120.9,98.6875,79.0,98.0
0084.530,-25.6625,-114.08333333333333,97.8125,78.94336810730253,98.0
0084.561,1.6461538461538463,-108.66666666666666,97.0,78.85096870342772,98.0
0084.592,25.266666666666666,-102.25,97.0,78.7585692995529,98.0
0084.631,37.63333333333333,-94.6,97.0,78.64232488822653,98.0
0084.664,42.699999999999996,-88.23846153846154,96.0,78.54396423248883,98.0
0084.696,41.80769230769231,-85.3,95.4375,78.44858420268257,98.00000000000001
0084.729,46.36666666666667,-82.3,94.375,78.35022354694486,98.0
0084.762,43.2,-80.1,94.0,78.25186289120715,98.0
0084.794,44.04166666666667,-76.33076923076922,93.3125,78.15648286140089,98.0
0084.834,38.53333333333334,-71.16666666666666,93.1875,78.03725782414307,98.0
0084.865,34.56923076923077,-65.76249999999999,94.0,77.94485842026825,98.0
0084.896,32.25,-63.55833333333333,95.0,77.85245901639345,98.0
0084.929,44.5875,-61.93846153846154,96.0,77.75409836065575,98.0
0084.960,69.05833333333332,-62.166666666666664,96.0,77.66169895678092,98.0
0084.992,103.35384615384615,-60.1,96.125,77.56631892697466,98.0
0085.033,137.48888888888888,-56.21666666666666,98.33333333333334,77.4441132637854,98.0
0085.066,145.85833333333335,-53.68333333333333,104.5,77.34575260804769,98.0
0085.099,151.7875,-51.07692307692308,108.625,77.24739195230998,98.0
0085.130,151.16923076923075,-47.6,109.25,77.15499254843517,98.0
0085.162,151.55833333333334,-45.400000000000006,108.25,77.05961251862892,98.0
0085.194,153.05,-44.4,105.25,77.0,98.0
0085.234,140.50833333333333,-44.8375,102.75,77.0,98.0
0085.264,129.0666666666667,-44.2,100.875,77.0,98.0
0085.295,116.88461538461539,-43.0625,98.9375,77.0,98.0
0085.326,107.02499999999999,-41.74166666666667,98.0,77.0,98.0
0085.366,97.09230769230768,-41.41666666666667,98.0,77.0,98.0
0085.396,83.43076923076923,-40.400000000000006,97.625,77.0,98.0
0085.428,59.2,-40.15,96.625,77.0,98.0
0085.460,37.78333333333333,-41.738461538461536,95.0,77.0,98.0
0085.499,-5.0,-43.44615384615385,95.0,77.0,98.0
0085.530,-29.924999999999997,-45.833333333333336,96.0,77.0,98.0
0085.564,-57.71428571428571,-46.7,95.125,77.0,98.00000000000001
0085.597,-86.14615384615385,-45.93333333333334,95.0,77.0,98.0
0085.629,-117.25000000000001,-47.53333333333333,94.0625,77.0,98.0
0085.662,-149.73076923076923,-51.349999999999994,95.0,77.0,98.0
0085.695,-175.5,-57.2,95.0625,77.0,98.0
0085.726,-191.7166666666667,-62.65,96.0,77.0,98.0
0085.766,-206.10000000000002,-66.44615384615385,96.0,77.0,98.0
0085.797,-221.39230769230767,-66.10000000000001,97.875,77.0,98.0
0085.832,-239.7846153846154,-70.35,102.875,77.0,98.0
0085.866,-280.56666666666666,-77.11666666666667,110.5,77.0,98.0
0085.899,-332.1166666666667,-83.7923076923077,111.90625,77.0,98.0
0085.930,-382.40000000000003,-88.05,110.25,77.0,98.0
0085.963,-426.3,-91.58461538461539,107.1875,77.0,98.0
0085.997,-464.20000000000005,-94.22500000000001,105.0625,77.0,98.0
0086.030,-495.0625,-95.3625,103.0,77.0,98.0
0086.064,-524.7,-95.47142857142858,101.0,77.0,98.0
0086.098,-531.5230769230769,-94.5,100.0,77.0,98.0
0086.131,-523.875,-92.04166666666667,100.0,77.0,98.0
0086.165,-513.6,-86.85000000000001,100.0,77.0,98.0
0086.198,-501.84999999999997,-81.04615384615384,99.0,77.0,98.0
0086.232,-499.2,-76.0,98.375,77.0,98.0
0086.266,-490.7307692307693,-71.675,97.0,77.0,98.0
0086.299,-484.13846153846157,-68.95833333333333,96.0,77.0,98.0
0086.333,-477.83333333333337,-62.8,95.0625,77.0,98.0
0086.366,-473.2666666666667,-57.53846153846153,95.0,77.0,98.0
0086.401,-453.2538461538462,-50.93333333333334,95.0,77.0,98.0
0086.434,-412.8230769230769,-46.125,95.0,77.0,98.0
0086.467,-349.82499999999993,-42.974999999999994,95.0,77.0,98.0
0086.499,-283.90000000000003,-40.369230769230775,94.6875,77.0,98.0
0086.534,-220.85,-37.9,95.0,77.0,98.0
0086.569,-166.73846153846154,-35.225,97.375,77.0,97.99999999999999
0086.602,-124.2125,-31.325,105.25,77.0,98.0
0086.635,-87.5375,-26.1875,109.625,77.0,98.0
0086.667,-59.7,-23.892307692307693,110.1875,77.0,98.0
0086.700,-35.2625,-23.93333333333333,108.25,77.0,98.0
0086.732,-24.4,-24.623076923076923,105.25,77.0,98.0
0086.764,-15.930769230769233,-27.300000000000004,101.125,77.0,98.0
0086.796,-8.225000000000001,-25.700000000000003,99.125,77.0,98.0
0086.828,3.116666666666667,-21.783333333333335,98.0,77.0,98.0
0086.868,22.5,-16.46153846153846,99.0,77.0,98.0
0086.899,44.707692307692305,-13.100000000000001,100.3125,77.0,98.0
0086.932,69.43846153846154,-11.433333333333334,101.0,77.0,98.0
0086.964,92.26666666666667,-10.8,100.0,77.0,97.99999999999999
0086.995,104.1375,-9.207692307692309,97.625,77.0,98.0
0087.027,107.8,-7.716666666666667,95.625,77.0,97.99999999999999
0087.067,108.96153846153847,-4.0,93.125,77.0,98.0
0087.099,112.425,-2.9125,93.0,77.0,98.0
0087.131,117.07499999999999,0.5000000000000001,93.875,77.0,98.0
0087.163,112.8,4.4,94.875,77.0,98.0
0087.195,114.35555555555555,8.3,95.0,77.0,98.0
0087.234,136.61666666666665,9.891666666666666,95.0,77.0,98.0
0087.265,170.65,13.0,96.0,77.0,98.0
0087.298,206.75,12.684615384615384,96.0,77.0,98.0
0087.331,227.67692307692306,14.983333333333333,96.75,77.0,98.0
0087.363,236.225,14.525,100.75,77.0,98.0
0087.397,225.53333333333333,13.816666666666668,109.0,77.0,98.0
0087.428,199.03333333333336,15.815384615384616,111.4375,77.0,98.0
0087.460,171.64615384615388,17.5,110.58823529411765,77.0,98.0
0087.501,133.63076923076923,18.733333333333334,108.0,77.0,98.0
0087.533,106.6153846153846,16.0,105.0,77.0,98.0
0087.566,90.475,15.674999999999999,101.9375,77.0,98.0
0087.600,84.93333333333334,16.6,100.0,77.0,98.0
0087.632,96.07499999999999,20.3,99.0,77.0,98.0
0087.664,113.99166666666667,24.466666666666665,99.0,77.0,98.0
0087.697,134.65,26.933333333333337,98.0,77.0,98.0
0087.729,159.75,35.8,98.0,77.0,98.0
0087.761,181.60769230769233,53.56666666666666,97.75,77.0,98.0
0087.794,203.93333333333334,68.63333333333334,96.6875,77.0,98.0
0087.834,218.5,81.76666666666665,96.0,77.0,98.0
0087.866,225.90000000000003,75.30000000000001,95.0,77.0,97.99999999999999
0087.899,226.83333333333337,73.66153846153847,94.125,77.0,98.0
0087.931,222.72307692307692,72.56666666666666,94.0,77.0,98.0
0087.963,218.87499999999997,73.05000000000001,95.0,77.0,97.99999999999999
0087.996,220.275,72.33846153846154,95.0,77.0,98.0
0088.029,248.6,72.1,96.0,77.0,98.0
0088.061,274.9166666666667,72.68333333333334,96.0,77.0,98.0
0088.093,305.9384615384615,72.55,96.0,77.0,98.0
0088.133,306.525,73.825,99.0,77.0,98.0
0088.166,296.9375,72.07499999999999,104.6875,77.0,97.99999999999999
0088.198,281.9,70.26923076923077,111.125,77.0,98.0
0088.231,269.2,67.18333333333332,112.0,77.0,98.0
0088.263,259.3666666666667,62.93333333333334,108.375,77.0,98.0
0088.294,248.3,57.833333333333336,106.4375,77.0,98.0
0088.327,230.8,55.68333333333334,104.375,77.0,98.0
0088.359,212.82222222222222,51.44615384615385,102.0,77.0,98.0
0088.400,186.84615384615387,47.99230769230769,100.8125,77.0,98.0
0088.433,167.2,44.475,100.0,77.0,98.0
0088.466,141.28333333333333,39.400000000000006,99.6875,77.0,98.0
0088.497,127.80000000000001,34.17777777777778,98.75,77.0,98.0
0088.529,110.46923076923078,25.566666666666666,98.0,77.0,98.0
0088.562,96.73076923076923,15.175,97.0,77.0,98.0
0088.593,72.54166666666666,7.075,95.90625,77.0,98.0
0088.632,29.624999999999996,-3.792307692307692,95.0,77.0,98.0
0088.664,-6.999999999999998,-9.245454545454546,95.0,77.0,98.0
0088.697,-57.475,-16.191666666666666,95.0,77.0,98.0
0088.731,-119.3,-22.133333333333333,95.0,77.0,98.0
0088.765,-176.5,-29.307692307692307,96.0,77.0,98.0
0088.799,-229.5769230769231,-37.958333333333336,96.0,77.0,98.0
0088.832,-268.01666666666665,-47.55833333333333,96.0,77.0,98.0
0088.864,-294.4666666666667,-54.7,96.0,77.0,98.0
0088.896,-314.47499999999997,-61.0625,96.0,77.0,98.0
0088.928,-354.5769230769231,-65.0,97.25,77.0,98.0
0088.960,-409.79999999999995,-73.5,101.25,77.0,98.0
0089.002,-492.2166666666666,-83.475,110.60000000000001,77.0,98.0
0089.027,-535.925,-90.41666666666666,112.0,77.0,98.0
0089.060,-588.5,-95.73846153846154,109.58823529411765,77.0,98.0
0089.101,-648.3916666666667,-97.97692307692307,107.0,77.0,98.0
0089.133,-694.9692307692308,-100.45,105.0,77.0,98.0
0089.164,-739.975,-100.11666666666666,102.06666666666666,77.0,98.0
0089.196,-785.2833333333333,-99.74444444444445,101.0,77.0,98.0
0089.228,-829.8571428571428,-99.575,99.0625,77.0,98.0
0089.260,-865.6846153846154,-99.525,99.0,77.0,98.0
0089.300,-902.6,-99.73333333333335,98.0,77.0,98.0
0089.331,-932.525,-98.4,97.625,77.0,98.0
0089.364,-953.0250000000001,-95.31666666666666,96.5625,77.0,98.0
0089.397,-960.375,-91.69166666666666,95.5,77.0,98.0
0089.430,-955.7499999999999,-89.93076923076924,95.0,77.0,98.0
0089.462,-941.8166666666667,-88.39230769230768,94.4375,77.0,98.0
0089.494,-925.0307692307692,-85.93333333333334,94.0,77.0,98.0
0089.527,-904.3833333333333,-83.06666666666666,94.0,77.0,98.0
0089.560,-889.5833333333333,-78.21538461538462,94.0,77.0,98.0
0089.602,-863.4666666666667,-74.8,95.0,77.0,98.0
0089.626,-839.9000000000001,-72.23076923076923,95.0,77.0,98.0
0089.666,-789.9461538461537,-69.36923076923077,95.0,77.0,98.0
0089.697,-750.4666666666667,-68.03333333333333,95.25,77.0,98.0
0089.729,-718.7166666666667,-65.125,97.25,77.0,98.0
0089.761,-695.45,-63.28333333333334,101.5,77.0,98.0
0089.799,-674.5500000000001,-60.46153846153847,108.625,77.0,98.0
0089.831,-662.625,-57.4375,110.0,77.0,98.0
0089.862,-650.3888888888889,-55.575,107.4375,77.00000000000001,98.0
0089.894,-633.6500000000001,-54.5,104.875,77.0,98.0
0089.926,-617.125,-52.6,102.4375,76.99999999999999,98.0
0089.968,-590.2,-50.62307692307693,99.8125,77.0,98.0
0090.001,-569.0333333333333,-48.699999999999996,99.0,77.0,98.0
0090.034,-539.6125,-47.025,99.0,77.0,98.0
0090.068,-510.8666666666667,-44.715384615384615,99.0,77.0,98.0
0090.102,-487.9,-43.63846153846154,99.0,77.0,98.0
0090.140,-471.2,-42.38461538461539,98.0,77.0,98.0
0090.157,-464.9916666666666,-41.608333333333334,97.0,77.0,98.0
0090.199,-454.0,-42.38333333333334,96.0,77.0,98.0
0090.230,-451.8,-39.07692307692307,96.0,77.0,98.0
0090.262,-444.2888888888889,-37.7,96.0,77.0,98.0
0090.294,-434.05,-35.6875,96.0,77.0,98.0
0090.334,-432.1538461538462,-33.38333333333333,97.0,77.0,98.0
0090.366,-433.45833333333337,-29.541666666666664,97.0,77.0,98.0
0090.397,-430.37500000000006,-27.175,97.0,77.0,98.0
0090.429,-396.03076923076924,-23.808333333333334,96.0,77.0,98.0
0090.461,-330.3333333333333,-22.65,96.0,77.0,98.0
0090.493,-249.25000000000003,-23.016666666666666,96.0,77.0,98.0
0090.533,-169.85000000000002,-24.1,100.0,77.0,98.0
0090.565,-129.0,-23.2,104.5,77.00000000000001,98.00000000000001
0090.598,-99.14615384615385,-21.3,111.5625,77.0,98.0
0090.629,-79.40000000000002,-18.566666666666666,111.5,77.0,98.0
0090.660,-66.3,-18.015384615384615,108.5625,77.0,98.0
0090.699,-48.2,-17.1,106.125,77.0,98.0
0090.731,-44.59230769230769,-17.3,104.125,77.0,98.0
0090.763,-46.48333333333333,-16.40833333333333,102.125,77.0,98.0
0090.796,-47.11538461538461,-15.850000000000001,101.0,77.0,98.0
0090.828,-39.275,-14.275,100.0,77.0,98.0
0090.861,-26.275,-13.675,100.0,76.99999999999999,97.99999999999999
0090.892,-19.266666666666666,-12.23076923076923,100.0,77.0,98.0
0090.931,-17.423076923076923,-10.23076923076923,98.0,77.0,98.0
0090.962,-16.57777777777778,-10.1,97.0,77.0,98.0
0090.993,-16.225,-9.783333333333333,96.0,77.0,98.0
0091.033,-19.8,-11.75,96.0,77.0,98.0
0091.067,-14.966666666666667,-12.4,95.0,77.0,98.0
0091.099,-11.215384615384615,-10.961538461538462,95.0,77.0,98.0
0091.132,-8.353846153846153,-8.1,95.0,77.0,98.0
0091.164,-14.375,-4.725,95.0,77.0,98.0
0091.196,-13.433333333333334,-2.2,95.0,76.95238095238095,98.0
0091.228,7.875000000000001,-1.7153846153846153,95.0,76.85714285714286,98.0
0091.268,62.016666666666666,2.655555555555556,95.0,76.73809523809524,98.0
0091.299,109.46153846153847,5.5625,95.4375,76.64583333333334,98.0
0091.332,140.68333333333334,9.7,99.0,76.54761904761905,98.0
0091.366,147.36666666666667,10.85,104.875,76.44642857142857,98.0
0091.397,144.2,11.1,110.5625,76.35416666666667,98.0
0091.429,141.70000000000002,10.546153846153846,111.0,76.25892857142857,98.0
0091.461,134.99166666666667,10.25,108.4375,76.16369047619048,98.0
0091.493,130.5,9.666666666666668,106.4375,76.06845238095238,98.0
0091.534,123.375,10.516666666666667,102.875,76.0,98.0
0091.565,119.6,10.069230769230769,101.9375,75.99999999999999,98.0
0091.597,113.41538461538461,9.961538461538462,100.9375,76.0,98.0
0091.630,108.5,8.966666666666667,100.0,76.0,98.0
0091.662,99.39166666666665,8.216666666666667,99.875,76.0,98.0
0091.694,89.01538461538462,8.276923076923076,98.875,76.0,98.0
0091.727,79.05384615384617,9.033333333333335,97.0,76.0,98.0
0091.767,71.1,9.700000000000001,96.0,76.0,98.0
0091.799,70.16666666666666,9.041666666666666,95.0,76.0,98.0
0091.830,68.25,9.75,95.0,76.0,98.0
0091.861,72.775,9.93076923076923,94.4375,76.0,98.0
0091.892,72.5,11.3,94.0,76.0,98.0
0091.931,68.4,11.216666666666667,95.0,76.0,98.0
0091.962,69.23333333333333,9.166666666666668,94.125,76.0,98.0
0091.995,84.0,7.807692307692308,94.0,76.0,98.0
0092.026,126.65384615384616,5.675,95.0,76.0,98.0
0092.069,194.56923076923078,7.424999999999999,95.0,76.0,98.0
0092.100,227.19166666666666,7.275,97.5,76.0,98.0
0092.131,244.5583333333333,10.676923076923078,101.3125,76.0,98.0
0092.163,241.43333333333334,11.8,106.23529411764706,76.0,98.0
0092.195,232.77500000000003,10.975,111.4375,76.0,98.0
0092.227,219.91666666666669,9.8875,110.58823529411765,76.0,98.0
0092.260,205.46923076923076,7.5,107.5,76.0,98.00000000000001
0092.301,188.45,5.3375,104.9375,76.0,98.0
0092.334,169.9,3.4749999999999996,101.875,76.0,98.0
0092.366,156.65,4.433333333333334,100.875,76.0,98.0
0092.398,145.7076923076923,5.5076923076923086,100.0,76.0,98.0
0092.430,139.275,5.475,99.0,76.0,98.0
0092.463,133.25,3.7166666666666663,99.0,76.0,98.0
0092.494,121.075,1.9,98.0,76.0,98.0
0092.536,99.66666666666669,1.4923076923076923,97.0,75.99999999999999,98.0
0092.573,76.23846153846154,3.176923076923077,95.9375,76.0,98.0
0092.597,62.3,3.4000000000000004,95.0,76.0,98.0
0092.628,50.95,3.783333333333333,95.0,76.0,98.0
0092.668,38.37499999999999,3.1153846153846154,95.0,76.0,98.0
0092.698,21.24615384615385,1.8333333333333333,95.0,76.0,98.0
0092.728,5.333333333333334,0.8,95.0,76.0,98.0
0092.760,-10.925,-0.6666666666666666,95.0,76.0,98.0
0092.801,-9.5,-1.85,95.0,76.0,98.0
0092.833,9.416666666666668,-1.4769230769230768,95.0,76.0,98.0
0092.866,43.099999999999994,0.03846153846153844,95.0,76.0,98.0
0092.898,74.9,0.35,96.375,76.0,98.0
0092.930,94.44166666666666,1.725,99.125,76.0,98.0
0092.963,98.8,3.0,104.3125,76.0,98.0
0092.994,96.64444444444445,2.338461538461538,111.375,76.0,98.0
0093.027,89.6,2.5,111.5625,76.0,98.0
0093.067,76.65,1.2625,107.125,76.0,98.0
0093.099,71.1,0.39999999999999997,105.0625,76.0,98.0
0093.132,67.125,-0.022222222222222213,103.0,76.0,98.0
0093.164,59.72222222222223,-1.3250000000000002,101.0,76.0,98.0
0093.197,52.275000000000006,-1.35,100.0,76.0,97.99999999999999
0093.230,42.325,-0.44999999999999996,100.0,76.0,97.99999999999999
0093.263,31.0,-0.7615384615384614,100.0,76.0,98.0
0093.293,18.9,0.38461538461538464,99.0,76.0,98.0
0093.333,-2.507692307692308,-1.0916666666666666,97.4375,76.0,98.0
0093.365,-15.600000000000001,0.25000000000000006,96.4375,76.0,98.0
0093.396,-27.400000000000002,-0.033333333333333326,95.5,76.0,98.0
0093.427,-35.85,-0.03076923076923073,95.0,76.0,98.0
0093.468,-43.261538461538464,0.18461538461538457,95.0,76.0,98.0
0093.502,-50.7,0.33333333333333337,95.0,76.0,98.0
0093.534,-55.19166666666667,0.47500000000000003,95.0,76.0,98.0
0093.566,-60.1,2.1,95.0,76.0,97.99999999999999
0093.598,-56.86923076923077,1.5923076923076922,95.0,76.0,98.0
0093.631,-40.975,3.1166666666666667,95.0,76.0,98.0
0093.663,-17.625,3.325,95.0,76.0,98.0
0093.695,15.100000000000001,6.053846153846154,96.0,76.0,98.0
0093.727,38.0,5.9,98.375,76.0,98.0
0093.768,42.0,7.266666666666667,105.25,76.0,98.0
0093.801,34.4,7.533333333333333,110.8125,76.0,98.0
0093.834,22.9,8.0,111.0,76.0,98.0
0093.865,17.76153846153846,9.484615384615383,108.1875,76.0,98.0
0093.898,17.26923076923077,8.838461538461537,106.125,76.0,98.0
0093.930,17.8,9.833333333333334,104.125,76.00000000000001,98.0
0093.964,19.883333333333333,13.924999999999999,101.0,76.0,98.0
0093.997,23.546153846153846,16.523076923076925,100.9375,76.0,97.99999999999999
0094.028,23.8,19.183333333333334,100.0,76.0,98.0
0094.060,24.725,19.3,100.0,76.0,98.0
0094.099,32.349999999999994,18.925,99.0,76.0,98.0
0094.131,36.45,19.1,98.5625,76.0,98.0
0094.163,41.291666666666664,21.75384615384616,98.0,76.0,98.0
0094.195,41.10769230769231,24.416666666666664,97.0,76.0,98.0
0094.228,40.80833333333334,27.474999999999998,96.0,76.0,98.0
0094.261,46.7,27.338461538461537,96.0,76.0,98.0
0094.293,59.025,26.65,96.0,76.0,98.0
0094.333,59.35,29.066666666666663,96.0,76.0,98.0
0094.364,60.824999999999996,43.3,96.0,76.0,98.0
0094.397,65.83333333333334,56.669230769230765,96.0,76.0,98.0
0094.428,92.96923076923078,67.82499999999999,96.0,76.0,98.0
0094.461,127.35000000000001,66.175,95.0,76.0,98.0
0094.493,161.2,65.83333333333334,95.125,76.0,98.0
0094.535,192.575,64.725,98.5,76.0,98.0
0094.568,201.23846153846154,63.33846153846154,103.4375,76.0,98.00000000000001
0094.600,198.625,59.283333333333324,109.8125,76.0,98.0
0094.632,195.40000000000003,55.766666666666666,111.0,76.0,98.0
0094.665,193.0,53.96666666666667,109.125,76.0,98.0
0094.698,197.4888888888889,50.47692307692307,106.25,76.0,98.0
0094.731,195.65,47.699999999999996,104.0625,76.0,98.0
0094.764,191.5,46.93333333333334,102.0,76.0,98.0
0094.797,188.75,45.63333333333334,101.0,76.0,98.0
0094.829,180.975,47.99230769230769,101.0,76.0,98.0
0094.861,174.5076923076923,48.3,100.0,76.0,97.99999999999999
0094.901,157.06666666666666,45.45,99.4375,76.0,98.0
0094.933,145.075,41.766666666666666,98.0,76.0,98.0
0094.966,132.75,40.94166666666666,97.0,76.0,98.0
0094.999,119.93076923076923,39.12307692307693,96.0,76.0,98.0
0095.033,106.125,38.775,96.0,76.0,98.0
0095.068,93.50833333333334,37.725,96.0,76.0,98.0
0095.102,83.94999999999999,37.25,96.0,76.0,98.0
0095.133,75.4,36.4,95.9375,76.0,98.0
0095.164,76.5,33.15833333333333,95.0,76.0,98.0
0095.197,74.55,33.025,95.0,76.0,98.00000000000001
0095.229,98.7625,31.766666666666666,95.0,76.00000000000001,98.0
0095.261,132.775,31.066666666666666,95.0,76.0,98.0
0095.293,174.71666666666667,31.2,96.125,76.0,98.0
0095.335,214.82500000000002,31.2,99.5,76.0,98.0
0095.369,218.3375,33.06923076923077,105.625,76.0,98.0
0095.401,214.55714285714285,31.9,110.875,76.0,98.0
0095.434,224.1625,33.11666666666667,111.0,76.0,98.0
0095.467,238.04999999999998,34.9125,108.0,76.0,98.0
0095.500,250.92499999999998,37.41111111111111,105.9375,76.0,98.0
0095.532,248.8461538461538,39.4,102.9375,76.0,97.99999999999999
0095.563,246.63333333333333,40.09166666666667,102.0,76.00000000000001,98.0
0095.597,243.7,39.16666666666667,100.875,76.0,98.0
0095.632,238.16666666666669,38.08461538461539,100.0,76.0,98.0
0095.664,229.26923076923077,35.57692307692308,100.0,76.0,98.0
0095.695,221.58333333333331,32.949999999999996,99.0,76.0,98.0
0095.727,221.91538461538462,33.57692307692308,98.0,76.0,98.0
0095.773,225.2833333333333,34.67692307692308,96.0,76.0,98.0
0095.800,223.3,37.43333333333334,96.0,76.0,98.0
0095.832,222.3375,37.975,95.0,76.0,98.0
0095.867,217.3,37.784615384615385,95.0,76.0,98.0
0095.900,209.20000000000002,37.16666666666667,95.0,76.0,98.0
0095.933,200.9,37.150000000000006,95.0,76.0,98.0
0095.966,191.55,37.65,95.0,76.0,98.0
0096.000,197.06666666666666,51.641666666666666,95.0,76.0,98.0
0096.033,222.37692307692305,74.2,95.0,76.0,98.0
0096.067,252.7153846153846,99.175,95.0,76.0,98.0
0096.100,274.20000000000005,118.35,96.5625,76.0,98.0
0096.133,289.92499999999995,122.12500000000001,100.25,76.0,98.0
0096.167,296.2833333333333,122.73333333333333,106.25,76.0,98.0
0096.200,295.23333333333335,120.70769230769231,111.0,75.95684523809524,98.00000000000001
0096.234,285.3,115.3,111.0,75.90625,98.0
0096.267,274.9,109.9,108.0,75.85714285714286,98.0
0096.300,262.7,101.94615384615385,105.9375,75.80803571428571,98.0
0096.333,256.71538461538466,98.6923076923077,102.875,75.75892857142857,98.0
0096.366,247.59999999999997,96.46666666666667,101.8125,75.70982142857143,98.0
0096.399,241.64166666666665,95.14999999999999,101.0,75.66071428571429,98.0
0096.433,223.15,95.64615384615384,101.0,75.61011904761905,98.0
0096.467,199.8,93.1,100.0,75.5595238095238,98.0
0096.500,169.0,90.6,99.0,75.51041666666667,98.0
0096.533,139.5,83.9,98.0,75.46130952380952,98.0
0096.566,97.9,75.3,97.0,75.41220238095238,98.0
0096.599,58.00769230769231,64.97692307692307,96.0,75.36309523809524,98.0
0096.632,14.524999999999999,52.107692307692304,96.0,75.31398809523809,98.0
0096.665,-20.366666666666667,38.84166666666667,96.0,75.26488095238096,98.0
0096.696,-56.7,24.08888888888889,96.0,75.21875,98.0
0096.728,-91.79230769230769,7.5375,96.0,75.17113095238095,98.0
0096.761,-136.8375,-12.625,96.0,75.12202380952381,98.0
0096.796,-168.97500000000002,-31.108333333333334,95.0,75.06994047619048,98.0
0096.829,-188.825,-43.94166666666667,95.0,75.02083333333334,98.0
0096.863,-205.90000000000003,-52.107692307692304,94.25,75.0,98.00000000000001
0096.894,-217.98461538461538,-56.97500000000001,96.375,75.0,98.0
0096.927,-243.89999999999998,-59.150000000000006,100.5,75.0,98.0
0096.967,-281.9,-64.1,107.25,75.0,98.0
0096.998,-327.55,-67.15,110.0,75.0,98.0
0097.031,-381.43333333333334,-76.28461538461538,109.25,75.0,98.0
0097.064,-429.8666666666667,-87.425,106.1875,75.0,98.0
0097.095,-467.66666666666663,-97.33333333333333,104.25,75.0,98.0
0097.126,-495.7076923076923,-104.92307692307692,102.25,75.0,98.0
0097.166,-528.95,-105.44999999999999,100.0,75.0,98.0
0097.200,-567.0,-108.16666666666667,99.625,75.0,98.0
0097.233,-600.2666666666667,-111.86666666666667,99.0,75.0,98.00000000000001
0097.267,-632.7750000000001,-115.55000000000001,99.0,75.0,98.0
0097.299,-652.2,-118.1,98.0,75.0,98.0
0097.331,-670.2333333333333,-116.95,96.4375,75.0,98.0
0097.363,-681.8833333333332,-115.3375,96.0,75.0,98.0
0097.396,-689.125,-115.8,95.0,75.0,98.0
0097.429,-688.45,-114.2125,95.0,75.0,98.0
0097.463,-685.1846153846154,-113.53846153846155,95.0,75.0,98.0
0097.497,-676.5,-108.15,95.0,75.0,98.0
0097.531,-650.6875,-104.20833333333334,95.0,75.05059523809524,97.99999999999999
0097.565,-595.9,-99.36666666666667,95.0,75.15178571428572,98.0
0097.598,-529.4615384615385,-93.22307692307692,94.0,75.25,98.0
0097.630,-447.23333333333335,-85.26666666666667,94.0,75.34523809523809,98.0
0097.663,-372.8333333333333,-78.06666666666666,95.3125,75.44345238095238,98.0
0097.696,-316.1333333333333,-70.76666666666667,97.75,75.54166666666666,98.0
0097.729,-273.79999999999995,-66.2,105.875,75.63988095238096,98.0
0097.762,-244.27500000000003,-60.5875,109.5,75.73809523809524,98.0
0097.796,-206.0333333333333,-56.824999999999996,109.0,75.83928571428571,98.0
0097.830,-157.30833333333334,-52.733333333333334,107.25,75.9404761904762,98.0
0097.861,-116.8375,-46.63846153846154,105.3125,76.0,98.0
0097.893,-83.7125,-41.87692307692308,102.0,76.0,98.0
0097.932,-61.115384615384606,-34.891666666666666,100.0,76.0,98.0
0097.963,-39.1,-32.475,99.0,76.0,98.0
0097.997,-23.223076923076924,-29.416666666666664,99.0,76.0,98.0
0098.028,-9.1,-26.49230769230769,99.0,76.0,98.0
0098.060,1.1,-21.5,98.0,76.0,98.0
0098.100,4.9,-17.35,97.0,76.0,98.0
0098.131,2.4250000000000003,-13.416666666666666,95.4375,76.0,98.0
0098.162,0.8153846153846154,-11.555555555555555,95.0,76.0,98.0
0098.194,-2.6500000000000004,-11.0625,95.0,76.0,98.0
0098.226,0.01666666666666669,-9.6,95.0,76.0,98.0
0098.267,-0.55,-9.625,95.0,76.0,98.0
0098.299,-4.333333333333333,-6.074999999999999,95.0,76.0,98.0
0098.331,1.9461538461538463,-6.633333333333333,95.0,76.0,98.0
0098.363,18.866666666666667,-6.3,94.0,76.0,97.99999999999999
0098.396,45.96666666666667,-6.2,94.0,76.0,98.0
0098.430,79.35833333333333,-3.583333333333333,96.25,76.0,98.0
0098.462,99.52307692307693,-0.6,99.5,76.0,98.0
0098.493,111.275,0.9625,104.5625,76.0,98.0
0098.533,107.42499999999998,-0.95,111.6875,76.0,98.0
0098.564,102.7,-1.5666666666666669,111.1875,76.0,98.0
0098.596,101.04285714285714,-2.533333333333333,108.41176470588235,76.0,98.0
0098.628,101.11111111111111,-3.230769230769231,106.4375,76.0,98.0
0098.659,104.2,-3.333333333333333,104.5,76.0,98.0
0098.699,99.45,-3.075,102.0,76.0,98.0
0098.733,93.6,-2.1,101.0,76.0,98.0
0098.767,84.12307692307692,-2.5,100.0,76.0,98.0
0098.798,80.43333333333334,-2.7666666666666666,99.8125,76.0,98.0
0098.829,73.4,-1.7666666666666666,98.0,76.0,98.0
0098.862,70.80000000000001,-1.2333333333333334,97.0,76.0,97.99999999999999
0098.895,64.07692307692307,1.0615384615384615,96.75,76.0,97.99999999999999
0098.928,60.608333333333334,0.1615384615384615,95.6875,76.0,98.0
0098.960,59.95,1.3,95.0,76.0,98.0
0098.992,52.375,-2.9166666666666665,95.0,76.0,98.0
0099.035,33.074999999999996,-3.583333333333333,94.9375,76.0,98.0
0099.068,12.907692307692308,-4.376923076923077,94.0,76.0,98.0
0099.099,-0.9076923076923078,-1.3333333333333333,94.0,76.0,98.0
0099.132,5.63076923076923,-0.9666666666666667,94.0,76.0,98.0
0099.165,22.116666666666667,-1.8249999999999997,94.0,76.0,98.0
0099.198,40.0,-4.377777777777777,95.0,76.0,98.0
0099.229,50.98461538461539,-5.411111111111111,97.26666666666667,76.0,98.0
0099.261,42.766666666666666,-6.949999999999999,102.5625,76.0,98.0
0099.293,24.633333333333333,-9.033333333333335,108.375,76.0,98.0
0099.334,-5.05,-11.9,111.25,76.0,98.0
0099.364,-21.566666666666663,-15.215384615384615,110.3125,76.0,98.0
0099.396,-37.8,-22.0,107.35294117647058,76.0,98.0
0099.430,-58.80833333333333,-28.63846153846154,105.23529411764704,76.0,98.0
0099.463,-90.68333333333334,-34.075,103.1875,76.0,98.0
0099.494,-117.0846153846154,-36.96923076923077,101.25,76.0,98.0
0099.527,-155.9,-38.96666666666667,100.0,76.0,98.00000000000001
0099.560,-192.6,-42.2,99.1764705882353,76.0,98.00000000000001
0099.595,-233.04999999999998,-46.650000000000006,99.0,76.0,98.0
0099.629,-270.0,-51.425,98.0,76.0,98.0
0099.662,-295.1461538461539,-51.95555555555556,97.0,76.0,98.0
0099.694,-306.3833333333333,-49.87500000000001,96.0,76.0,98.0
0099.734,-314.0,-47.025,95.0,76.0,98.0
0099.766,-314.375,-42.512499999999996,95.0,76.0,98.0
0099.797,-317.075,-36.52307692307692,94.0,76.0,98.0
0099.828,-311.8076923076923,-29.65,94.0,76.0,98.0
0099.860,-301.9,-26.675,94.0,76.0,98.0
0099.898,-267.5083333333333,-20.900000000000002,94.0,76.0,98.0
0099.931,-218.425,-17.675,94.0,76.0,98.0
0099.964,-160.44166666666666,-11.125,94.0,76.0,98.0
0099.999,-91.275,-5.05,94.3125,76.0,98.0
0100.034,-40.15555555555555,1.430769230769231,99.41176470588235,76.0,98.0
0100.068,3.6615384615384614,4.2125,105.92857142857143,76.0,98.0
0100.100,23.9,5.75,110.33333333333334,76.0,98.0
0100.133,37.1,8.3,111.3125,76.0,98.0
0100.167,49.81666666666666,9.866666666666667,109.125,76.0,98.0
0100.200,60.93846153846154,10.866666666666667,106.0625,76.0,98.0
0100.233,76.05000000000001,12.1,104.0,76.0,98.0
0100.267,87.19999999999999,13.058333333333334,102.0,76.0,98.0
0100.299,100.01538461538462,15.100000000000001,101.0,76.0,98.0
0100.333,111.0,16.8,100.75,76.0,98.0
0100.366,114.3,18.2,100.0,76.0,98.0
0100.400,109.35833333333333,20.224999999999998,98.5625,76.0,98.0
0100.434,103.11666666666667,20.3,97.0,76.0,98.0
0100.473,99.12307692307692,20.533333333333335,96.0,76.0,98.0
0100.491,98.5,20.383333333333333,95.0,76.0,98.0
0100.532,93.68333333333332,20.625,94.0,76.0,98.0
0100.566,88.35,22.3625,94.0,76.0,98.00000000000001
0100.599,81.67692307692307,21.855555555555558,94.0,76.0,98.0
0100.632,71.55,21.974999999999998,94.0,76.0,98.0
0100.665,61.29230769230769,22.16923076923077,94.0,76.0,98.0
0100.698,56.5,22.733333333333334,94.0,76.0,98.0
0100.730,67.14999999999999,22.5,94.0,76.0,98.0
0100.762,92.41666666666666,22.799999999999997,94.0,76.0,98.0
0100.794,117.1923076923077,21.907692307692308,94.0625,76.0,98.0
0100.826,136.75384615384615,19.884615384615387,96.0,76.0,98.0
0100.860,138.45,16.75,103.375,76.0,98.0
0100.893,122.26666666666667,12.85,109.375,76.0,98.0
0100.927,106.23846153846154,7.725,112.0,76.0,98.0
0100.960,77.34615384615384,0.0,110.625,76.0,98.0
0101.001,26.838461538461537,-10.307692307692307,106.0625,76.0,98.0
0101.039,-39.8,-18.45,104.6875,76.0,98.0
0101.073,-95.13333333333333,-25.000000000000004,101.5625,76.0,98.0
0101.100,-140.16666666666666,-31.1,100.875,76.0,98.0
0101.131,-192.45,-39.099999999999994,100.0,76.0,98.0
0101.164,-264.6384615384615,-46.238461538461536,100.0,76.0,98.0
0101.197,-335.8333333333333,-52.61666666666667,100.0,76.0,98.0
0101.231,-409.9,-58.1,98.0,76.0,98.0
0101.263,-472.0,-61.76923076923077,97.0,76.0,98.0
0101.294,-530.7384615384616,-63.36923076923077,96.0,76.0,98.0
0101.335,-604.5846153846153,-67.92307692307692,95.0,76.0,98.0
0101.366,-649.1666666666666,-70.33333333333334,95.0,76.0,98.0
0101.399,-679.9666666666667,-72.0,95.0,76.0,98.0
0101.431,-700.623076923077,-70.41538461538461,95.0,76.0,98.0
0101.464,-706.2666666666667,-69.1,95.0,76.0,98.0
0101.496,-694.85,-67.63333333333333,94.0,76.0,98.0
0101.528,-662.25,-65.86666666666667,94.0,76.00000000000001,98.0
0101.567,-601.4,-62.15,94.0,76.0,98.0
0101.601,-554.5666666666666,-57.81666666666666,94.4375,76.0,98.0
0101.634,-516.4666666666666,-53.353846153846156,99.0,76.0,98.0
0101.666,-491.0307692307693,-48.9,104.0,76.0,98.0
0101.698,-473.8,-45.96666666666667,109.0,76.0,98.0
0101.730,-456.78749999999997,-43.5,110.5,76.0,98.0
0101.761,-434.79999999999995,-40.53076923076923,108.5625,76.0,98.0
0101.793,-414.35,-36.761538461538464,105.5625,76.0,98.0
0101.833,-380.5666666666667,-36.2,104.0,76.0,98.0
0101.864,-367.0333333333333,-35.95,102.125,76.0,98.0
0101.896,-365.1923076923077,-35.52307692307693,100.0,76.0,98.0
0101.928,-363.4,-36.13076923076923,99.0,76.0,98.0
0101.961,-362.59999999999997,-36.4375,98.0,76.0,98.0
0101.994,-357.90000000000003,-35.212500000000006,98.0,76.0,98.0
0102.026,-351.80769230769226,-33.4,97.0,76.0,98.0
0102.068,-344.85,-30.283333333333335,96.0,76.0,98.0
0102.101,-332.25,-29.166666666666668,96.0,76.0,98.0
0102.134,-314.5692307692308,-28.04615384615385,96.0,76.0,98.0
0102.166,-294.16923076923075,-26.933333333333337,96.0,76.0,98.0
0102.199,-276.85,-24.4,95.0,76.0,98.0
0102.230,-262.6333333333333,-21.566666666666666,95.0,76.0,98.0
0102.263,-245.3666666666667,-19.861538461538462,95.0,76.0,98.0
0102.295,-218.37499999999997,-20.46666666666667,95.0,76.0,98.0
0102.326,-185.58333333333331,-20.5,94.0,76.0,98.0
0102.367,-112.99999999999999,-18.133333333333336,94.0,76.0,98.0
0102.400,-73.19999999999999,-15.166666666666668,95.0,76.0,98.0
0102.432,-42.733333333333334,-12.858333333333333,100.3125,76.0,98.0
0102.464,-41.1,-11.215384615384616,106.3125,76.0,98.0
0102.497,-39.391666666666666,-11.95,110.5,76.0,98.0
0102.530,-49.733333333333334,-11.974999999999998,110.4375,76.0,98.00000000000001
0102.562,-53.476923076923086,-13.138461538461538,108.4375,76.0,98.0
0102.595,-59.50833333333333,-13.175,105.375,76.0,98.0
0102.628,-65.975,-12.125,103.3125,76.0,98.0
0102.662,-71.65,-9.9,101.1875,76.0,98.0
0102.694,-76.76153846153846,-10.676923076923075,100.0,76.0,98.0
0102.727,-80.45384615384614,-9.416666666666668,100.0,76.0,98.0
0102.760,-89.44999999999999,-9.625,99.0625,76.0,98.0
0102.801,-100.16666666666667,-8.15,98.5,76.0,98.0
0102.834,-107.41666666666666,-6.0,97.0,76.0,98.0
0102.866,-111.61666666666666,-4.066666666666666,96.0,76.0,98.00000000000001
0102.898,-108.4,-3.576923076923077,95.0,76.0,98.0
0102.931,-100.40833333333333,-2.975,94.0,76.0,98.0
0102.963,-93.5,-2.2,94.0,76.0,98.0
0102.995,-87.18461538461538,-1.1692307692307693,94.0,76.0,98.0
0103.026,-88.7,0.43333333333333335,94.0,76.0,98.0
0103.067,-85.33749999999999,4.466666666666667,95.0,76.0,98.0
0103.098,-71.35384615384615,6.025,95.0,76.0,98.0
0103.129,-35.815384615384616,5.466666666666667,95.0,76.0,98.0
0103.160,13.866666666666667,4.9,95.0,76.0,98.0
0103.202,75.375,7.35,95.5625,76.0,98.00000000000001
0103.232,103.71666666666667,10.9,100.3125,76.0,98.00000000000001
0103.263,118.5,13.7,106.125,76.0,98.0
0103.295,118.3,16.0,110.4375,76.0,98.0
0103.335,127.47692307692307,16.166666666666664,110.0625,76.0,98.0
0103.365,135.95,15.0125,108.1875,76.0,98.0
0103.397,151.2,14.1,105.1875,76.0,98.0
0103.428,166.25,13.55,104.25,76.0,98.0
0103.459,174.95000000000002,14.507142857142858,102.35294117647058,76.0,98.0
0103.498,178.9,15.5,100.9375,76.0,98.0
0103.530,177.6,16.708333333333332,100.0,76.0,97.99999999999999
0103.562,177.4,15.433333333333334,99.0,75.99999999999999,98.0
0103.595,178.32307692307694,13.63846153846154,98.875,76.0,98.0
0103.628,172.43333333333334,11.707692307692309,97.0,76.0,98.0
0103.661,166.9333333333333,13.183333333333334,95.75,76.0,98.0
0103.694,152.45,13.8,95.0,76.0,98.0
0103.728,134.24615384615385,15.5,94.0,76.0,98.0
0103.760,118.1,16.477777777777778,94.0,76.0,98.0
0103.801,94.68333333333334,13.707692307692309,95.0,76.0,98.0
0103.833,77.65,13.333333333333332,95.0,76.0,98.0
0103.865,63.05,14.466666666666667,95.0,76.0,98.0
0103.897,52.211111111111116,17.907692307692308,95.0,76.00000000000001,98.0
0103.929,50.475,16.858333333333334,95.0,76.0,97.99999999999999
0103.960,64.275,18.133333333333333,95.0,76.0,98.0
0104.000,90.8,16.4,95.0,76.0,98.0
0104.031,108.76153846153846,18.276923076923076,96.75,76.0,98.0
0104.063,123.79999999999998,18.483333333333334,101.125,76.0,98.0
0104.094,130.05,18.4,106.9375,76.0,98.0
0104.134,127.14166666666667,18.025,111.0,76.0,98.0
0104.167,119.82307692307693,16.825000000000003,110.125,76.0,98.0
0104.198,116.08333333333333,17.68333333333333,106.1875,75.95924764890282,98.0
0104.229,111.0,16.7,104.25,75.86206896551724,98.0
0104.261,102.725,17.4,102.25,75.76175548589342,98.0
0104.303,84.70000000000002,17.533333333333335,100.0,75.63009404388715,98.0
0104.326,76.16923076923077,17.607692307692307,100.0,75.55799373040752,98.0
0104.367,64.69999999999999,17.825,100.0,75.4294670846395,98.0
0104.401,54.64615384615385,15.522222222222222,99.0,75.32288401253919,98.0
0104.440,46.63333333333333,15.400000000000002,98.0,75.20062695924766,98.0
0104.457,46.1,14.141666666666666,97.0,75.14733542319749,98.0
0104.500,41.650000000000006,13.0,96.0,75.01253918495297,98.0
0104.533,42.95,11.916666666666666,95.0,75.0,97.99999999999999
0104.565,49.6,11.938461538461539,95.0,75.0,98.0
0104.596,57.0,11.499999999999998,95.0,75.0,98.0
0104.627,59.25000000000001,11.866666666666667,95.0,75.0,98.0
0104.667,55.15,12.433333333333334,95.0,75.0,98.0
0104.698,50.06666666666666,12.6,95.0,75.0,98.0
0104.731,50.5125,12.883333333333333,95.0,75.0,98.0
0104.762,57.55833333333334,11.6125,95.0,75.0,98.0
0104.796,80.50000000000001,11.3,95.0,75.0,98.0
0104.829,106.05384615384615,11.3,95.3125,75.0,98.0
0104.862,126.94999999999999,11.192307692307693,97.75,74.99999999999999,97.99999999999999
0104.894,132.95,13.4,102.125,75.0,98.0
0104.926,130.73333333333335,12.191666666666665,109.75,75.0,98.0
0104.967,121.97692307692307,12.600000000000001,111.0,75.0,98.0
0105.000,119.35000000000001,11.061538461538461,108.0,75.0,98.0
0105.033,114.23333333333332,11.766666666666667,104.9375,75.0,98.0
0105.067,105.5125,10.858333333333334,102.8235294117647,75.0,98.0
0105.099,94.23333333333335,10.176923076923076,101.0,75.0,98.0
0105.130,80.69999999999999,8.915384615384616,100.0,75.0,98.0
0105.161,68.36666666666667,9.15,100.0,75.0,98.0
0105.202,53.88333333333333,8.183333333333334,99.0,75.00000000000001,98.00000000000001
0105.226,43.63333333333333,7.525,99.0,75.0,97.99999999999999
0105.267,31.299999999999997,7.484615384615385,98.0,75.0,98.0
0105.298,29.666666666666668,7.933333333333334,97.0,75.0,98.0
0105.330,30.333333333333336,9.225,95.4375,75.0,98.0
0105.363,31.891666666666666,10.141666666666666,95.0,75.0,98.0
0105.394,33.94615384615385,11.43076923076923,94.0,75.0,98.0
0105.426,36.5,11.60909090909091,94.5625,75.0,98.0
0105.467,35.6,14.3,95.0,75.0,98.0
0105.498,40.391666666666666,18.224999999999998,95.0625,75.0,98.0
0105.530,50.51111111111111,34.725,96.0,75.0,98.0
0105.561,82.0625,47.08888888888889,96.0,75.0,98.0
0105.595,127.14999999999999,58.12500000000001,95.93548387096774,75.0,98.0
0105.629,174.8125,59.725,95.3125,75.0,98.0
0105.662,201.23333333333335,59.0125,96.375,75.0,98.0
0105.693,205.74615384615385,59.13846153846154,99.625,75.0,98.0
0105.734,192.89999999999998,54.144444444444446,108.75,75.0,98.0
0105.767,183.31666666666666,51.175,111.9375,75.0,98.0
0105.800,173.85,49.76666666666667,110.0,75.0,98.0
0105.832,166.9,49.78333333333333,107.0,75.0,98.0
0105.864,157.88461538461542,48.13076923076924,105.0,75.0,98.0
0105.896,152.8,44.8,103.0,75.0,98.0
0105.929,153.2,40.4,101.0,75.0,97.99999999999999
0105.961,158.4111111111111,37.46666666666667,100.0,75.0,98.0
0105.993,165.67499999999998,36.112500000000004,100.0,75.0,98.0
0106.034,169.7923076923077,33.45384615384615,98.375,75.0,98.0
0106.067,169.61666666666667,33.8,97.3125,75.0,98.0
0106.100,172.26666666666665,35.2,96.25,75.0,98.0
0106.131,187.7923076923077,36.275000000000006,96.0,75.0,98.0
0106.163,212.15,36.84444444444444,95.0,75.0,98.0
0106.195,241.2,39.9,96.0,75.0,98.0
0106.227,257.0153846153846,44.88333333333333,96.0,75.0,98.0
0106.273,254.60000000000002,49.8,96.0,75.0,98.0
0106.291,246.31666666666666,50.016666666666666,96.0,75.0,98.0
0106.332,218.15,49.2,95.0,75.0,98.0
0106.366,191.83333333333331,50.625,95.0,75.0,98.0
0106.399,169.4083333333333,47.20833333333333,95.0,75.0,98.0
0106.430,157.36153846153846,44.06153846153846,95.0,75.0,98.0
0106.462,149.34166666666667,41.275,96.0,75.0,98.0
0106.494,138.36666666666667,36.8,97.75,75.0,98.0
0106.533,115.95,29.975,107.4375,75.0,97.99999999999999
0106.567,85.65384615384616,19.087500000000002,112.875,75.0,98.0
0106.600,52.3,9.200000000000001,113.0,75.0,98.0
0106.631,20.2,0.75,111.0625,75.0,98.0
0106.663,-21.624999999999996,-7.375,108.0625,75.0,98.0
0106.694,-66.36666666666667,-13.3,104.125,75.0,98.0
0106.734,-133.97692307692307,-21.533333333333335,101.625,75.0,98.0
0106.765,-187.05384615384617,-26.2,100.0,75.0,98.0
0106.798,-227.4,-31.949999999999996,100.0,75.0,98.0
0106.831,-274.075,-38.625,100.0,75.0,98.0
0106.863,-316.1692307692308,-45.30769230769231,99.5625,74.99999999999999,98.0
0106.895,-368.23333333333335,-50.66666666666667,98.5625,75.0,98.0
0106.927,-415.8416666666667,-53.233333333333334,97.0,75.0,98.00000000000001
0106.960,-463.2,-55.65833333333333,96.0,75.0,98.0
0107.001,-518.55,-59.074999999999996,96.0,75.0,98.0
0107.032,-564.7538461538461,-60.83333333333333,96.0,75.0,98.0
0107.066,-629.825,-62.93076923076923,96.0,75.0,98.0
0107.097,-682.1583333333333,-65.375,96.0,75.0,98.0
0107.129,-730.1,-70.7,96.0,75.0,98.0
0107.162,-755.125,-75.125,95.8125,75.0,98.0
0107.196,-769.8666666666668,-82.53333333333333,95.0,74.9375,98.0
0107.230,-788.9,-82.42307692307693,95.0,74.83630952380952,98.00000000000001
0107.262,-819.8333333333333,-82.99166666666666,96.4375,74.74107142857143,98.0
0107.295,-854.7666666666667,-82.14166666666667,99.5,74.64285714285714,98.0
0107.326,-881.9499999999999,-83.225,106.875,74.55059523809524,98.0
0107.366,-900.0,-83.7,110.9375,74.43154761904762,98.0
0107.397,-914.44,-83.93846153846152,109.125,74.33928571428571,98.0
0107.430,-931.2181818181817,-83.9,106.125,74.24107142857143,98.0
0107.463,-953.95,-84.15,104.0,74.14285714285714,98.0
0107.496,-965.9166666666667,-84.26666666666667,101.0,74.04464285714286,98.0
0107.528,-979.9307692307692,-83.80000000000001,100.0,74.0,98.0
0107.569,-995.7833333333333,-80.86666666666667,100.0,74.0,98.0
0107.601,-1013.5999999999999,-78.5625,100.0,74.0,98.0
0107.634,-1025.025,-75.6125,99.0,74.0,98.0
0107.667,-1036.5384615384614,-75.3,98.3125,74.0,98.0
0107.700,-1042.7333333333331,-72.80769230769232,97.25,74.0,98.0
0107.731,-1047.15,-72.26666666666668,96.3125,74.0,98.0
0107.763,-1043.4375,-70.27499999999999,96.0,74.0,98.0
0107.794,-1030.3888888888891,-67.44166666666668,96.0,74.0,98.0
0107.833,-1010.5666666666666,-65.23846153846154,97.0,74.0,98.0
0107.864,-986.05,-64.1,97.0,73.99999999999999,98.0
0107.895,-957.6333333333334,-61.60000000000001,97.0,74.0,98.0
0107.934,-901.3333333333334,-57.38333333333333,97.0,74.0,98.0
0107.965,-854.2384615384616,-53.5,98.0,74.0,98.0
0107.997,-808.7,-50.266666666666666,98.3125,74.0,98.0
0108.029,-769.65,-48.5625,102.9375,74.0,98.0
0108.061,-729.4,-46.0,107.625,74.0,98.0
0108.101,-690.3666666666666,-42.1,111.8125,74.0,98.0
0108.132,-661.6,-39.176923076923075,110.25,74.0,98.0
0108.165,-639.0,-37.099999999999994,108.1875,74.0,98.0
0108.198,-617.1,-37.16666666666667,104.125,74.0,98.0
0108.229,-590.5230769230769,-34.2,103.0,74.0,98.0
0108.261,-566.275,-31.730769230769234,101.1875,74.0,98.0
0108.301,-537.5083333333333,-29.223076923076928,101.0,74.0,98.0
0108.333,-521.6,-28.8,100.0,74.0,98.0
0108.367,-502.57500000000005,-28.775,98.5625,74.0,98.0
0108.400,-490.47499999999997,-27.875,97.5,74.0,98.0
0108.432,-476.125,-25.669230769230772,95.5,74.0,98.0
0108.465,-463.75000000000006,-26.799999999999997,94.4375,74.0,98.0
0108.497,-446.5,-24.8,94.0,74.0,98.0
0108.529,-426.5,-22.833333333333332,94.0,74.0,98.0
0108.560,-405.0846153846154,-21.5,95.0,74.0,98.00000000000001
0108.598,-375.7692307692307,-18.661538461538463,95.0,74.0,98.0
0108.629,-338.85,-18.28333333333333,95.0,74.0,98.0
0108.660,-293.2,-15.799999999999999,95.0,74.0,98.0
0108.699,-238.8,-14.25,95.25,74.0,98.0
0108.730,-198.5769230769231,-13.4,97.375,74.0,98.0
0108.762,-165.43333333333334,-11.5,104.5625,74.0,98.0
0108.795,-125.73333333333333,-11.7,109.25,74.0,98.0
0108.827,-86.87500000000001,-9.549999999999999,110.75,74.0,98.0
0108.868,-43.081818181818186,-8.566666666666666,108.1875,74.08630952380953,97.99999999999999
0108.899,-26.62,-6.625,106.29411764705881,74.17857142857143,98.0
0108.931,-6.0,-4.846153846153846,103.3125,74.27380952380952,98.0
0108.961,9.008333333333333,-3.9999999999999996,101.4375,74.36309523809524,98.0
0108.994,23.849999999999998,-3.023076923076923,99.375,74.46130952380952,98.0
0109.026,46.87692307692308,-1.9384615384615387,99.0,74.55654761904762,98.0
0109.066,63.125,0.012500000000000011,99.0,74.67559523809524,98.0
0109.098,76.21666666666667,1.5,98.0,74.77083333333333,98.0
0109.130,92.15,4.083333333333333,97.0,74.86607142857143,98.0
0109.162,115.26153846153846,6.458333333333334,95.86666666666667,74.96130952380952,98.0
0109.195,147.25,7.8769230769230765,95.0,75.0,98.0
0109.226,169.06666666666666,9.0,95.0,75.0,98.0
0109.265,189.62500000000003,11.4,95.0,75.0,98.0
0109.296,202.3,15.033333333333335,95.0,75.0,98.0
0109.328,233.36666666666667,17.553846153846152,95.0,75.0,98.0
0109.359,268.9,18.333333333333336,95.0,75.0,98.0
0109.398,319.5,20.1,95.0,75.0,98.0
0109.429,342.45,22.424999999999997,96.875,75.0,98.0
0109.462,364.35,26.474999999999998,99.875,75.0,98.0
0109.494,383.49999999999994,28.95555555555556,107.875,75.0,98.0
0109.525,402.5666666666667,31.4,110.0,75.04166666666667,98.0
0109.564,421.18333333333334,33.35,109.6875,75.15773809523809,98.0
0109.596,433.94615384615383,34.075,107.6875,75.25297619047619,98.0
0109.627,441.19999999999993,35.44615384615385,106.0,75.34523809523809,98.0
0109.660,446.0,33.39230769230769,103.6875,75.44345238095238,98.0
0109.700,439.675,32.48461538461538,102.0,75.5625,98.0
0109.730,426.1,30.733333333333334,100.0,75.65178571428571,98.0
0109.763,412.4769230769231,30.715384615384615,99.25,75.75,98.0
0109.796,397.44999999999993,31.0875,99.0,75.84821428571429,98.0
0109.829,384.375,32.4875,98.125,75.94642857142857,98.0
0109.861,369.9,31.799999999999997,97.125,76.00000000000001,98.0
0109.893,358.8666666666667,29.166666666666668,96.0,76.0,98.00000000000001
0109.935,340.82222222222225,26.623076923076923,95.0,76.0,98.0
0109.968,309.65,23.6875,95.0,76.0,98.0
0110.001,262.8875,21.9375,95.0,76.0,98.0
0110.034,203.16666666666666,18.391666666666666,95.0,76.0,98.0
0110.068,155.575,14.266666666666666,95.0,76.0,98.0
0110.101,128.325,8.26153846153846,95.0,76.0,98.0
0110.132,107.35,1.8583333333333332,95.0,76.0,98.0
0110.163,82.72500000000001,-2.4833333333333334,95.75,76.0,98.0
0110.195,35.25384615384615,-9.161538461538461,99.5,76.03571428571429,98.0
0110.234,-37.075,-15.423076923076923,108.375,76.15178571428571,98.0
0110.265,-104.38333333333333,-20.85,112.0,76.24404761904762,98.0
0110.297,-177.5,-24.383333333333336,111.0,76.33928571428572,98.0
0110.330,-238.70769230769233,-28.815384615384612,109.8125,76.4375,98.0
0110.362,-289.12307692307695,-32.93333333333334,106.8125,76.5327380952381,98.0
0110.395,-345.35,-35.7,104.75,76.63095238095238,98.0
0110.427,-398.0125,-35.8,102.75,76.72619047619048,98.0
0110.469,-475.91666666666663,-36.8,100.125,76.85119047619048,98.0
0110.501,-509.55833333333334,-37.141666666666666,100.0,76.94642857142857,98.0
0110.533,-530.676923076923,-39.13333333333334,99.125,77.00000000000001,98.0
0110.567,-558.5999999999999,-38.776923076923076,99.0,77.0,98.0
0110.599,-579.925,-39.758333333333326,97.0,77.0,98.0
0110.631,-593.4,-39.51538461538462,96.0,77.0,98.0
0110.665,-595.8538461538462,-39.025,95.0,77.0,98.0
0110.696,-594.9666666666667,-39.215384615384615,94.9375,77.0,98.0
0110.728,-586.3583333333333,-38.225,94.0,77.0,98.0
0110.768,-567.325,-35.06666666666667,94.0,77.0,98.0
0110.802,-537.5999999999999,-30.525,94.6875,77.0,98.0
0110.834,-502.4,-27.574999999999996,95.0,77.0,98.0
0110.865,-452.45,-25.05,94.0,77.15476190476191,98.0
0110.897,-397.7,-21.166666666666668,94.0,77.34523809523809,98.0
0110.928,-343.6222222222222,-18.616666666666667,94.5625,77.5297619047619,98.0
0110.960,-282.32500000000005,-13.966666666666665,97.125,77.72023809523809,98.0
0111.000,-209.54615384615386,-11.638461538461538,106.125,77.95833333333334,98.0
0111.031,-161.79999999999998,-9.391666666666666,109.0,78.14285714285714,98.0
0111.064,-120.825,-7.324999999999999,109.9375,78.33928571428571,98.0
0111.096,-80.93846153846154,-6.0,106.9375,78.5297619047619,98.0
0111.128,-50.85000000000001,-4.438461538461539,104.9375,78.72023809523809,98.0
0111.168,-17.766666666666666,-3.076923076923077,102.4375,78.95833333333333,98.0
0111.201,-9.575,-0.19999999999999996,100.375,78.99999999999999,98.0
0111.233,0.10000000000000009,3.9615384615384617,99.0,79.0,98.0
0111.265,2.6333333333333333,5.2,99.0,79.0,98.0
0111.296,12.316666666666666,6.325000000000001,100.0,79.0,98.0
0111.327,27.092307692307692,6.888888888888888,99.4375,79.0,98.0
0111.367,40.6,6.4,97.9375,79.0,98.0
0111.399,47.44166666666666,7.416666666666667,95.9375,79.0,98.0
0111.435,66.75,6.950000000000001,94.6875,79.0,98.0
0111.472,118.73333333333333,6.125,94.0,79.0,98.0
0111.498,167.86666666666667,5.438461538461539,94.0,79.0,98.0
0111.528,211.68888888888887,5.975,94.0,79.0,98.0
0111.559,242.03333333333333,5.616666666666667,94.0,78.99999999999999,98.0
0111.599,247.225,6.933333333333334,94.0,79.0,98.0
0111.631,241.16666666666669,6.574999999999999,94.0,79.0,98.0
0111.665,249.325,5.153846153846154,94.6875,79.0,98.0
0111.698,264.16666666666663,3.092307692307692,95.0,79.0,98.0
0111.730,284.70000000000005,3.4230769230769234,96.75,79.0,98.0
0111.761,290.6461538461539,4.2,100.375,79.0,98.0
0111.800,275.125,5.25,110.25,79.0,98.0
0111.832,254.43333333333334,6.455555555555556,114.125,79.0,98.0
0111.865,238.43333333333334,5.3,115.0,78.99999999999999,98.0
0111.897,225.74615384615385,4.716666666666666,113.8125,79.0,98.0
0111.928,215.63333333333333,2.676923076923077,111.875,79.0,98.0
0111.961,204.3,2.5,109.8125,79.0,98.0
0112.002,191.43333333333334,2.9333333333333336,107.25,79.0,98.0
0112.034,181.27499999999998,4.583333333333333,105.25,79.0,98.0
0112.066,172.4923076923077,4.9,103.0,79.0,98.0
0112.097,156.17692307692312,6.961538461538462,102.0,79.0,98.0
0112.128,147.8,7.65,101.0,79.0,98.0
0112.160,142.8,7.45,99.375,79.0,98.0
0112.200,139.8625,7.7625,95.875,79.0,98.0
0112.230,144.26666666666668,8.35,94.0,79.0,98.0
0112.261,138.04999999999998,9.311111111111112,93.0,79.0,98.0
0112.293,126.1,8.0,93.0,79.0,98.0
0112.334,105.73333333333335,7.300000000000001,93.0,79.0,98.0
0112.366,89.10000000000001,6.6,94.0,79.0,98.0
0112.399,84.95,10.26153846153846,94.0,79.0,98.0
0112.432,90.1,14.4,95.0,79.0,98.0
0112.465,103.49230769230769,19.216666666666665,95.0,79.0,98.0
0112.496,136.26923076923077,21.6,95.0,79.0,98.0
0112.528,173.575,24.792307692307695,93.4,79.0,98.0
0112.560,204.5,27.4,93.0,79.00000000000001,98.0
0112.599,214.55454545454546,33.175,97.125,79.0,98.0
0112.630,205.22499999999997,35.25,102.0,79.0,98.0
0112.662,194.23333333333335,38.900000000000006,106.0,79.0,98.0
0112.693,188.43846153846152,47.199999999999996,108.0,79.0,98.0
0112.733,191.725,62.63076923076923,106.5625,79.0,98.0
0112.765,199.5875,70.475,104.5625,79.0,98.0
0112.798,206.76153846153846,73.7,103.5,79.0,98.0
0112.830,219.55384615384617,66.6,102.5,79.0,98.0
0112.861,230.70000000000002,61.95384615384616,100.0,79.0,98.0
0112.893,239.0,59.150000000000006,100.0,79.0,98.0
0112.933,238.07500000000002,55.4,99.0,79.0,98.00000000000001
0112.966,230.7076923076923,51.99166666666666,98.0,79.0,98.0
0112.999,222.8769230769231,52.84166666666666,96.9375,79.0,98.0
0113.031,212.89999999999998,53.2,96.0,79.0,98.0
0113.064,198.64999999999998,55.16153846153846,95.0,79.0,98.0
0113.096,195.9,54.6,95.0,79.0,98.0
0113.129,193.74444444444444,55.1,94.1875,79.0,98.0
0113.162,196.1875,52.60000000000001,95.0,79.0,98.0
0113.195,196.725,52.125,94.0,79.0,98.0
0113.228,190.65,49.77499999999999,94.0,79.0,98.00000000000001
0113.261,186.83333333333334,48.225,94.0,79.0,98.0
0113.294,176.85000000000002,46.9,93.47058823529412,79.0,98.0
0113.333,185.36666666666667,45.830769230769235,93.0,79.0,98.0
0113.366,195.6,47.49999999999999,93.0,79.0,98.0
0113.400,214.6625,50.21666666666666,94.1875,79.0,98.0
0113.431,222.1,52.55,96.375,79.0,98.0
0113.463,234.28333333333333,53.09230769230769,101.375,79.0,98.0
0113.497,248.1,53.4,109.0,79.0,98.0
0113.528,247.86923076923077,53.36666666666667,109.8125,78.94345238095238,98.0
0113.559,250.36923076923074,55.266666666666666,106.875,78.85119047619048,97.99999999999999
0113.599,241.74615384615385,56.925,105.0,78.73214285714286,98.0
0113.631,236.32500000000002,56.8,103.375,78.63690476190476,98.0
0113.663,223.95,56.88333333333333,101.375,78.54166666666667,98.0
0113.696,206.0666666666667,55.85,99.3125,78.44345238095238,98.0
0113.726,188.53333333333333,56.5923076923077,98.4375,78.35416666666666,98.0
0113.772,182.2923076923077,56.6,97.5625,78.21726190476191,98.0
0113.798,177.99999999999997,57.55,97.0,78.13988095238095,98.0
0113.831,177.10000000000002,58.0,96.0,78.04166666666667,98.0
0113.863,178.15384615384616,57.853846153846156,96.0,78.00000000000001,98.00000000000001
0113.895,166.5,59.06923076923077,95.0,78.0,98.0
0113.926,161.16666666666666,57.78333333333333,95.0,78.0,98.0
0113.968,137.68750000000003,54.36666666666667,95.0,78.0,98.0
0114.000,128.41538461538462,50.81666666666667,94.375,78.0,98.0
0114.031,118.65384615384616,46.907692307692315,94.0,78.0,98.0
0114.063,109.5,43.8,94.0,78.0,98.0
0114.095,102.77499999999999,41.125,94.0,78.0,98.0
0114.127,99.98461538461538,40.88333333333334,95.0,78.0,98.0
0114.166,117.5,40.0,95.0,78.0,98.0
0114.198,146.66666666666666,41.71538461538462,95.0,77.9044776119403,97.99999999999999
0114.230,183.8416666666667,40.891666666666666,95.0,77.7134328358209,98.0
0114.261,209.79999999999998,42.38333333333333,95.9375,77.52835820895523,98.0
0114.301,222.9,45.8,102.875,77.28955223880597,98.0
0114.332,223.76250000000002,48.66923076923077,107.75,77.1044776119403,98.0
0114.364,223.8,52.95,110.0,76.9134328358209,98.0
0114.396,226.8,57.775000000000006,108.625,76.72238805970149,98.0
0114.428,217.7,59.96363636363637,106.60000000000001,76.53134328358209,98.0
0114.460,182.02307692307693,58.7,103.5625,76.34029850746269,98.0
0114.500,108.34615384615385,48.824999999999996,101.0625,76.10149253731343,98.0
0114.534,29.674999999999997,35.184615384615384,99.0,76.0,98.0
0114.568,-40.35,17.755555555555556,99.0,76.0,98.0
0114.601,-90.225,-3.8999999999999995,98.0,76.0,98.0
0114.634,-138.91666666666669,-21.4,98.0,76.0,98.0
0114.665,-195.37692307692308,-36.5,98.0,76.0,98.0
0114.698,-248.29999999999998,-48.72222222222222,97.0,76.0,98.0
0114.730,-292.7,-58.1,96.0,76.0,98.0
0114.763,-318.3,-62.4,95.625,76.0,98.0
0114.797,-334.7769230769231,-66.99166666666667,95.0,76.0,98.0
0114.830,-342.00000000000006,-68.46923076923076,95.0,76.0,98.0
0114.863,-354.7166666666667,-70.15,94.375,76.0,98.0
0114.897,-369.12307692307695,-70.17500000000001,94.0,76.0,98.0
0114.930,-392.2,-71.52499999999999,94.0,76.0,98.0
0114.964,-409.20000000000005,-73.72307692307692,94.0,76.0,98.0
0114.997,-417.4769230769231,-73.43333333333334,94.0,76.0,98.0
0115.030,-409.92499999999995,-72.67500000000001,94.0,76.0,98.0
0115.062,-394.0,-69.8,94.0,76.0,98.0
0115.093,-383.7083333333333,-68.46923076923076,95.0,76.0,98.0
0115.134,-373.14166666666665,-67.30000000000001,98.6875,76.0,98.0
0115.166,-370.7692307692308,-65.6,106.05882352941177,76.0,98.0
0115.198,-369.0666666666667,-64.43333333333334,109.0,75.96423248882265,98.00000000000001
0115.230,-359.4846153846154,-62.325,108.5,75.91654247391952,98.0
0115.262,-340.59999999999997,-57.9076923076923,105.5,75.86885245901641,98.0
0115.295,-318.82500000000005,-53.3,104.0,75.81967213114754,98.0
0115.327,-292.0615384615384,-49.016666666666666,102.0,75.77198211624442,98.0
0115.368,-269.2,-44.96923076923077,100.0,75.71087928464978,98.0
0115.399,-251.375,-42.4125,100.0,75.66467958271237,98.0
0115.431,-232.6,-39.85,100.0,75.61698956780924,98.0
0115.464,-213.7888888888889,-36.6,100.0,75.56780923994039,98.0
0115.497,-190.65,-30.733333333333334,98.75,75.51862891207153,98.0
0115.530,-180.60833333333335,-25.753846153846155,97.6875,75.46944858420268,98.0
0115.563,-167.86666666666665,-20.4,96.0,75.42026825633383,98.0
0115.597,-166.01538461538462,-17.0,96.0,75.36959761549926,98.0
0115.630,-151.8,-13.75,95.4375,75.3204172876304,98.0
0115.662,-134.75,-11.615384615384617,95.5625,75.27272727272728,98.0
0115.695,-118.05000000000001,-8.95,96.0,75.22354694485841,98.0
0115.727,-113.93076923076923,-5.225,96.0,75.17585692995529,98.0
0115.768,-115.15,0.5153846153846153,96.0,75.11475409836066,98.0
0115.802,-114.575,0.7749999999999999,95.0,75.06408345752608,98.0
0115.835,-105.49999999999999,-0.65,95.0,75.01490312965723,98.0
0115.867,-97.76923076923077,-6.35,95.0,74.9345238095238,98.0
0115.899,-100.6,-9.253846153846153,96.375,74.83928571428571,98.0
0115.932,-110.76666666666667,-14.0,98.875,74.74107142857143,98.0
0115.966,-130.925,-19.683333333333334,106.6875,74.63988095238095,98.0
0115.999,-156.9,-26.015384615384612,109.66666666666667,74.54166666666667,98.0
0116.031,-194.58333333333331,-30.676923076923078,110.3125,74.44642857142857,98.0
0116.064,-241.175,-36.699999999999996,107.5,74.34821428571428,98.0
0116.097,-289.7769230769231,-41.583333333333336,105.19999999999999,74.25,98.0
0116.130,-327.9583333333333,-44.21666666666666,103.0,74.15178571428571,98.0
0116.163,-356.975,-45.93076923076923,101.125,74.05357142857142,98.0
0116.195,-379.15000000000003,-46.349999999999994,100.125,74.0,98.0
0116.226,-389.9846153846154,-47.0,100.0,74.0,98.0
0116.266,-402.54615384615386,-45.74999999999999,100.0,74.0,98.0
0116.298,-402.8230769230769,-44.03333333333334,99.0,74.0,98.0
0116.331,-398.375,-40.592307692307685,98.625,74.0,98.0
0116.363,-380.54999999999995,-37.03333333333333,96.625,74.0,98.0
0116.396,-355.7,-32.166666666666664,96.0,74.0,98.0
0116.429,-329.08333333333337,-26.484615384615388,95.0,74.0,98.0
0116.460,-306.15,-21.484615384615385,95.0,74.0,98.0
0116.500,-267.7,-14.1,95.0,74.0,98.0
0116.532,-237.2833333333333,-10.3,95.9375,74.0,98.0
0116.564,-192.79999999999998,-8.65,96.0,74.0,98.0
0116.596,-133.05,-5.758333333333333,96.0,74.0,98.0
0116.629,-65.81666666666666,-0.7538461538461538,96.0,74.0,98.0
0116.660,-4.0,6.0,96.0,74.0,98.0
0116.700,52.15384615384616,13.525,97.4375,74.0,98.0
0116.732,79.49166666666667,17.049999999999997,100.875,74.0,98.0
0116.764,102.35,18.761538461538464,107.875,74.0,98.0
0116.797,119.2,19.65,110.0,74.0,98.0
0116.828,139.83846153846156,20.8,109.5625,74.0,98.0
0116.860,154.26666666666668,21.023076923076925,106.5625,74.0,98.0
0116.900,174.68333333333334,23.044444444444444,104.0625,74.0,98.0
0116.932,183.275,25.95,101.0625,74.0,98.0
0116.966,188.9625,29.5625,100.0,74.0,98.0
0116.997,189.23333333333335,31.658333333333328,100.0,74.0,97.99999999999999
0117.028,183.55,32.34615384615385,100.0,74.0,98.0
0117.062,180.55,33.05384615384615,99.0,74.0,98.0
0117.093,176.42499999999998,31.475,98.0,74.0,98.0
0117.132,177.77692307692305,30.725,97.5625,74.0,98.0
0117.165,171.84615384615384,29.175,96.0,74.0,98.0
0117.198,160.65,28.653846153846153,96.0,74.0,98.0
0117.230,143.02499999999998,26.05,96.0,74.0,98.0
0117.263,112.02307692307693,22.7125,96.0,74.0,98.0
0117.296,65.51666666666667,15.4875,96.0,74.0,98.0
0117.328,12.225000000000001,9.138461538461538,96.0,74.0,98.0
0117.361,-30.374999999999996,-0.14166666666666683,96.0,74.0,98.0
0117.393,-58.29230769230769,-6.699999999999999,96.0,74.0,98.0
0117.433,-76.13076923076923,-13.941666666666666,96.0,74.0,98.0
0117.464,-92.56923076923077,-18.092307692307692,96.1875,74.0,98.0
0117.497,-110.18333333333334,-21.566666666666663,99.5,74.0,98.0
0117.530,-136.56666666666666,-26.28333333333333,104.625,74.0,98.0
0117.562,-160.03076923076924,-29.025000000000002,111.0,74.0,98.0
0117.595,-200.11666666666665,-31.392307692307693,111.625,74.0,98.0
0117.629,-236.44166666666666,-35.53076923076923,109.5,74.0,98.0
0117.662,-264.0083333333333,-37.675000000000004,106.4375,74.0,98.0
0117.695,-280.4384615384615,-39.074999999999996,104.375,74.0,98.0
0117.728,-288.7,-39.5125,102.3125,74.0,98.0
0117.760,-295.70000000000005,-38.84615384615384,101.0,74.0,98.0
0117.801,-297.9,-36.766666666666666,100.0,74.0,98.0
0117.833,-286.55,-34.074999999999996,99.75,74.0,98.0
0117.865,-265.2692307692308,-28.0875,99.0,74.0,98.00000000000001
0117.896,-244.73333333333335,-23.53846153846154,98.0,74.0,98.0
0117.929,-224.70000000000002,-18.2,97.0,74.0,98.0
0117.960,-209.56666666666666,-13.916666666666668,96.00000000000001,74.0,98.0
0118.001,-180.73076923076923,-11.75,96.0,74.0,98.0
0118.035,-157.93846153846155,-8.458333333333332,96.0,74.0,98.0
0118.074,-126.69999999999999,-3.9153846153846152,96.0,74.0,98.0
0118.099,-110.02222222222223,1.1,96.0,74.0,98.0
0118.130,-86.85,6.200000000000001,96.0,74.0,98.0
0118.162,-58.2,11.261538461538462,96.0,74.0,98.0
0118.194,-32.125,14.566666666666666,96.0,74.0,98.0
0118.236,-4.7,15.4,97.5,74.0,98.0
0118.269,8.266666666666666,16.2,101.6875,74.0,98.00000000000001
0118.300,12.683333333333334,15.400000000000002,108.0,74.0,98.0
0118.333,18.775000000000002,14.15,110.5625,74.0,98.0
0118.366,18.546153846153846,14.600000000000001,109.41176470588235,74.0,98.0
0118.401,19.11111111111111,13.476923076923077,106.23529411764706,74.0,98.0
0118.435,15.8,13.8,105.125,74.0,98.0
0118.467,18.275,13.2,102.125,74.0,98.0
0118.500,8.658333333333333,14.674999999999999,101.0,74.0,98.0
0118.533,8.733333333333334,18.80909090909091,100.0,74.0,97.99999999999999
0118.566,-0.5076923076923078,19.25,100.0,74.0,98.0
0118.599,1.0615384615384615,19.65,99.0,74.0,98.0
0118.631,-0.01666666666666672,17.866666666666667,98.8125,74.0,98.0
0118.663,10.6,17.4625,98.0,74.0,98.0
0118.695,15.5,18.46666666666667,96.8125,74.0,98.0
0118.727,31.633333333333333,19.225,96.0,74.0,98.0
0118.759,49.375,20.02307692307692,96.0,74.0,98.0
0118.802,74.825,21.633333333333333,96.0,74.0,98.0
0118.829,86.0923076923077,23.34166666666667,96.0,74.0,98.0
0118.863,87.60714285714286,24.733333333333334,96.0,74.08035714285714,98.0
0118.896,109.30000000000001,23.684615384615388,96.0,74.17857142857143,98.0
0118.928,142.3,24.433333333333334,95.25,74.27380952380952,98.0
0118.960,188.4923076923077,27.058333333333334,95.75,74.36904761904762,98.0
0118.999,238.125,30.566666666666666,98.375,74.48511904761904,98.0
0119.031,267.5083333333333,33.4,103.375,74.58035714285714,98.0
0119.064,286.79999999999995,35.346153846153854,108.25,74.67857142857143,98.0
0119.097,295.98333333333335,41.32307692307693,110.6875,74.77678571428571,98.0
0119.128,302.63846153846157,44.0875,109.75,74.86904761904762,98.0
0119.159,310.0307692307692,47.8625,106.8125,74.96130952380952,98.0
0119.199,315.9625,43.53333333333333,105.3125,75.0,98.0
0119.232,314.85,41.9,103.25,75.0,98.0
0119.265,304.6625,37.49999999999999,101.1875,75.0,98.00000000000001
0119.298,282.1375,32.962500000000006,100.0,75.0,98.0
0119.329,246.7,27.383333333333333,99.1875,75.0,98.0
0119.361,207.42499999999998,18.715384615384615,99.0,75.0,98.0
0119.392,159.85000000000002,11.275,98.25,75.0,98.0
0119.432,95.26666666666668,3.1333333333333337,97.0,75.0,98.0
0119.465,37.02307692307692,-3.2333333333333334,96.0,75.0,98.0
0119.499,-32.30769230769231,-10.5,96.0,75.0,98.0
0119.531,-93.375,-18.56923076923077,96.0,74.99999999999999,98.0
0119.563,-158.63333333333335,-26.766666666666666,96.0,75.0,98.0
0119.595,-226.7923076923077,-30.833333333333332,96.46666666666667,75.0,98.00000000000001
0119.635,-315.04999999999995,-36.975,97.0,75.0,98.0
0119.668,-377.9,-41.375,97.0,75.0,98.0
0119.700,-422.7166666666667,-45.725,96.9375,75.0,98.0
0119.733,-449.08333333333337,-48.775,97.0,75.0,98.0
0119.765,-478.46923076923076,-50.883333333333326,98.125,75.0,98.0
0119.798,-501.28333333333336,-53.3,103.5625,75.0,98.0
0119.830,-523.2,-54.738461538461536,108.375,75.0,98.0
0119.862,-538.3,-56.30000000000001,111.0,75.05637982195847,98.0
0119.893,-545.4000000000001,-56.68333333333334,109.875,75.14836795252225,98.0
0119.933,-547.7777777777777,-58.275000000000006,107.375,75.26706231454006,98.0
0119.965,-537.1125,-57.83846153846154,105.375,75.3620178041543,98.0
0119.998,-526.4583333333333,-56.900000000000006,103.3125,75.45994065281899,98.0
0120.031,-507.9333333333333,-51.0375,102.0,75.55786350148368,98.0
0120.064,-485.01428571428573,-47.17777777777778,100.0,75.65578635014836,98.0
0120.098,-451.15000000000003,-38.96666666666667,99.125,75.7566765578635,98.0
0120.130,-418.69999999999993,-33.35,99.0,75.85163204747775,98.0
0120.161,-385.8,-28.475,98.0,75.94362017804154,98.0
0120.201,-340.2230769230769,-22.583333333333332,96.0,76.0,98.0
0120.233,-302.5,-19.176923076923075,95.6875,76.0,98.0
0120.267,-267.025,-16.43846153846154,95.0,76.0,98.0
0120.300,-234.7625,-15.291666666666666,95.0,76.0,98.0
0120.332,-205.43333333333334,-14.533333333333331,95.0,76.0,98.0
0120.365,-189.575,-12.566666666666666,95.0,76.0,98.0
0120.399,-184.75,-7.43076923076923,95.0,76.0,98.0
0120.432,-164.25,-3.9307692307692306,95.0,76.0,98.0
0120.465,-126.33333333333334,-0.4,95.0,76.0,98.0
0120.498,-66.85384615384616,0.4,95.0,76.0,98.0
0120.532,-6.4,4.030769230769231,96.0,76.0,98.0
0120.565,34.1,6.1,100.125,76.0,98.0
0120.597,52.56666666666666,7.86923076923077,107.125,76.0,98.0
0120.630,60.33076923076923,7.625,110.0,76.0,98.0
0120.663,57.58333333333333,7.3538461538461535,109.8125,76.0,98.0
0120.696,55.45,6.316666666666666,106.75,76.0,98.0
0120.729,49.95,6.0,105.6875,76.0,98.0
0120.763,45.24444444444445,4.375,103.5625,76.0,98.0
0120.796,43.900000000000006,5.5,101.46666666666667,76.0,98.0
0120.828,38.7625,6.083333333333333,100.47058823529412,76.0,98.0
0120.868,46.11666666666667,7.4,100.0,76.0,98.0
0120.899,45.225,6.800000000000001,100.0,76.0,98.0
0120.932,45.95,7.5769230769230775,98.0,76.0,98.0
0120.965,48.625,8.237499999999999,97.0,76.0,98.0
0120.998,53.15,10.9875,96.0,76.0,98.0
0121.030,54.0,14.5,95.0,76.0,98.0
0121.062,50.6,15.430769230769231,95.0,76.0,98.0
0121.094,43.38333333333333,14.116666666666665,95.0,76.0,98.0
0121.133,39.40833333333333,11.641666666666666,95.0,76.0,98.0
0121.164,37.4,11.224999999999998,96.0,76.0,98.0
0121.197,33.0,12.375,96.0,76.0,98.0
0121.231,33.738461538461536,14.200000000000001,96.0,76.0,98.0
0121.263,50.2,16.333333333333336,95.0,76.0,98.0
0121.295,66.0111111111111,16.4,95.0,76.0,98.0
0121.328,77.7,12.799999999999999,95.0,76.0,98.0
0121.360,64.975,7.3,95.80000000000001,76.0,98.0
0121.400,29.324999999999996,-3.9384615384615387,100.625,76.0,98.0
0121.432,-6.85,-14.225,108.625,76.0,98.0
0121.464,-43.5,-23.03333333333333,111.3125,76.0,98.0
0121.496,-80.1,-30.0125,110.78571428571428,76.0,98.0
0121.528,-118.14166666666667,-35.6,108.6875,76.0,98.0
0121.561,-155.1,-39.0,107.0,76.0,98.0
0121.594,-193.10833333333335,-40.75,104.5625,76.0,98.0
0121.635,-234.75833333333333,-42.44166666666666,102.0,76.0,98.0
0121.668,-275.3692307692308,-46.5,100.0,76.0,98.0
0121.700,-315.16666666666663,-49.10769230769231,100.0,76.0,98.0
0121.733,-354.5833333333333,-51.9,99.0,76.0,98.0
0121.765,-386.95,-55.472727272727276,98.0,76.0,98.0
0121.797,-407.5692307692308,-59.55,97.0,76.0,98.0
0121.829,-418.4333333333333,-62.3,96.875,76.0,98.0
0121.862,-427.5,-62.39999999999999,96.0,76.0,98.0
0121.895,-435.7833333333333,-62.575,95.75,76.0,98.0
0121.928,-442.15555555555557,-60.6875,95.0,76.0,98.0
0121.961,-445.5444444444445,-59.125,95.0,76.0,98.0
0121.995,-447.125,-56.35,95.0,76.0,98.0
0122.027,-445.9,-55.0,95.0,76.0,98.0
0122.074,-436.4,-51.93333333333333,94.5625,76.0,98.0
0122.091,-425.923076923077,-50.23333333333334,94.0,76.0,98.0
0122.130,-390.9333333333334,-46.81666666666666,94.0,76.0,98.0
0122.164,-354.4,-45.11538461538461,94.0625,76.0,98.0
0122.197,-326.76666666666665,-42.0,96.125,76.05357142857143,98.0
0122.230,-312.4384615384615,-38.2,102.4,76.15178571428571,98.0
0122.263,-304.175,-34.9,107.20000000000002,76.25,98.0
0122.295,-299.23333333333335,-29.655555555555555,109.0,76.34523809523809,98.0
0122.327,-294.1416666666667,-28.700000000000003,107.75,76.44047619047619,98.0
0122.373,-287.83333333333337,-27.115384615384617,104.875,76.57738095238095,98.0
0122.400,-283.05,-29.8,104.0,76.6577380952381,98.0
0122.434,-277.6461538461539,-27.7625,102.0625,76.75892857142857,98.0
0122.466,-274.20000000000005,-26.925,101.0,76.85416666666667,98.0
0122.499,-271.2,-25.233333333333334,100.0,76.95238095238095,98.0
0122.533,-265.9,-23.66666666666667,100.0,77.0,98.0
0122.566,-259.7,-22.566666666666666,99.0,77.0,98.0
0122.599,-247.94444444444443,-20.46666666666667,98.0,77.0,98.0
0122.631,-231.0,-17.861538461538462,96.75,77.0,98.0
0122.663,-215.275,-14.246153846153845,96.0,77.0,98.0
0122.696,-198.1153846153846,-10.825000000000001,95.0,77.0,98.0
0122.728,-187.175,-9.3,95.0,77.0,98.0
0122.761,-169.71666666666667,-8.433333333333334,95.0,77.0,98.0
0122.795,-143.1,-7.2,95.0,77.0,98.0
0122.826,-118.38888888888889,-5.716666666666667,95.0,77.0,98.0
0122.868,-104.0,-1.9375,95.0,77.0,98.0
0122.899,-97.19999999999999,1.3875,95.0,77.0,98.0
0122.931,-81.1846153846154,3.177777777777778,95.0,77.0,98.0
0122.963,-27.96666666666667,4.200000000000001,95.0,77.0,98.0
0122.997,36.0923076923077,7.291666666666666,95.0,77.0,98.0
0123.029,88.46249999999999,8.933333333333334,96.125,77.0,98.0
0123.062,120.625,12.26923076923077,98.375,77.0,98.0
0123.095,134.7625,12.453846153846154,105.75,77.0,98.0
0123.127,136.8,12.600000000000001,110.25,77.0,98.0
0123.168,139.51538461538462,13.8,111.0,77.0,98.0
0123.201,135.35,14.2,109.125,76.91044776119402,98.0
0123.235,128.55,12.915384615384616,107.0,76.8089552238806,98.0
0123.268,126.48333333333333,11.96923076923077,104.9375,76.71044776119403,98.0
0123.301,117.77692307692308,10.633333333333333,103.875,76.61194029850746,98.0
0123.336,108.53076923076924,10.566666666666666,101.0,76.50746268656717,98.0
0123.360,96.50000000000001,10.11111111111111,100.1875,76.43582089552238,98.0
0123.394,82.75833333333333,9.35,100.0,76.33432835820895,98.0
0123.434,68.7,9.5,99.0,76.21492537313432,98.0
0123.466,60.2,9.866666666666667,98.5625,76.11940298507463,98.0
0123.498,58.24444444444445,10.50909090909091,96.5,76.02388059701492,98.0
0123.530,57.0375,12.383333333333335,96.0,75.96428571428572,98.0
0123.561,63.457142857142856,12.507692307692306,95.0,75.91815476190476,97.99999999999999
0123.594,71.125,14.553846153846155,95.0,75.86904761904762,98.0
0123.626,81.30000000000001,15.446153846153846,94.5,75.82142857142857,98.0
0123.666,101.00833333333333,14.992307692307692,94.0,75.76190476190476,97.99999999999999
0123.697,116.14615384615385,17.09166666666667,94.0,75.71577380952381,98.0
0123.730,126.01666666666667,16.375,94.0,75.66666666666667,98.0
0123.761,126.2,18.011111111111113,94.0,75.62053571428571,98.0
0123.793,116.16666666666666,19.374999999999996,94.0,75.57291666666666,98.0
0123.836,106.44999999999999,20.2,94.0,75.50892857142856,98.0
0123.869,110.48461538461538,20.7125,94.0,75.45982142857143,98.0
0123.901,123.68333333333332,20.1,94.6875,75.41220238095238,98.0
0123.933,141.53333333333333,21.31111111111111,95.6875,75.36458333333334,98.0
0123.966,156.4,22.95,98.5,75.31547619047619,98.0
0124.001,164.35000000000002,25.875,107.64705882352942,75.26339285714286,98.0
0124.034,169.25,27.8,110.94117647058823,75.21428571428572,98.0
0124.066,172.0,26.708333333333332,111.0,75.16666666666666,98.0
0124.099,174.675,26.861538461538462,108.9375,75.11755952380953,98.0
0124.132,175.675,23.176923076923078,106.0,75.06845238095238,98.0
0124.164,170.2888888888889,20.866666666666667,104.875,75.02083333333334,98.0
0124.196,162.125,19.96666666666667,102.875,75.0,98.0
0124.228,166.5,20.20769230769231,100.875,75.0,97.99999999999999
0124.261,164.4,21.333333333333336,100.0,75.0,98.0
0124.300,164.96923076923076,22.074999999999996,99.375,75.0,98.0
0124.331,156.25,21.4,99.0,75.0,98.0
0124.363,152.26666666666668,20.776923076923076,98.0,75.0,98.0
0124.396,151.86666666666667,19.73846153846154,96.375,75.0,98.0
0124.429,156.30769230769232,19.5,96.0,75.0,98.0
0124.461,161.23333333333335,19.025000000000002,95.0,75.0,98.0
0124.507,164.16666666666666,19.95,95.0,75.0,98.0
0124.533,163.5,18.46923076923077,95.0,75.0,98.0
0124.566,164.45384615384617,18.516666666666666,94.75,75.0,98.0
0124.598,164.68571428571428,19.15,94.0,75.0,98.0
0124.631,163.64999999999998,20.599999999999998,94.0,75.0,98.0
0124.664,157.675,22.60769230769231,94.0,75.0,98.0
0124.699,146.1,24.0,94.0,75.0,98.0
0124.731,138.44615384615383,20.5125,94.5625,75.0,98.0
0124.763,127.88333333333333,14.950000000000001,95.0,75.0,98.0
0124.798,102.225,4.992307692307692,95.0,75.0,98.0
0124.831,51.225,-7.449999999999999,95.0,75.0,98.0
0124.863,-17.70769230769231,-18.766666666666666,97.625,74.9595015576324,98.0
0124.896,-98.69999999999999,-31.866666666666667,102.625,74.85669781931463,98.0
0124.929,-169.05,-41.715384615384615,107.875,74.75389408099687,98.0
0124.961,-231.0076923076923,-49.375,112.0,74.65420560747664,98.0
0124.994,-276.32222222222225,-53.05833333333334,111.0,74.55140186915887,98.0
0125.026,-307.6333333333333,-54.98461538461538,108.0,74.45171339563862,98.0
0125.065,-317.15000000000003,-52.892307692307696,106.0,74.33021806853583,98.0
0125.097,-316.5,-47.6,103.58823529411765,74.23052959501557,98.0
0125.128,-313.75555555555553,-41.25,101.6875,74.13395638629284,98.0
0125.160,-312.225,-36.2125,100.66666666666666,74.03426791277259,98.0
0125.201,-296.0,-33.275,100.0,74.0,98.0
0125.233,-271.37499999999994,-31.122222222222224,100.0,74.0,98.0
0125.265,-243.4,-29.3,98.06666666666666,74.0,98.0
0125.296,-217.14615384615382,-25.983333333333334,97.125,74.0,98.0
0125.328,-201.83333333333334,-23.246153846153845,96.125,74.0,98.0
0125.360,-195.7,-21.99230769230769,95.0,74.0,98.0
0125.401,-185.81666666666666,-19.653846153846153,95.0,74.0,98.0
0125.433,-161.14615384615388,-17.366666666666667,95.0,74.0,98.0
0125.465,-128.47692307692307,-16.35,95.0,74.0,98.0
0125.497,-104.45,-14.633333333333333,95.0,74.0,98.0
0125.528,-91.40833333333332,-12.446153846153846,95.0,74.0,98.0
0125.559,-86.1,-8.4625,94.6875,74.0,98.0
0125.599,-71.21538461538461,-5.550000000000001,94.0,74.0,98.00000000000001
0125.631,-51.6,-1.8624999999999998,95.0,74.0,98.0
0125.664,-27.0,-0.37777777777777777,95.0,74.0,98.0
0125.697,0.10000000000000009,1.2000000000000002,95.0,74.0,98.0
0125.729,23.700000000000003,2.3249999999999997,97.875,74.0,98.0
0125.762,34.050000000000004,4.3999999999999995,105.0,74.0,98.0
0125.793,42.6,8.0,109.875,74.0,98.0
0125.834,43.0,11.284615384615385,109.5,74.0,98.0
0125.865,49.146153846153844,12.1,107.5625,73.93154761904762,98.0
0125.896,56.71666666666667,12.8,104.625,73.83928571428572,98.0
0125.928,60.66666666666667,12.875,103.625,73.74404761904762,98.0
0125.960,63.675,11.715384615384615,102.0,73.64880952380952,98.0
0126.000,68.32307692307693,13.149999999999999,100.125,73.5297619047619,98.0
0126.032,72.68333333333334,13.5,100.0,73.43452380952381,98.0
0126.064,87.575,15.55,100.0,73.33928571428571,98.0
0126.097,98.8,15.28888888888889,99.0,73.24107142857143,98.0
0126.130,115.41538461538461,14.1375,98.0,73.14285714285714,98.0
0126.163,125.76153846153846,14.633333333333333,96.0,73.04464285714286,98.0
0126.196,130.1,16.558333333333334,96.0,73.0,98.0
0126.228,127.65,15.625,95.00000000000001,73.0,98.0
0126.260,122.83333333333333,15.400000000000002,95.0,73.0,98.0
0126.301,117.66666666666667,13.1,95.0,73.0,98.0
0126.335,125.30000000000001,14.125,95.0,73.0,98.0
0126.368,131.4,14.046153846153846,95.0,73.0,98.0
0126.402,132.2,14.150000000000002,95.0,73.0,98.0
0126.440,110.6,15.233333333333334,95.0,73.0,98.0
0126.465,91.2,13.9,95.0,73.0,98.0
0126.496,63.46923076923076,8.558333333333334,95.0,73.0,98.0
0126.529,35.2,-0.9416666666666664,95.0,72.95252225519289,98.0
0126.561,21.884615384615387,-9.5,96.0,72.85756676557864,97.99999999999999
0126.601,-2.5583333333333336,-21.033333333333335,97.875,72.73887240356083,98.0
0126.632,-23.4,-27.791666666666664,105.125,72.64688427299703,98.0
0126.665,-61.44615384615385,-33.983333333333334,109.8,72.54896142433233,98.0
0126.698,-106.63076923076923,-39.04166666666667,112.0,72.45103857566765,98.0
0126.730,-159.175,-43.03076923076924,110.0,72.35608308605342,98.0
0126.762,-209.78333333333333,-45.261538461538464,107.5,72.26112759643917,98.0
0126.795,-260.56666666666666,-49.88333333333334,104.4375,72.16320474777447,98.0
0126.827,-299.81666666666666,-52.125,103.4375,72.06824925816024,98.0
0126.869,-352.2888888888889,-51.849999999999994,101.8125,72.0,98.00000000000001
0126.900,-380.3166666666666,-50.7,101.0,72.0,98.0
0126.931,-401.975,-48.646153846153844,100.0,72.0,97.99999999999999
0126.963,-412.23333333333335,-47.616666666666674,99.0,72.0,98.0
0126.995,-406.95000000000005,-44.86666666666667,98.9375,72.0,98.0
0127.026,-396.8,-39.74444444444445,97.0,72.0,98.0
0127.066,-387.54999999999995,-34.63333333333333,96.5,72.0,98.0
0127.097,-381.1923076923077,-31.025000000000002,96.0,72.0,98.0
0127.129,-379.38461538461536,-30.8,96.0,72.0,98.0
0127.161,-372.2666666666667,-30.015384615384615,95.0,72.0,98.0
0127.193,-364.1,-28.516666666666666,95.0,72.0,98.0
0127.234,-358.26666666666665,-23.338461538461537,96.0,72.0,98.0
0127.264,-353.86923076923074,-21.666666666666668,96.0,72.0,98.0
0127.295,-351.4666666666667,-20.433333333333337,96.0,72.0,98.0
0127.326,-336.225,-20.33846153846154,96.0,72.0,98.0
0127.365,-304.625,-19.892307692307693,96.0,72.0,98.0
0127.397,-272.97499999999997,-19.1,96.0,72.0,98.0
0127.430,-247.05,-19.55,98.5,72.0,98.0
0127.463,-227.99166666666667,-18.55,103.625,72.0,98.0
0127.496,-220.40000000000003,-15.566666666666666,109.375,72.0,98.0
0127.528,-214.63846153846154,-12.8,109.625,71.93452380952381,98.0
0127.567,-211.2,-12.066666666666666,107.1875,71.81845238095238,98.0
0127.599,-207.5,-12.55,103.375,71.72321428571429,98.00000000000001
0127.632,-201.3,-13.991666666666665,102.125,71.625,98.0
0127.664,-201.38333333333335,-13.1,100.0,71.5297619047619,98.0
0127.696,-204.7,-12.95,99.125,71.43452380952381,98.0
0127.727,-210.0,-12.8,99.8125,71.3422619047619,98.0
0127.759,-210.13333333333333,-12.05,100.0,71.24702380952381,98.0
0127.798,-210.56666666666666,-10.846153846153847,99.0,71.13095238095238,98.0
0127.829,-208.5,-9.907692307692308,97.8125,71.03869047619048,98.0
0127.861,-207.0,-9.35,96.8125,71.0,97.99999999999999
0127.901,-199.18333333333334,-7.616666666666667,96.0,71.0,98.00000000000001
0127.933,-187.82500000000002,-6.191666666666666,95.3125,71.0,97.99999999999999
0127.966,-163.525,-2.9076923076923076,95.0,71.0,98.0
0127.998,-138.0111111111111,-1.5250000000000001,95.0,71.0,98.0
0128.029,-107.9,0.45000000000000007,96.0,71.0,98.0
0128.061,-94.35,2.9384615384615387,96.0,71.0,98.0
0128.092,-92.40769230769232,4.158333333333333,96.0,71.0,98.0
0128.132,-96.06666666666666,4.7615384615384615,97.0,71.0,98.0
0128.164,-78.1,4.65,97.0,71.0,98.0
0128.195,-30.816666666666666,2.9384615384615387,97.0,71.0,98.0
0128.226,35.6,5.792307692307692,98.0,71.0,98.0
0128.267,95.2,12.16923076923077,99.625,71.0,98.0
0128.299,118.82307692307693,16.65,106.25,71.0,98.0
0128.331,119.28333333333333,18.8,111.25,71.0,98.0
0128.362,118.70833333333333,19.0,113.0,71.0,98.0
0128.394,117.96666666666667,16.2,110.4375,71.0,98.0
0128.434,123.03333333333333,15.3375,106.9375,71.0,98.0
0128.467,134.9,14.925,104.875,71.0,98.0
0128.500,148.9,17.075,103.0,71.0,98.0
0128.533,160.1,18.47692307692308,101.0,71.0,98.0
0128.567,167.87692307692308,20.692307692307693,100.625,71.0,98.0
0128.599,174.14999999999998,21.5,100.0,71.0,98.0
0128.632,174.95,23.233333333333334,98.5625,71.0,98.0
0128.665,176.175,25.1,97.5,71.0,98.0
0128.699,169.38333333333335,26.276923076923076,96.0,71.0,98.0
0128.732,161.93846153846155,26.1,95.0,71.0,98.0
0128.765,149.7,25.4,95.0,71.0,98.0
0128.799,141.9,24.366666666666667,94.125,71.0,98.0
0128.831,135.225,23.115384615384613,94.0,71.0,98.0
0128.864,128.3,22.684615384615384,94.0,71.0,98.0
0128.897,117.93333333333334,21.266666666666666,95.0,71.0,98.0
0128.929,106.61250000000001,21.15,95.0,71.0,98.0
0128.961,97.1375,20.549999999999997,95.0,71.0,98.0
0128.993,100.04999999999998,20.1125,96.0,71.0,98.0
0129.033,115.80833333333332,21.2,95.0,71.0,98.0
0129.065,131.9923076923077,24.0,95.4375,71.0,98.0
0129.096,146.75,25.816666666666663,98.75,71.0,98.0
0129.127,158.36666666666667,26.299999999999997,103.125,71.0,98.0
0129.167,156.2375,25.323076923076922,109.75,71.0,98.0
0129.199,155.41666666666669,24.184615384615384,111.125,70.99999999999999,98.0
0129.232,147.86666666666667,23.233333333333334,109.11764705882352,71.0,98.0
0129.265,141.77692307692305,20.566666666666666,106.0,71.0,98.0
0129.297,140.46666666666667,18.05,105.0,71.0,98.0
0129.330,137.25,19.1,102.9375,71.0,98.0
0129.363,139.48333333333335,19.224999999999998,101.0,71.0,98.0
0129.396,138.8846153846154,20.724999999999998,100.8125,71.0,98.0
0129.427,140.34166666666667,20.5,100.0,71.0,98.0
0129.471,134.3,19.5125,99.0,71.0,98.0
0129.496,130.0,18.333333333333332,98.0,71.0,98.0
0129.529,124.04444444444444,17.276923076923076,97.0,71.0,98.0
0129.560,126.35,15.45,96.5625,71.0,98.00000000000001
0129.602,150.9,16.75,97.0,71.0,98.0
0129.627,167.3,16.96666666666667,96.375,71.0,98.0
0129.673,187.21666666666667,17.830769230769228,95.5,71.0,98.0
0129.698,184.5,17.374999999999996,95.0,71.0,98.0
0129.729,173.53333333333333,17.349999999999998,95.0,71.0,98.0
0129.761,171.39999999999998,17.055555555555557,96.0,71.0,98.0
0129.795,179.50000000000003,20.7,96.0,71.0,98.0
0129.828,199.52307692307693,21.233333333333334,95.0,71.0,98.0
0129.860,220.90000000000003,22.450000000000003,95.1875,71.0,98.0
0129.900,242.21666666666667,23.674999999999997,99.375,71.0,97.99999999999999
0129.932,260.3384615384615,24.86666666666667,104.0625,71.0,98.0
0129.964,275.46923076923076,27.549999999999997,109.375,71.0,98.0
0129.997,280.51666666666665,31.392307692307693,111.0,71.0,98.0
0130.030,273.4,32.291666666666664,109.1875,71.0,98.0
0130.062,264.5,31.923076923076927,106.1875,71.0,98.0
0130.094,254.66153846153844,28.8,104.1875,71.0,98.0
0130.126,254.90000000000003,27.725,102.1875,71.0,98.0
0130.166,252.78333333333336,27.75,100.6875,71.0,98.0
0130.197,252.275,27.10769230769231,100.0,71.00000000000001,98.00000000000001
0130.229,245.73076923076923,27.93076923076923,100.0,71.0,97.99999999999999
0130.261,242.53333333333333,28.025,99.75,71.0,98.0
0130.293,238.75833333333333,28.28333333333333,98.0,71.0,98.0
0130.333,230.7833333333333,28.700000000000003,97.0,71.0,98.0
0130.366,221.06153846153845,29.225,96.0,71.0,98.0
0130.400,210.00000000000003,27.987499999999997,95.0,71.0,98.0
0130.433,210.90000000000003,28.85,95.0,71.0,98.0
0130.467,211.7833333333333,29.43846153846154,95.0,71.0,98.0
0130.499,209.1846153846154,29.0,95.0,71.0,98.0
0130.530,200.125,31.55,95.0,71.05357142857143,98.0
0130.563,195.12500000000003,31.35,95.0,71.15178571428571,98.0
0130.596,206.25000000000003,33.161538461538456,95.0,71.25,98.0
0130.629,225.45384615384614,33.55,95.0,71.34821428571428,98.0
0130.661,255.60000000000002,33.4,95.3125,71.44345238095238,98.0
0130.693,276.6333333333333,33.724999999999994,98.9375,71.53869047619048,98.0
0130.734,295.04999999999995,33.40833333333333,105.60000000000001,71.66071428571428,98.0
0130.766,289.9416666666666,32.125,110.75,71.75595238095238,98.0
0130.799,280.4153846153846,32.975,111.0625,71.85416666666666,98.0
0130.833,270.6,34.28333333333333,108.9375,71.95535714285714,98.0
0130.866,265.55833333333334,36.823076923076925,106.875,72.0,98.0
0130.897,259.025,36.94615384615385,104.94117647058823,72.0,98.0
0130.930,246.85384615384612,33.5923076923077,102.875,72.0,98.0
0130.962,212.43333333333334,24.866666666666667,101.875,72.0,98.0
0130.995,139.39999999999998,9.233333333333334,101.0,72.0,98.0
0131.027,52.400000000000006,-8.576923076923077,100.0,72.0,98.0
0131.061,-49.70769230769231,-26.625,99.0,72.0,98.0
0131.095,-145.31666666666666,-42.35,98.5625,72.0,98.0
0131.129,-230.1,-54.425,98.0,72.0,98.0
0131.161,-312.6375,-63.67777777777778,98.0,72.0,98.0
0131.194,-394.9,-69.5125,98.0,72.0,98.0
0131.236,-506.20769230769235,-72.96153846153845,98.0,72.0,98.0
0131.274,-608.7538461538462,-73.36666666666666,97.0,72.0,98.0
0131.291,-644.9166666666667,-72.46666666666667,97.0,72.0,98.0
0131.332,-711.3833333333332,-70.4,97.0,72.0,98.0
0131.365,-722.5,-70.225,96.0,72.0,98.0
0131.397,-700.6833333333333,-66.25833333333334,96.0,72.0,98.0
0131.429,-656.65,-59.9,96.0,72.0,98.0
0131.460,-595.7,-53.169230769230765,96.0,72.0,98.0
0131.499,-516.225,-45.96153846153847,102.0625,72.0,98.0
0131.532,-459.05384615384617,-42.19166666666666,108.25,72.0,98.0
0131.565,-423.6666666666667,-40.28333333333333,111.8125,72.0,98.0
0131.598,-404.76666666666665,-36.75,110.125,72.0,98.0
0131.631,-392.98333333333335,-33.45384615384615,108.0625,72.0,98.0
0131.663,-365.0916666666667,-29.541666666666664,104.0625,72.0,98.0
0131.696,-322.9833333333333,-29.116666666666664,102.0,72.0,98.0
0131.728,-270.7307692307692,-27.8,99.0,72.0,98.0
0131.761,-225.25,-26.644444444444442,96.9375,72.0,98.0
0131.794,-190.39999999999998,-23.3375,95.0,72.0,98.0
0131.833,-158.36666666666667,-20.85,94.0,72.0,98.0
0131.866,-142.1875,-19.15,94.5625,72.0,98.0
0131.898,-125.375,-17.54615384615385,95.5625,72.0,98.0
0131.930,-116.91666666666666,-16.923076923076923,96.0,72.0,98.0
0131.961,-109.5,-14.95,96.0,72.0,98.0
0132.008,-111.38461538461539,-15.3,95.0,72.0,98.0
0132.025,-110.49999999999999,-14.291666666666668,94.5,72.0,98.0
0132.066,-110.95,-14.423076923076923,94.0,72.0,98.0
0132.098,-102.93076923076923,-12.9125,94.0,72.0,98.0
0132.131,-88.6,-11.6875,93.0,72.0,98.0
0132.162,-57.5,-11.4875,93.0,72.0,98.0
0132.193,-19.983333333333334,-9.522222222222222,93.0,72.05059523809524,97.99999999999999
0132.232,32.5,-8.5,95.4375,72.16666666666667,98.0
0132.265,71.875,-6.4,100.125,72.26488095238095,98.0
0132.297,98.0,-4.433333333333334,109.125,72.36011904761905,98.0
0132.330,116.6,-1.8769230769230767,112.0,72.45833333333334,98.0
0132.362,120.5875,2.1,111.375,72.55357142857142,98.0
0132.395,124.58461538461538,5.0,108.3125,72.65178571428572,98.0
0132.428,121.13333333333334,6.658333333333333,106.25,72.75,98.0
0132.460,119.35,5.015384615384615,104.0,72.84523809523809,98.0
0132.499,114.35000000000001,4.800000000000001,102.0,72.96130952380952,98.0
0132.531,111.8153846153846,6.0,101.0,73.0,98.0
0132.564,108.85,6.5,101.0,73.0,98.0
0132.596,107.93333333333334,6.675,100.76470588235294,73.0,98.0
0132.628,104.99166666666667,6.511111111111111,100.0,73.0,98.0
0132.659,97.1,9.216666666666667,101.0,73.0,98.0
0132.699,72.30769230769232,11.1,101.0,73.0,98.0
0132.731,47.9,11.783333333333333,99.3125,73.0,98.0
0132.764,23.9,10.900000000000002,99.0,73.0,98.0
0132.797,2.8,9.3,98.1875,73.0,98.0
0132.829,-24.8,10.733333333333334,98.0,73.0,98.0
0132.860,-39.699999999999996,11.725000000000001,98.75,73.03571428571428,98.0
0132.900,-43.237500000000004,13.600000000000001,99.0,73.1547619047619,98.0
0132.931,-24.041666666666668,13.453846153846152,99.0,73.24702380952381,98.0
0132.964,6.6461538461538465,13.807692307692307,99.0,73.3452380952381,98.0
0132.996,41.57692307692307,14.966666666666667,99.25,73.44047619047618,98.0
0133.029,72.24166666666666,17.666666666666664,102.3125,73.53869047619048,98.0
0133.062,90.15384615384615,20.066666666666666,106.75,73.63690476190476,98.0
0133.094,103.23333333333333,22.0,111.75,73.73214285714286,98.0
0133.133,118.78461538461539,25.05,114.0,73.84821428571428,98.0
0133.164,125.925,26.15,112.25,73.94047619047619,98.0
0133.195,131.8,28.4,108.3125,74.0,98.0
0133.226,140.6,27.55,107.375,74.00000000000001,98.0
0133.267,147.7,26.808333333333334,103.8125,74.0,98.0
0133.298,149.04999999999998,27.166666666666664,101.875,74.0,98.0
0133.331,146.07500000000002,25.884615384615387,100.0,74.0,98.0
0133.364,140.1,27.9,99.0,74.0,98.0
0133.397,138.35,26.85,98.0,74.0,98.0
0133.430,134.7375,27.35,96.625,74.0,98.0
0133.463,124.60000000000001,24.674999999999997,95.5625,74.0,98.0
0133.495,114.92499999999998,24.28888888888889,94.5625,74.0,98.0
0133.527,101.02307692307693,22.874999999999996,94.0,74.0,98.0
0133.559,90.39999999999999,22.1,93.0,74.0,98.0
0133.600,81.65,22.1,94.0,74.0,98.0
0133.633,69.575,19.1,94.0,74.0,98.0
0133.667,55.51538461538461,17.266666666666666,94.0,74.0,98.0
0133.700,29.07692307692308,11.566666666666666,94.0,74.0,98.0
0133.734,6.0,8.241666666666665,94.0,74.0,98.0
0133.766,-8.341666666666667,1.0846153846153845,93.0,74.0,98.0
0133.798,-15.161538461538461,-5.533333333333333,93.0,74.0,98.0
0133.830,-17.966666666666665,-11.674999999999999,94.0,74.0,98.0
0133.864,-22.049999999999997,-14.783333333333333,96.125,74.0,98.00000000000001
0133.896,-26.849999999999998,-18.861538461538462,100.6875,74.0,98.0
0133.928,-41.34166666666666,-20.376923076923077,108.125,74.0,98.0
0133.960,-64.14615384615385,-21.75,110.0,74.0,98.0
0134.002,-88.71111111111112,-22.666666666666664,107.8125,74.0,98.0
0134.034,-96.4375,-21.300000000000004,106.8125,74.0,98.0
0134.068,-97.6,-22.28333333333333,104.6875,74.0,98.0
0134.100,-96.4625,-19.58888888888889,102.6875,74.0,98.0
0134.133,-97.6888888888889,-18.349999999999998,100.625,74.0,98.0
0134.166,-104.06666666666668,-13.700000000000001,99.5625,74.0,98.0
0134.197,-110.8,-13.36923076923077,99.0,74.0,97.99999999999999
0134.228,-114.48461538461538,-11.316666666666666,98.0,74.0,98.0
0134.267,-120.35384615384616,-8.866666666666667,97.0,74.0,98.0
0134.299,-121.03333333333335,-7.375,96.0,74.0,98.0
0134.331,-135.125,-7.083333333333334,95.0,74.0,98.0
0134.364,-154.4,-8.538461538461538,94.1875,74.0,98.0
0134.398,-174.82307692307694,-8.325,94.0,74.0,98.0
0134.431,-187.6846153846154,-6.375,94.0,74.0,98.0
0134.463,-193.09999999999997,-4.876923076923077,94.0,74.0,98.0
0134.496,-193.0,-2.9750000000000005,94.0,74.0,98.0
0134.527,-187.9,-0.22500000000000026,93.0625,74.0,98.0
0134.568,-178.75,3.9,93.0,74.0,98.0
0134.602,-165.5,6.992307692307692,93.0,74.0,98.0
0134.632,-137.8769230769231,8.500000000000002,93.0,74.0,98.0
0134.665,-97.55833333333332,10.600000000000001,93.0,74.0,98.0
0134.696,-52.875,15.600000000000001,93.5,74.0,98.0
0134.729,-20.150000000000002,20.1,97.125,74.0,98.0
0134.761,8.084615384615383,22.98461538461538,101.8,74.0,98.0
0134.795,15.553846153846154,24.999999999999996,109.375,74.0,98.0
0134.828,21.723076923076924,27.800000000000004,110.75,74.0,98.0
0134.860,15.975,30.783333333333335,109.25,74.03582089552239,98.0
0134.902,24.2,33.6,106.60000000000001,74.16119402985075,98.0
0134.936,34.53076923076923,34.43076923076923,105.0,74.26268656716417,97.99999999999999
0134.960,39.474999999999994,34.7,103.0,74.33432835820895,98.0
0135.002,45.06666666666667,34.33333333333333,101.3125,74.45970149253732,98.0
0135.039,52.358333333333334,36.225,100.0,74.57014925373134,98.0
0135.073,65.6,38.8625,99.0,74.67164179104478,98.0
0135.100,73.45,40.93846153846154,99.0,74.75223880597015,98.0
0135.132,75.81538461538462,42.400000000000006,97.0,74.84776119402986,98.0
0135.163,73.6,44.1,96.0,74.94029850746269,98.0
0135.195,73.1076923076923,44.650000000000006,95.25,75.0,98.0
0135.227,66.03846153846155,55.82857142857142,95.0,75.0,98.0
0135.269,58.41666666666667,76.89999999999999,95.0,75.0,98.0
0135.302,49.63846153846153,90.56666666666666,95.0,75.0,98.0
0135.334,54.083333333333336,94.14999999999999,95.0,75.0,98.0
0135.366,68.11666666666666,89.2,94.0,75.0,98.0
0135.396,79.94444444444444,85.5,94.0,75.0,98.0
0135.428,84.76666666666667,81.7625,94.0,75.0,98.0
0135.459,80.65,78.9,94.0,75.0,98.0
0135.499,69.19999999999999,74.46666666666667,94.0,75.0,98.0
0135.531,81.35000000000001,72.06923076923077,94.0,74.91940298507463,98.0
0135.563,101.42499999999998,71.52499999999999,94.0,74.82388059701492,98.00000000000001
0135.595,131.85384615384615,72.73333333333333,95.0,74.72835820895521,97.99999999999999
0135.628,166.225,74.93333333333334,97.625,74.62985074626866,98.0
0135.660,185.73333333333335,74.95384615384616,102.4375,74.53432835820897,98.0
0135.701,200.9,76.07692307692307,110.375,74.41194029850746,98.0
0135.733,196.60000000000002,78.975,111.0,74.31641791044777,98.0
0135.765,194.3,83.41666666666667,108.66666666666666,74.22089552238805,98.0
0135.800,184.38333333333333,82.20769230769231,107.4375,74.11641791044775,98.0
0135.833,180.2153846153846,78.16666666666666,105.375,74.0179104477612,98.0
0135.865,173.60833333333335,73.2,103.375,74.00000000000001,98.0
0135.898,162.83333333333331,69.9,101.3125,74.0,97.99999999999999
0135.930,141.13333333333335,66.9,100.0,74.0,98.0
0135.961,116.06153846153845,62.68333333333333,100.0,74.0,98.0
0135.995,80.85384615384615,52.15,99.0,74.0,98.0
0136.028,59.1,42.48333333333334,98.0,74.0,98.0
0136.060,26.925000000000004,29.623076923076923,97.0,74.0,98.0
0136.101,-7.0249999999999995,16.46153846153846,95.0,74.0,98.0
0136.133,-36.82222222222222,4.269230769230769,94.625,74.0,98.0
0136.166,-62.625,-9.15,94.0,74.0,98.0
0136.198,-83.625,-23.23333333333333,94.0,74.0,98.0
0136.231,-109.85,-37.47692307692308,94.0,74.0,98.0
0136.264,-141.52307692307693,-47.892307692307696,94.0,74.0,98.0
0136.296,-177.2,-53.099999999999994,94.0,74.0,98.0
0136.328,-226.25833333333333,-58.46666666666667,94.0,74.0,98.0
0136.360,-282.1333333333333,-61.46923076923077,94.0,74.0,98.0
0136.393,-334.53846153846155,-67.2,94.0,74.0,98.0
0136.434,-383.7,-74.1,95.0,74.0,98.0
0136.466,-405.0,-81.8,95.0,74.0,98.0
0136.497,-436.45,-87.63333333333333,95.0,74.0,98.0
0136.529,-476.9,-96.53333333333333,96.125,73.94642857142857,98.0
0136.561,-527.0888888888888,-99.96666666666667,101.375,73.85119047619047,97.99999999999999
0136.594,-576.925,-102.03333333333333,107.375,73.75297619047619,98.0
0136.627,-615.7,-104.26666666666667,112.0,73.65476190476191,98.0
0136.673,-648.6500000000001,-105.15833333333333,109.875,73.51785714285714,98.0
0136.691,-657.6769230769231,-105.72500000000001,108.75,73.46428571428572,98.0
0136.733,-658.7538461538462,-106.2,106.0,73.33928571428571,98.0
0136.764,-652.8666666666667,-103.5,104.1875,73.24702380952381,98.0
0136.798,-638.3,-100.89999999999999,102.0625,73.14583333333334,98.0
0136.830,-618.8615384615384,-95.5111111111111,101.0,73.05059523809524,98.0
0136.863,-584.1,-90.525,100.0,73.0,98.0
0136.895,-537.1166666666667,-84.8,99.0,73.0,98.0
0136.926,-487.35,-79.0,98.0625,73.0,98.0
0136.967,-414.7833333333333,-72.5,96.5,73.0,98.0
0136.998,-355.95000000000005,-68.53076923076922,95.5625,73.0,98.0
0137.030,-294.55,-63.9,95.0,73.0,98.0
0137.062,-241.45,-60.25,94.0,73.0,98.0
0137.098,-195.11666666666667,-54.5,94.0,73.0,98.0
0137.130,-165.7,-48.892307692307696,94.0,73.0,98.0
0137.162,-138.42499999999998,-45.0,94.0,73.0,98.0
0137.195,-121.86153846153846,-37.95,94.0,73.0,98.0
0137.228,-100.8,-33.387499999999996,94.0,73.0,98.0
0137.261,-83.9,-28.0625,94.0,73.0,98.0
0137.301,-45.641666666666666,-22.650000000000002,94.0,73.0,98.0
0137.332,-0.44166666666666643,-17.4,94.0,73.0,98.0
0137.364,56.85384615384616,-11.6,94.0,73.0,98.0
0137.396,110.06666666666668,-8.1,94.3125,73.0,98.0
0137.428,145.75,-2.083333333333333,98.625,73.0,98.0
0137.460,160.48333333333335,0.3,102.9375,73.0,98.0
0137.500,164.2076923076923,3.9846153846153847,108.625,73.0,98.0
0137.531,163.79999999999998,4.55,109.25,72.83333333333333,98.0
0137.563,169.21666666666667,4.0,108.0,72.64285714285714,98.0
0137.596,174.35833333333335,4.016666666666667,105.1875,72.44642857142857,98.00000000000001
0137.630,178.5076923076923,5.092307692307692,104.0,72.24404761904762,98.0
0137.662,176.36666666666667,5.65,102.0625,72.05357142857143,98.0
0137.695,169.05,9.475000000000001,100.0,71.85714285714286,98.0
0137.727,158.725,9.123076923076923,100.0,71.66666666666666,98.0
0137.768,150.21666666666667,9.075000000000001,99.0,71.42261904761905,98.0
0137.801,134.36153846153846,9.23076923076923,98.375,71.22619047619048,98.0
0137.832,119.15,9.2,97.0,71.04166666666667,98.0
0137.862,94.475,9.9,96.0,71.0,98.0
0137.894,78.55,8.366666666666667,95.5625,71.0,98.0
0137.928,74.41538461538461,10.438461538461539,95.0,71.0,98.0
0137.961,76.03333333333333,17.349999999999998,95.0,71.0,98.0
0137.995,79.175,28.866666666666667,95.0,71.0,98.0
0138.027,75.23333333333332,37.05,95.0,71.0,98.0
0138.067,71.325,43.58461538461538,95.0,71.0,98.0
0138.097,77.30000000000001,45.46666666666667,95.1875,71.0,98.0
0138.129,82.5,47.8375,96.0,71.0,98.0
0138.161,89.1375,63.1,97.0,71.0,98.0
0138.193,90.99999999999999,87.45,97.0,70.94345238095238,98.0
0138.233,91.75833333333333,115.81538461538463,95.3125,70.82440476190476,97.99999999999999
0138.265,111.13076923076925,135.26666666666668,95.0,70.72916666666667,98.0
0138.297,141.8,139.99166666666665,94.0,70.63392857142857,98.0
0138.328,178.33333333333331,144.06666666666666,95.625,70.54166666666666,98.0
0138.361,210.97692307692307,143.74615384615385,98.375,70.44345238095238,98.0
0138.393,234.6,139.77692307692308,107.0625,70.34821428571428,98.0
0138.435,257.875,134.98333333333335,112.0,70.22321428571428,98.0
0138.468,267.9,130.78333333333333,110.625,70.125,98.0
0138.498,271.2083333333333,126.6,108.75,70.03571428571428,98.0
0138.531,266.9416666666666,119.8,106.6875,70.0,98.0
0138.563,257.6,113.64444444444445,104.6875,69.99999999999999,98.0
0138.596,240.11538461538464,101.1,102.625,70.0,98.0
0138.628,216.40000000000003,85.35,100.625,70.0,97.99999999999999
0138.659,181.68333333333334,64.2625,100.0,70.0,98.0
0138.699,97.4875,36.833333333333336,99.0,70.0,98.0
0138.732,6.938461538461537,18.407692307692308,99.0,70.0,98.0
0138.764,-66.45384615384614,6.7,99.0,70.0,98.0
0138.797,-111.77777777777777,-1.4,98.0,70.0,98.0
0138.828,-122.4,0.033333333333333354,98.0,70.0,98.0
0138.860,-106.19999999999999,5.574999999999999,97.0,70.0,98.0
0138.900,-54.40833333333333,17.96666666666667,97.0,70.0,98.0
0138.931,-24.444444444444443,27.02307692307692,96.6875,70.0,98.0
0138.963,-7.716666666666667,33.723076923076924,96.0,70.0,98.0
0138.995,-7.75,39.31666666666667,96.0,70.0,98.0
0139.027,-1.7749999999999997,42.8,97.3125,70.0,98.0
0139.059,2.553846153846154,48.9,98.0,70.0,98.0
0139.099,-1.4,53.54166666666667,98.1875,70.0,98.0
0139.131,-5.366666666666666,56.050000000000004,97.0,70.0,98.0
0139.163,-6.066666666666666,56.724999999999994,95.1875,70.0,98.0
0139.197,17.6,58.050000000000004,94.0,69.953125,98.0
0139.230,45.9,62.3375,94.0,69.85,98.0
0139.263,80.73333333333332,64.65,95.125,69.746875,98.0
0139.296,110.66666666666666,68.82499999999999,99.375,69.64375,98.0
0139.328,136.025,70.05,105.25,69.54375,98.0
0139.360,155.7,71.81538461538462,110.0,69.44375,98.0
0139.401,165.53076923076924,71.68333333333334,109.3125,69.315625,98.0
0139.433,168.275,71.225,106.3125,69.215625,98.0
0139.465,167.2125,69.7,105.29411764705883,69.115625,98.0
0139.498,174.01250000000002,66.46666666666667,105.0,69.0125,98.0
0139.532,182.375,64.3,104.11764705882354,69.0,98.0
0139.565,201.4625,60.25,104.0,69.0,98.0
0139.598,212.075,59.375,102.9375,69.0,98.0
0139.630,218.3166666666667,57.825,100.9375,69.0,98.0
0139.663,213.47692307692307,58.06666666666667,97.875,69.0,98.0
0139.696,202.46153846153845,56.900000000000006,96.0,69.0,98.0
0139.729,188.89999999999998,55.1,95.0,69.0,98.0
0139.762,170.97500000000002,51.4,94.0,69.0,98.0
0139.795,159.7153846153846,49.34615384615384,94.0,69.0,98.0
0139.829,150.30769230769232,44.9,94.0,69.0,98.0
0139.862,138.0,41.65833333333333,95.5,69.0,98.00000000000001
0139.895,113.2,37.146153846153844,97.5625,69.0,98.0
0139.928,86.11538461538461,30.400000000000002,99.0,69.0,98.0
0139.960,58.2,23.40833333333333,99.0,69.0,98.0
0139.994,10.5875,13.3,97.25,69.0,98.0
0140.036,-64.65,-4.433333333333334,95.625,69.0,98.0
0140.074,-131.8375,-21.450000000000003,94.0,69.0,98.0
0140.091,-156.6,-29.175,94.0,69.0,98.0
0140.132,-191.46666666666667,-46.141666666666666,94.375,69.0,98.0
0140.165,-205.725,-60.4,97.5,69.0,98.0
0140.196,-219.08333333333331,-70.56666666666666,100.875,68.93154761904762,98.0
0140.227,-237.875,-82.40769230769232,108.0,68.83928571428571,98.0
0140.267,-277.2,-95.40769230769232,112.875,68.7202380952381,98.0
0140.301,-319.0769230769231,-101.70833333333333,113.0,68.61904761904762,98.0
0140.333,-352.325,-103.8,108.0,68.52380952380952,98.0
0140.365,-375.6,-100.275,105.0,68.42857142857143,98.0
0140.398,-376.1,-91.95384615384617,101.9375,68.33035714285714,98.0
0140.431,-367.4,-77.7,101.0,68.23214285714286,98.0
0140.464,-340.1166666666666,-61.56666666666667,101.0,68.13392857142857,98.0
0140.497,-309.6,-47.9,102.25,68.03571428571428,98.0
0140.530,-268.1923076923077,-37.6,103.3125,68.0,98.0
0140.563,-228.1,-32.044444444444444,102.625,68.0,98.0
0140.595,-203.725,-29.5,100.625,68.0,98.0
0140.628,-187.13846153846154,-29.183333333333334,96.58823529411765,68.0,98.0
0140.661,-160.94615384615386,-26.384615384615387,94.5625,68.0,98.0
0140.694,-134.16153846153847,-21.4,93.0,68.0,98.0
0140.727,-103.675,-12.9,93.0,68.0,98.0
0140.761,-72.94999999999999,-3.2416666666666663,93.6875,68.0,98.0
0140.794,-34.94615384615385,4.25,95.75,68.0,98.0
0140.836,-2.383333333333333,13.56923076923077,97.375,68.0,98.0
0140.868,3.4153846153846157,16.283333333333335,98.0,68.0,98.0
0140.899,-8.441666666666666,15.0,97.6875,68.0,98.0
0140.932,-22.73333333333333,7.433333333333334,96.25,68.0,98.0
0140.965,-26.2375,-0.8,94.5625,68.0,98.0
0140.998,-29.65,-11.500000000000002,93.0,68.0,98.0
0141.029,-34.41111111111111,-21.549999999999997,93.0,68.0,98.0
0141.062,-53.5125,-34.35,96.125,68.0,98.0
0141.095,-80.95,-50.05,100.875,68.0,98.0
0141.127,-129.2,-64.475,109.25,68.0,98.0
0141.166,-204.7,-77.53076923076924,111.9375,68.0,98.0
0141.200,-278.06666666666666,-88.59230769230768,108.8125,68.00000000000001,98.0
0141.233,-334.33076923076925,-100.4,106.75,68.0,98.0
0141.265,-390.3538461538461,-113.76666666666668,103.8125,68.0,98.0
0141.297,-452.04999999999995,-124.00000000000001,101.8125,68.0,98.0
0141.328,-519.4000000000001,-129.35,100.0,68.0,98.0
0141.361,-592.2666666666667,-131.32307692307694,99.0,68.0,98.0
0141.402,-655.4,-132.2,99.0,68.0,98.0
0141.436,-693.8846153846154,-131.11538461538464,99.0,68.0,98.0
0141.460,-708.6416666666667,-131.05,99.0,68.0,98.0
0141.500,-738.8,-131.55,98.0625,68.0,98.0
0141.533,-763.7,-131.82500000000002,97.0,68.0,98.0
0141.565,-788.5333333333333,-132.25384615384615,96.0625,68.0,98.0
0141.598,-802.6333333333333,-129.70833333333331,96.0,68.0,98.0
0141.630,-806.3083333333334,-128.36666666666667,96.0,68.0,98.0
0141.663,-808.0833333333334,-125.63333333333333,96.0,68.0,98.0
0141.696,-807.2692307692307,-122.05384615384617,96.0,68.0,98.0
0141.728,-798.8,-117.85,96.0,68.0,98.0
0141.762,-773.7333333333333,-112.24166666666666,95.70588235294116,68.0,98.0
0141.796,-739.1750000000001,-109.1,95.0,68.0,98.0
0141.829,-696.775,-106.4,95.0,68.0,98.0
0141.862,-662.85,-101.5,96.0,68.0,98.0
0141.894,-630.3444444444444,-97.1,98.5,68.0,98.00000000000001
0141.927,-600.75,-93.1,105.125,68.0,98.0
0141.967,-572.9666666666667,-88.03333333333333,109.0,68.0,98.0
0141.999,-552.55,-85.60000000000001,107.9375,68.0,98.0
0142.032,-536.5250000000001,-82.64999999999999,105.875,68.0,98.0
0142.066,-526.3538461538462,-80.73076923076923,102.75,68.0,98.0
0142.099,-518.125,-79.23333333333335,101.66666666666667,68.0,98.0
0142.130,-509.05,-76.60000000000001,100.6875,68.0,98.0
0142.162,-497.36153846153843,-73.85833333333333,100.0,68.0,98.0
0142.194,-485.3538461538462,-69.26923076923079,100.0,68.0,98.0
0142.225,-475.26666666666665,-65.74166666666666,99.0,68.0,98.0
0142.267,-466.8666666666667,-63.33333333333333,98.0,68.0,98.0
0142.298,-458.4,-62.2,97.1875,68.0,98.0
0142.330,-451.2076923076923,-60.21111111111111,96.1875,68.0,98.0
0142.362,-442.6153846153846,-57.6375,96.0,68.0,98.0
0142.397,-433.73333333333335,-56.5375,96.0,68.0,98.0
0142.430,-427.53333333333336,-54.9375,96.0,68.0,98.0
0142.462,-422.24999999999994,-53.47500000000001,96.0,68.0,98.0
0142.494,-418.51666666666665,-50.09230769230769,96.0,68.0,98.0
0142.526,-407.5333333333333,-48.55,96.0,68.0,98.0
0142.567,-376.575,-46.85,96.0,68.0,98.0
0142.599,-342.075,-47.16666666666667,96.0,68.0,98.0
0142.631,-307.68888888888887,-44.7,97.0,68.0,98.0
0142.664,-281.66923076923075,-41.86666666666667,100.375,68.0,98.0
0142.696,-258.45,-39.325,105.0625,68.0,98.0
0142.729,-245.6,-36.81666666666666,111.75,68.0,98.0
0142.762,-237.1888888888889,-34.58888888888889,112.0,68.0,98.0
0142.797,-231.83846153846156,-32.75,109.0,68.0,98.0
0142.830,-228.61666666666665,-33.875,106.9375,68.0,98.0
0142.863,-220.40833333333333,-33.5,104.0,68.0,98.0
0142.895,-214.90769230769232,-32.107692307692304,102.875,68.0,97.99999999999999
0142.927,-205.15384615384616,-29.975,101.875,68.0,98.0
0142.967,-199.90769230769232,-29.9,100.375,68.0,98.0
0143.000,-185.6,-29.4,100.0,68.0,98.0
0143.033,-168.575,-28.5,99.0,68.0,98.0
0143.064,-140.61111111111111,-26.70769230769231,97.3125,68.0,98.0
0143.096,-102.2625,-23.883333333333333,96.3125,68.0,98.0
0143.129,-66.08333333333334,-20.1,95.0,68.0,98.0
0143.160,-18.641666666666666,-17.066666666666666,95.0,68.0,98.0
0143.200,49.3,-13.425,95.0,68.0,98.0
0143.232,96.6,-10.653846153846153,95.0,68.0,98.0
0143.265,133.3,-7.8999999999999995,95.0,68.0,98.0
0143.297,155.13333333333333,-4.983333333333334,94.75,68.0,98.0
0143.329,189.35384615384615,-1.2916666666666665,94.0,68.0,98.0
0143.360,231.075,4.1,94.0,68.0,98.0
0143.393,283.45,8.8,94.25,68.0,98.0
0143.435,339.1,16.2875,97.75,68.0,98.0
0143.473,368.675,20.45,103.75,68.0,98.0
0143.498,377.3923076923077,22.033333333333335,107.625,68.0,98.0
0143.531,379.24615384615385,23.93076923076923,110.875,68.04470938897168,98.0
0143.562,381.1666666666667,24.20833333333333,109.1875,68.09090909090908,98.0
0143.596,379.825,24.93333333333333,106.0625,68.14157973174366,97.99999999999999
0143.628,379.9166666666667,24.516666666666666,105.0625,68.1892697466468,98.0
0143.661,375.1153846153846,23.915384615384614,104.0,68.23845007451564,98.0
0143.694,367.65833333333336,23.453846153846154,101.9375,68.28763040238451,98.00000000000001
0143.736,340.3,23.96666666666667,100.3125,68.35022354694486,98.0
0143.760,324.55384615384617,22.683333333333334,100.0,68.3859910581222,98.0
0143.800,297.96153846153845,22.084615384615383,99.0,68.44560357675111,98.0
0143.832,277.9,24.5,98.3125,68.49329359165425,98.0
0143.864,266.3333333333333,26.35,98.0,68.54098360655738,98.0
0143.896,259.83333333333337,30.050000000000004,97.0,68.5886736214605,98.0
0143.928,255.875,32.16666666666667,96.0,68.63636363636363,98.0
0143.960,257.2,33.89230769230769,96.0,68.68405365126677,98.0
0144.003,259.91249999999997,37.0,96.0,68.74813710879285,98.0
0144.027,258.33333333333337,40.05,96.0,68.7839046199702,98.0
0144.073,254.62499999999997,49.96666666666667,96.0,68.85245901639344,98.0
0144.099,255.40769230769232,59.35384615384615,96.0,68.89120715350224,98.0
0144.131,272.73333333333335,70.625,97.0,68.93889716840536,98.0
0144.163,299.3625,82.33333333333334,97.0,68.98658718330849,98.0
0144.195,339.25,83.55,98.0,69.13690476190477,98.0
0144.227,365.4666666666667,86.76666666666667,99.4375,69.32738095238096,98.00000000000001
0144.268,369.6230769230769,90.44615384615383,105.0,69.57142857142857,98.0
0144.299,342.28333333333336,86.84166666666667,108.875,69.75595238095238,98.0
0144.331,303.825,80.8,111.0,69.94642857142857,98.0
0144.363,259.56666666666666,68.99166666666667,109.0625,70.13690476190476,98.0
0144.395,212.43846153846152,55.77692307692308,106.125,70.32738095238096,98.0
0144.427,172.81666666666666,40.95,105.0,70.51785714285714,98.0
0144.474,120.7,21.8,103.0,70.79761904761905,98.0
0144.500,78.85000000000001,15.900000000000002,100.5,70.95238095238095,98.0
0144.532,25.166666666666668,10.9,99.5,71.00000000000001,98.0
0144.565,-13.423076923076922,8.161538461538461,99.0,71.0,98.0
0144.597,-15.007692307692308,10.5,99.0,71.0,98.0
0144.630,12.791666666666664,16.4,98.0,71.0,98.0
0144.662,34.3,23.34444444444445,96.375,71.0,98.0
0144.694,50.3,31.949999999999996,96.0,71.0,98.00000000000001
0144.726,59.6,36.55,95.375,71.0,98.0
0144.768,75.5,40.2625,95.0,71.0,98.0
0144.801,89.95,41.7375,94.0,71.0,98.0
0144.834,100.4,45.8,94.375,71.0,98.0
0144.867,111.825,52.46153846153847,95.0,71.0,98.0
0144.899,119.55,62.638461538461534,95.4375,71.0,98.0
0144.932,128.35,68.55000000000001,96.0,71.0,98.0
0144.963,146.38333333333335,75.34166666666667,95.5625,71.0,98.0
0144.995,184.52499999999998,80.8,95.0,71.0,98.0
0145.026,237.2,87.0875,95.0,71.0,98.0
0145.066,283.55384615384617,96.6923076923077,98.75,71.0,98.0
0145.096,306.03846153846155,97.22500000000001,103.5,71.0,98.0
0145.128,306.075,95.00000000000001,109.75,71.0,98.0
0145.160,310.1,91.2,110.0,71.0,98.0
0145.200,306.53846153846155,86.28888888888889,107.75,71.0,98.0
0145.232,312.1375,84.85,106.0,71.0,98.0
0145.263,310.7,81.45000000000002,104.8125,71.0,98.00000000000001
0145.295,306.65,79.16666666666666,102.0,71.0,98.0
0145.326,294.89230769230767,75.4,100.875,71.0,98.0
0145.366,286.8,72.425,100.0,71.0,98.0
0145.397,283.59999999999997,71.26666666666667,100.0,71.0,98.0
0145.429,285.26666666666665,69.93333333333334,100.0,71.0,98.0
0145.462,286.6,68.97692307692309,99.0,71.0,98.0
0145.493,289.83333333333337,67.77499999999999,98.0,71.0,98.0
0145.535,287.15,65.0,96.0,71.0,98.0
0145.573,273.15000000000003,64.54166666666666,96.0,71.0,98.0
0145.599,266.7153846153846,62.82222222222222,96.0,71.0,98.0
0145.632,252.7,60.65,96.0,71.0,98.0
0145.665,249.8,60.449999999999996,96.0,71.0,98.0
0145.697,244.1125,56.9,95.0,71.0,98.0
0145.728,239.2,56.66666666666667,95.0,71.0,98.0
0145.773,239.04615384615383,55.849999999999994,95.0,71.0,98.0
0145.799,257.725,74.69999999999999,95.0,71.0,98.0
0145.830,289.3666666666667,97.76666666666665,95.625,71.0,98.0
0145.861,317.81666666666666,118.85,96.0,71.07440476190477,98.00000000000001
0145.893,346.5153846153846,131.82307692307694,97.5625,71.16964285714286,98.0
0145.933,348.07777777777784,122.40769230769232,106.125,71.28869047619048,98.0
0145.965,344.8,119.0,110.0625,71.38392857142857,98.0
0145.998,323.15000000000003,114.6,110.875,71.48214285714286,98.0
0146.029,301.9923076923077,110.27777777777779,108.9375,71.57440476190476,98.0
0146.060,273.0833333333333,107.33333333333334,107.0,71.66666666666667,98.0
0146.100,243.58333333333331,102.0,105.5,71.78571428571428,98.0
0146.133,230.04166666666666,98.56666666666668,104.0,71.88392857142857,98.0
0146.166,222.06666666666666,96.3,102.375,71.98214285714286,98.0
0146.198,216.0,91.73846153846154,102.0,72.0,98.0
0146.228,209.68333333333334,86.72500000000001,102.0,72.00000000000001,98.0
0146.261,198.21666666666664,80.6,101.0,72.0,98.0
0146.301,186.175,75.05,99.9375,72.0,98.0
0146.333,165.66666666666669,73.575,97.9375,72.0,98.0
0146.364,143.025,69.71538461538462,97.0,72.0,98.0
0146.397,114.225,65.4,95.0,72.0,98.0
0146.430,82.575,59.21666666666667,95.0,72.0,98.0
0146.463,56.825,54.91666666666667,95.0,72.0,98.0
0146.495,28.425,49.00769230769231,96.0,72.0,98.0
0146.527,-10.425,43.65384615384615,96.0,72.0,98.0
0146.573,-86.51666666666667,30.65,96.0,72.0,98.0
0146.600,-122.18333333333334,23.3,96.0,72.0,98.0
0146.633,-149.61538461538464,8.35,96.0,72.0,98.0
0146.666,-161.65,-6.0625,95.0,72.0,98.0
0146.698,-166.32500000000002,-19.6,95.0,72.0,98.0
0146.729,-181.53846153846155,-32.03333333333334,96.875,72.0,98.0
0146.762,-204.39999999999998,-42.53846153846153,101.8125,72.0,98.0
0146.796,-235.275,-54.83333333333334,109.0625,72.0,98.0
0146.829,-267.775,-64.83333333333334,111.0,72.0,98.0
0146.861,-303.2923076923077,-76.225,109.875,72.0,98.00000000000001
0146.893,-339.20000000000005,-89.8923076923077,106.875,72.0,98.0
0146.932,-384.0615384615385,-104.08461538461538,105.4375,72.0,98.00000000000001
0146.963,-414.5333333333333,-114.36666666666667,103.5,72.0,98.0
0146.995,-445.9076923076923,-119.78461538461539,101.52941176470588,72.0,98.0
0147.027,-481.8461538461538,-125.3,100.5625,72.0,98.0
0147.061,-527.925,-134.10000000000002,100.0,72.0,98.0
0147.092,-575.0583333333333,-140.7,99.0,72.0,98.0
0147.132,-635.5,-148.38333333333333,98.0,72.0,98.0
0147.163,-675.0384615384614,-151.23333333333332,97.0,72.0,98.0
0147.196,-700.2,-151.25384615384615,96.0,72.0,98.0
0147.227,-711.7,-149.7,95.0,72.0,98.0
0147.266,-710.725,-146.93333333333334,95.0,72.0,98.0
0147.298,-701.2833333333334,-144.925,95.0,72.0,98.0
0147.331,-683.6461538461539,-140.4153846153846,95.0,72.0,98.0
0147.363,-660.7166666666667,-133.79999999999998,96.0,72.0,98.0
0147.394,-634.5,-128.4375,96.0,72.0,98.0
0147.434,-580.1583333333334,-118.78333333333333,96.0,72.0,98.0
0147.467,-506.1769230769231,-112.03333333333333,95.0,72.0,98.0
0147.498,-416.35,-104.43846153846154,95.0,72.0,98.0
0147.530,-335.475,-97.19999999999999,95.0,72.04375,98.0
0147.562,-270.2,-87.75833333333333,96.875,72.14375,98.0
0147.595,-220.6,-79.95,100.875,72.246875,98.0
0147.627,-191.1,-74.53846153846155,107.9375,72.346875,98.0
0147.668,-167.65384615384616,-68.36666666666666,109.0,72.475,98.0
0147.699,-153.55,-66.19166666666666,106.125,72.571875,98.0
0147.732,-147.65,-65.47500000000001,103.5,72.67500000000001,98.0
0147.763,-150.47692307692307,-68.06923076923076,101.5625,72.771875,98.0
0147.795,-174.73333333333335,-71.51249999999999,100.5625,72.87187499999999,98.0
0147.828,-210.10000000000002,-74.875,99.5,72.975,98.0
0147.860,-267.175,-80.9,99.0,73.0,98.0
0147.902,-342.2,-89.51666666666667,99.0,73.0,98.0
0147.935,-406.5,-95.5923076923077,98.0,73.0,98.0
0147.967,-453.8,-98.7875,97.8125,73.0,98.0
0148.001,-480.7166666666666,-100.25,96.6875,73.0,98.0
0148.034,-498.8272727272727,-96.12727272727273,96.0,73.0,98.0
0148.068,-508.5833333333333,-89.64999999999999,96.0,73.0,98.0
0148.101,-514.5769230769231,-82.9,96.0,73.0,98.0
0148.133,-505.5,-76.19999999999999,96.0,73.0,98.0
0148.164,-491.4333333333333,-70.2,96.0,73.0,98.0
0148.197,-469.44615384615383,-64.0,97.0,73.0,98.0
0148.230,-448.67499999999995,-56.815384615384616,96.0,73.0,98.0
0148.264,-406.3666666666667,-52.075,95.25,73.0,98.00000000000001
0148.296,-350.35,-48.233333333333334,95.0,73.0,98.0
0148.328,-282.75384615384615,-41.074999999999996,96.0,73.0,98.0
0148.372,-201.6,-31.71666666666667,97.5625,73.0,98.0
0148.397,-166.8,-26.9,103.375,73.0,98.0
0148.429,-123.88749999999999,-22.700000000000003,108.25,73.0,98.0
0148.461,-99.42222222222222,-20.2,110.0,73.0,98.0
0148.494,-83.03846153846153,-17.5375,107.8125,73.0,98.0
0148.539,-60.761538461538464,-15.024999999999999,104.0,73.0,98.0
0148.572,-41.223076923076924,-13.084615384615386,102.0,73.0,98.0
0148.597,-30.674999999999997,-13.0,100.4,73.0,98.0
0148.629,-27.7,-11.149999999999999,99.375,73.0,98.0
0148.660,-26.75,-11.100000000000001,98.0,73.0,98.0
0148.700,-18.45,-10.466666666666667,98.0,73.0,98.0
0148.733,-5.9,-9.676923076923076,98.0,73.0,98.0
0148.766,-0.35,-5.0,97.0,73.0,98.0
0148.798,-2.166666666666667,-2.3916666666666666,95.8125,73.0,98.0
0148.830,-10.775,1.3666666666666667,94.8125,73.0,98.0
0148.862,-15.76153846153846,4.866666666666666,94.0,73.0,98.0
0148.895,-14.35,8.325000000000001,94.0,73.0,98.0
0148.926,-10.233333333333334,11.455555555555556,95.0,73.0,98.0
0148.967,-3.225,15.200000000000001,95.75,73.0,98.0
0148.999,-4.3,16.833333333333332,96.0,73.0,98.0
0149.032,-4.2153846153846155,18.03076923076923,96.0,73.0,98.0
0149.064,13.566666666666666,21.433333333333334,95.0,73.0,98.0
0149.096,41.4625,25.78333333333333,95.0,73.0,98.0
0149.129,76.425,34.93333333333333,95.0,73.0,98.0
0149.162,120.88888888888889,43.45384615384615,95.0,73.0,98.0
0149.196,157.22499999999997,52.8,100.1875,73.0,97.99999999999999
0149.229,192.7125,61.0,106.25,73.0,97.99999999999999
0149.261,212.53333333333336,68.525,110.125,73.0,98.0
0149.300,236.9076923076923,74.51666666666665,110.4375,73.0,98.0
0149.331,279.05,78.05384615384617,108.46666666666667,73.0,98.0
0149.363,321.1333333333333,78.4,105.46666666666667,73.0,98.0
0149.394,357.9307692307692,79.77692307692308,104.5625,73.0,98.0
0149.427,362.55,86.47500000000001,103.5,73.0,98.0
0149.470,359.6666666666667,109.75,99.8125,73.0,98.0
0149.493,360.35,118.60000000000001,99.0,73.0,98.0
0149.527,362.2111111111111,133.45384615384614,99.0,73.0,98.0
0149.559,370.1,130.7,99.0,73.0,98.0
0149.602,382.1916666666666,129.2,98.0,73.0,98.0
0149.627,389.3625,127.7,98.0,73.0,98.0
0149.669,397.25,124.325,97.0,73.0,98.0
0149.701,392.175,120.46666666666667,95.375,73.0,98.0
0149.733,379.91249999999997,115.97692307692307,95.0,73.0,98.0
0149.766,361.01250000000005,110.06666666666666,95.0,73.0,98.0
0149.798,342.7,108.5625,95.6875,73.0,98.0
0149.831,327.5,104.6375,97.0,73.0,98.0
0149.863,326.7,102.93333333333334,98.0,73.0,98.0
0149.893,335.02500000000003,100.8,98.0,73.0,98.0
0149.934,359.84999999999997,96.93333333333334,97.0,73.0,98.0
0149.966,380.5,93.04166666666666,97.1875,73.0,98.0
0149.999,400.7769230769231,90.8923076923077,101.75,73.0,98.0
0150.031,413.2,90.63076923076923,106.5,73.0,98.0
0150.063,415.65000000000003,89.2,110.3125,73.0,98.0
0150.095,398.9384615384615,87.94615384615386,110.6875,73.0,98.0
0150.129,372.23333333333335,83.15,109.5625,73.0,98.0
0150.161,357.4666666666667,80.6,106.58823529411765,73.0,98.0
0150.206,341.175,76.0,104.75,73.0,98.0
0150.230,333.03333333333336,72.975,104.0,73.0,98.0
0150.262,314.54999999999995,69.77777777777779,102.25,73.0,98.0
0150.293,294.2,63.775,101.3125,73.0,98.0
0150.332,276.75,59.275,99.875,73.0,98.0
0150.364,256.80833333333334,54.8,98.875,73.0,98.0
0150.397,238.1076923076923,52.746153846153845,96.8125,73.0,98.0
0150.430,207.8,46.225,95.0,73.0,98.0
0150.462,172.26666666666665,38.03333333333333,94.0,73.0,98.0
0150.495,124.0333333333333,25.9,93.0,73.0,98.0
0150.527,69.20769230769233,12.923076923076923,93.0,73.0,98.0
0150.567,-16.415384615384617,2.0500000000000003,94.0,73.0,98.0
0150.600,-88.7,-5.746153846153845,94.0,73.0,98.0
0150.632,-139.54166666666666,-13.115384615384615,94.0,73.0,98.0
0150.665,-176.88333333333333,-21.333333333333336,93.0,73.0,98.0
0150.697,-199.22307692307692,-30.174999999999997,92.0,73.0,98.0
0150.730,-220.9125,-35.49230769230769,92.0,73.0,98.0
0150.763,-240.3375,-39.1,94.125,73.0,98.0
0150.797,-253.33333333333334,-42.325,101.5625,73.0,98.0
0150.829,-271.40769230769234,-47.75,106.1875,73.0,98.0
0150.862,-293.4,-51.653846153846146,107.0,73.0,98.0
0150.894,-312.76666666666665,-58.4,105.75,73.0,98.0
0150.926,-326.45000000000005,-61.724999999999994,104.75,73.0,98.0
0150.968,-330.775,-63.75,103.0,73.0,98.0
0151.001,-328.15000000000003,-61.4,101.0625,73.0,98.0
0151.033,-326.9,-56.825,99.0625,73.0,98.0
0151.064,-324.68333333333334,-53.266666666666666,98.0,73.0,98.0
0151.096,-322.1,-49.275000000000006,98.0,73.0,98.0
0151.127,-316.87777777777774,-46.074999999999996,99.0,73.0,98.0
0151.166,-311.60769230769233,-42.08461538461539,99.0,73.0,98.0
0151.198,-307.53333333333336,-39.35384615384615,99.0,73.0,98.0
0151.231,-306.76666666666665,-36.7375,99.0,73.0,98.0
0151.264,-303.73333333333335,-36.4375,99.0,73.0,98.0
0151.296,-311.13076923076926,-36.800000000000004,99.0,73.0,98.0
0151.329,-311.9333333333334,-38.766666666666666,98.0,73.0,98.0
0151.360,-305.9,-38.65,98.0,73.0,98.0
0151.392,-289.9769230769231,-35.8,98.0,73.0,98.0
0151.434,-251.62307692307692,-29.75,97.0,73.0,98.0
0151.466,-215.30769230769232,-23.076923076923077,97.0,73.0,98.0
0151.498,-173.95,-19.53333333333333,97.0,73.0,98.0
0151.531,-142.5333333333333,-15.600000000000001,103.125,73.02591463414635,98.00000000000001
0151.563,-123.53333333333333,-13.399999999999999,107.0625,73.07469512195122,97.99999999999999
0151.596,-123.06923076923077,-10.284615384615385,108.875,73.125,98.0
0151.629,-118.07692307692308,-9.8,106.8125,73.17530487804878,98.0
0151.662,-118.24166666666666,-10.45,104.75,73.22560975609755,98.0
0151.695,-105.5,-10.100000000000001,102.6875,73.27591463414635,98.0
0151.728,-98.90769230769232,-8.75,100.625,73.32621951219512,98.0
0151.760,-91.64166666666665,-6.555555555555555,99.0,73.375,98.0
0151.800,-85.1,-4.3,99.0,73.4359756097561,98.0
0151.832,-73.075,-3.4,99.0,73.48475609756098,98.0
0151.865,-58.762499999999996,-3.0666666666666664,98.0,73.53506097560975,98.0
0151.898,-46.9,-1.9076923076923076,97.0,73.58536585365853,98.0
0151.931,-44.6,1.758333333333333,95.46875,73.63567073170732,98.0
0151.964,-46.9,6.55,95.0,73.6859756097561,98.0
0151.997,-44.5,8.391666666666667,95.0,73.73628048780488,98.0
0152.028,-50.03076923076923,11.384615384615385,95.0,73.78353658536585,98.0
0152.060,-56.05,12.125,95.125,73.83231707317073,98.0
0152.101,-63.68333333333334,12.258333333333333,96.6875,73.89481707317074,98.0
0152.132,-65.53846153846153,13.450000000000001,97.625,73.9420731707317,98.0
0152.165,-47.5,15.033333333333335,98.6875,73.99237804878048,98.0
0152.198,-23.5,19.383333333333336,99.0,74.0,98.0
0152.230,4.191666666666666,23.583333333333332,98.0,74.0,98.0
0152.262,22.588888888888892,28.224999999999998,100.5,74.0,98.0
0152.293,26.2875,32.05384615384615,105.0625,74.0,98.0
0152.333,26.433333333333334,32.353846153846156,112.0,74.0,98.0
0152.366,27.5,34.974999999999994,111.75,74.0,98.0
0152.399,30.0,34.95,107.6875,74.0,98.0
0152.432,26.83846153846154,36.775000000000006,105.25,74.0,98.0
0152.466,22.87777777777778,36.96923076923077,103.0,74.0,98.0
0152.500,22.8875,38.650000000000006,100.375,74.0,98.0
0152.533,29.6125,41.25,99.0,74.0,98.0
0152.566,37.9875,44.925000000000004,98.0,74.0,98.0
0152.599,55.55,48.93333333333334,97.0,74.0,98.00000000000001
0152.631,77.8,49.9,97.0,74.0,98.0
0152.664,98.07500000000002,51.175000000000004,97.0,74.0,98.0
0152.697,117.12500000000001,51.5,97.0,74.0,98.0
0152.730,120.96923076923076,51.333333333333336,95.0,74.0,98.0
0152.764,122.24166666666665,52.0,95.0,74.0,98.0
0152.798,117.94999999999999,47.875,95.0,74.0,98.0
0152.831,129.35000000000002,44.791666666666664,95.0,74.0,98.0
0152.864,150.53846153846152,44.15,95.0,74.0654761904762,98.0
0152.896,183.29999999999998,48.10000000000001,95.0,74.16071428571429,98.0
0152.928,207.46249999999998,55.66666666666667,95.0,74.25595238095238,98.0
0152.962,236.075,61.508333333333326,95.0,74.35714285714286,98.0
0152.996,258.06666666666666,102.07499999999999,95.0,74.45833333333334,98.0
0153.028,267.3153846153846,146.0,97.25,74.55357142857143,98.0
0153.062,274.23333333333335,193.75,105.25,74.6547619047619,98.0
0153.095,278.4666666666667,217.675,108.8125,74.75297619047619,98.0
0153.129,278.71666666666664,235.16666666666669,110.0,74.85416666666666,98.0
0153.160,284.2846153846154,251.78333333333336,108.125,74.94642857142858,98.0
0153.202,285.8,261.2153846153846,105.0,75.02421796165488,98.0
0153.234,291.2,251.2076923076923,103.5,75.05650857719476,98.0
0153.266,285.0916666666667,240.53333333333333,102.0,75.08879919273463,98.00000000000001
0153.298,267.70769230769235,231.17499999999998,100.0,75.12108980827448,98.0
0153.329,254.57500000000002,225.55384615384617,100.0,75.15237134207871,98.0
0153.362,243.3,218.36153846153846,99.0,75.18567103935419,98.0
0153.395,240.25,211.39999999999998,99.0,75.21897073662967,98.0
0153.427,237.5,205.7125,98.0,75.25126135216952,98.0
0153.460,235.73333333333335,197.65,97.0,75.28456104944502,98.0
0153.494,244.075,191.0,96.25,75.3188698284561,98.00000000000001
0153.527,254.3,189.325,96.0,75.35216952573158,98.0
0153.560,265.25,227.575,96.0,75.38546922300708,98.0
0153.603,251.95,276.48333333333335,96.0,75.42885973763875,98.0
0153.628,233.425,296.9153846153846,96.0,75.45408678102926,98.0
0153.661,208.67499999999998,295.26666666666665,96.0,75.48738647830474,98.0
0153.695,200.83333333333331,274.15,97.0,75.52169525731584,98.0
0153.728,203.35384615384618,258.0,97.0,75.55499495459132,98.0
0153.761,208.10833333333335,248.1153846153846,96.0,75.5882946518668,98.0
0153.794,212.9375,242.26666666666665,98.0,75.62159434914228,98.0
0153.840,239.9,233.35000000000002,108.125,75.66801210898083,98.0
0153.866,256.73333333333335,228.43333333333334,111.0,75.69424823410696,98.0
0153.897,281.18461538461537,220.06666666666666,111.0,75.7255297679112,98.0
0153.928,288.4166666666667,215.14615384615385,108.125,75.75681130171544,98.0
0153.961,289.56666666666666,211.20000000000002,105.0625,75.79011099899091,98.0
0153.995,290.25,208.73333333333335,102.9375,75.82441977800202,98.0
0154.028,289.05384615384617,251.91666666666666,100.86666666666666,75.85771947527749,98.0
0154.062,288.08888888888885,312.41538461538465,100.0,75.8920282542886,98.0
0154.095,282.25,374.6,100.0,75.92532795156407,98.0
0154.127,278.2,410.51666666666665,99.625,75.95761856710394,98.0
0154.168,280.16666666666663,392.825,98.0625,75.99899091826438,98.0
0154.201,281.60769230769233,383.1166666666667,97.0,76.0,98.0
0154.233,278.09999999999997,376.9,96.0,76.0,98.0
0154.264,268.55,369.01666666666665,95.0,76.0,98.0
0154.297,264.5,362.75,95.0,76.0,98.0
0154.328,262.5846153846154,351.84999999999997,95.0,76.0,98.0
0154.367,265.4846153846154,340.1923076923077,95.375,76.0,98.0
0154.400,257.55,329.6333333333333,95.5625,76.0,98.0
0154.433,253.0625,322.02500000000003,95.0,76.0,98.0
0154.467,247.4,312.43750000000006,95.0,76.0,98.0
0154.500,256.2,308.15000000000003,95.0,76.0,98.0
0154.532,268.4,345.2625,95.0,76.08035714285715,98.0
0154.564,277.73749999999995,470.85,98.375,76.17559523809523,97.99999999999999
0154.596,288.175,608.3416666666667,103.0625,76.27083333333334,98.0
0154.627,283.73846153846154,728.675,107.875,76.36309523809523,98.0
0154.668,281.3,735.5307692307692,110.0,76.48511904761904,98.0
0154.699,279.69166666666666,701.0833333333334,108.875,76.57738095238095,98.0
0154.733,278.3,672.7416666666667,105.75,76.67857142857143,98.0
0154.765,275.0076923076923,650.5166666666667,104.75,76.77380952380952,98.0
0154.797,270.74545454545455,632.1769230769231,102.75,76.86904761904762,98.0
0154.831,264.1,615.975,101.625,76.97023809523809,98.0
0154.863,258.4916666666667,605.775,101.0,77.0,98.0
0154.896,248.95384615384614,595.0999999999999,100.0,77.0,98.00000000000001
0154.928,238.85000000000002,583.0666666666666,99.0,77.0,98.0
0154.960,223.37500000000003,560.3125,98.0,77.0,98.0
0155.001,208.85,526.775,98.0,77.0,98.0
0155.033,197.21666666666667,500.4,97.0,77.0,98.0
0155.066,185.9,478.1,97.0,77.0,98.0
0155.100,178.29999999999998,464.9416666666666,96.0,77.0,98.0
0155.132,171.6,459.6153846153847,96.0,77.0,98.0
0155.163,168.53333333333336,459.93333333333334,95.875,77.0,98.0
0155.195,160.5,450.58333333333337,95.0,77.0,98.0
0155.228,159.9,427.3076923076923,95.0,77.0,98.0
0155.261,158.9,396.37500000000006,95.0,77.0,98.0
0155.293,157.06666666666666,366.07499999999993,96.0,77.0,98.0
0155.334,131.4333333333333,327.3,97.0,77.0,98.0
0155.368,84.26153846153846,276.85,102.8125,77.0,98.0
0155.401,11.450000000000003,186.41111111111113,107.0,77.0,98.0
0155.433,-73.60000000000001,33.5125,110.0,77.0,98.0
0155.464,-148.8,-112.725,110.0625,77.0,98.0
0155.497,-208.88461538461536,-245.34166666666664,109.0,77.0,98.0
0155.530,-239.56153846153848,-323.60833333333335,105.9375,77.0,98.0
0155.563,-270.91666666666663,-367.6153846153846,103.875,77.0,98.0
0155.597,-322.5,-440.57500000000005,101.75,77.0,98.0
0155.631,-396.3333333333333,-519.9666666666667,101.0,77.0,98.0
0155.664,-472.075,-593.7666666666667,102.0,77.0,98.0
0155.698,-530.7666666666667,-640.7615384615385,101.0,77.0,98.0
0155.730,-589.35,-666.446153846154,99.4375,77.0,98.0
0155.763,-646.075,-685.5,97.375,77.0,98.0
0155.795,-696.3333333333334,-702.5,97.0,77.0,98.0
0155.827,-737.9749999999999,-709.8076923076924,97.0,77.0,98.0
0155.861,-780.05,-710.5111111111111,97.0,77.0,98.0
0155.902,-828.8333333333334,-697.5692307692308,95.6875,77.0,98.0
0155.940,-876.8499999999999,-688.0250000000001,95.0,77.0,98.0
0155.960,-905.45,-680.8625000000001,95.0,77.0,98.0
0156.002,-950.4307692307692,-667.0666666666667,96.0,77.0,98.0
0156.035,-967.0333333333334,-656.5083333333333,96.0,77.0,98.0
0156.068,-964.0333333333333,-643.15,96.0,77.0,98.0
0156.099,-954.5500000000001,-627.775,96.0,77.0,98.0
0156.131,-943.076923076923,-611.5846153846155,97.6875,77.0,98.0
0156.163,-932.0583333333332,-596.1,104.33333333333334,77.0,98.0
0156.195,-919.8,-583.0,108.375,77.0,98.08035714285714
0156.226,-908.6846153846154,-568.5083333333333,110.0,77.0,98.17261904761904
0156.266,-879.4555555555556,-548.2,108.875,77.0,98.29166666666666
0156.297,-852.0,-530.4833333333333,107.0,77.0,98.38392857142857
0156.329,-818.275,-513.75,105.0,77.0,98.47916666666666
0156.362,-784.3615384615385,-497.30000000000007,101.875,77.0,98.57738095238095
0156.396,-748.6153846153846,-482.15,99.5,77.0,98.67857142857143
0156.428,-713.2,-465.94615384615383,97.0,77.0,98.77380952380952
0156.460,-670.5250000000001,-450.29999999999995,97.0,77.0,98.86904761904762
0156.506,-612.1,-426.84285714285716,96.875,77.0,99.0
0156.531,-581.9666666666667,-416.60833333333335,96.0,77.0,99.0
0156.562,-548.25,-402.5615384615385,95.0,77.0,99.00000000000001
0156.594,-501.4846153846154,-389.15,94.0,77.0,99.00000000000001
0156.633,-451.1166666666667,-373.8538461538462,94.0,77.0,99.0
0156.666,-415.43333333333334,-356.86666666666673,94.0,77.0,99.0
0156.698,-391.1538461538462,-342.7083333333333,94.0,77.0,99.0
0156.730,-370.37500000000006,-326.2923076923077,94.0,77.0,99.0
0156.762,-339.575,-313.5,94.0,77.0,99.0
0156.795,-296.90000000000003,-301.2,94.0,77.0,99.0
0156.827,-246.67777777777775,-291.7833333333333,94.0,77.0,99.0
0156.867,-189.03333333333336,-277.1,95.625,77.0,98.96130952380953
0156.898,-157.0,-265.74444444444447,100.125,77.0,98.91517857142857
0156.929,-130.13333333333333,-250.63333333333333,104.0,77.0,98.86904761904762
0156.960,-119.23846153846154,-238.5,107.4375,77.0,98.82291666666669
0157.001,-113.50769230769231,-224.50833333333333,106.0,77.0,98.76190476190476
0157.033,-111.98333333333335,-216.0769230769231,104.0,77.0,98.71428571428572
0157.066,-99.44999999999999,-210.4769230769231,101.0,77.0,98.66517857142857
0157.098,-89.1076923076923,-203.31538461538463,99.9375,77.0,98.61755952380952
0157.129,-81.68461538461538,-198.11666666666667,98.0,77.0,98.57142857142857
0157.160,-79.30000000000001,-190.97692307692307,97.0,77.0,98.52529761904762
0157.201,-81.21666666666667,-182.07500000000002,97.0,77.0,98.46428571428572
0157.239,-88.32499999999999,-174.2153846153846,96.125,77.0,98.4077380952381
0157.273,-112.86666666666667,-167.225,95.5,77.0,98.35714285714286
0157.299,-135.29999999999998,-161.05,94.375,77.0,98.31845238095238
0157.331,-153.63333333333333,-152.375,94.0,77.0,98.27083333333333
0157.362,-153.21666666666667,-141.91666666666669,93.0,77.0,98.22470238095238
0157.394,-138.33846153846156,-129.76666666666665,93.0,77.0,98.17708333333334
0157.425,-125.38333333333333,-119.86923076923077,93.5,77.0,98.13095238095238
0157.465,-114.4,-107.69999999999999,94.0,77.0,98.07142857142857
0157.496,-110.76666666666667,-98.75384615384615,94.0,77.0,98.02529761904762
0157.527,-97.49230769230769,-89.325,95.0,77.0,98.04166666666667
0157.568,-53.2,-78.46666666666667,94.0,77.0,98.16369047619048
0157.600,-14.223076923076922,-66.65384615384616,94.0,77.0,98.25892857142857
0157.632,24.55,-38.625,95.4375,77.0,98.35416666666666
0157.664,45.18333333333334,-7.475,98.875,77.0,98.44940476190476
0157.696,63.785714285714285,20.2,105.875,77.0,98.54464285714286
0157.728,84.23333333333332,34.1875,108.4375,77.0,98.63988095238095
0157.760,109.7,31.315384615384616,108.0,77.0,98.73511904761905
0157.793,130.2,28.400000000000002,105.5,77.0,98.83333333333333
0157.832,152.8,24.1,104.0625,77.0,98.94940476190477
0157.865,163.73333333333332,21.650000000000002,102.0,76.99999999999999,99.0
0157.897,165.05,21.43846153846154,100.0,77.0,98.99999999999999
0157.930,158.39999999999998,21.725,98.93333333333334,77.0,99.0
0157.962,147.7875,22.5,98.0,77.0,99.0
0157.995,135.68333333333334,19.9,98.0,77.0,99.0
0158.026,129.9,16.4,97.0,77.0,99.0
0158.072,113.73333333333333,11.808333333333334,95.0625,77.0,99.0
0158.100,97.83333333333334,9.676923076923076,94.3125,77.0,99.0
0158.131,74.0,6.3500000000000005,94.0,77.0,99.0
0158.163,45.107692307692304,1.9,94.625,77.0,99.0
0158.194,19.066666666666666,-5.574999999999999,95.0,77.0,99.0
0158.233,-10.116666666666667,-20.846153846153847,95.0,77.0,99.0
0158.264,-32.8,-33.775,95.0,77.0,99.0
0158.296,-54.733333333333334,-51.0,95.0,77.0,99.0
0158.327,-72.6,-64.83333333333334,96.0,77.0,99.0
0158.369,-87.73076923076923,-81.7125,96.0,77.0,99.0
0158.402,-107.95,-91.58461538461539,96.6,77.0,99.0
0158.435,-149.825,-102.65,99.6875,77.0,99.0
0158.467,-200.5076923076923,-112.00833333333333,104.375,77.0,99.0
0158.499,-260.1166666666667,-119.63333333333334,110.66666666666667,77.0,99.0
0158.532,-302.9166666666667,-126.98461538461538,111.25,77.0,99.0
0158.565,-327.2,-132.05,110.1875,77.0,99.0
0158.597,-341.9846153846154,-134.8,106.1875,77.0,99.0
0158.628,-355.1,-135.15,104.25,77.0,99.0
0158.660,-358.55,-131.56666666666666,102.25,77.0,99.0
0158.702,-358.6333333333333,-119.4625,101.0,77.0,99.0
0158.735,-345.8666666666667,-110.975,100.0,77.0,99.0
0158.768,-327.2666666666667,-104.3,100.0,77.0,99.0
0158.800,-306.4846153846154,-102.42500000000001,100.0,77.0,99.0
0158.832,-286.03076923076924,-99.53846153846155,99.5,77.0,99.0
0158.865,-274.29999999999995,-94.95,98.4375,77.00000000000001,99.0
0158.898,-262.47692307692313,-88.75,96.375,77.0,99.0
0158.931,-249.3,-84.0,95.3125,77.0,99.00000000000001
0158.963,-245.13333333333333,-81.57692307692308,94.0,77.0,99.0
0158.996,-227.08333333333331,-79.85,93.0,77.0,99.0
0159.028,-219.32307692307694,-78.89166666666665,93.0,77.0,99.0
0159.060,-205.75,-78.13333333333334,93.0,77.0,99.0
0159.101,-180.89999999999998,-74.1,92.0,77.0,99.0
0159.135,-142.94166666666666,-70.56153846153848,93.0,77.0,99.0
0159.167,-97.1,-66.0,93.0,77.0,99.0
0159.202,-33.392307692307696,-63.825,93.0,77.0,99.0
0159.234,18.933333333333334,-60.83076923076923,96.25,77.0,99.0
0159.267,50.800000000000004,-55.54615384615384,102.0625,77.0,99.00000000000001
0159.301,67.175,-51.1,108.8125,77.0,99.0
0159.334,68.23846153846154,-46.2,109.0,77.0,99.0
0159.367,77.69999999999999,-43.3,107.0625,77.0,99.0
0159.400,85.7,-39.8,104.0,77.0,99.0
0159.431,91.30000000000001,-39.175000000000004,102.0625,77.0,99.0
0159.463,99.7625,-37.25,100.0625,77.0,99.0
0159.495,113.60000000000001,-35.35,98.0625,77.0,99.0
0159.527,138.48333333333335,-31.366666666666667,97.0625,77.0,99.00000000000001
0159.573,164.675,-26.299999999999997,98.0,77.0,99.0
0159.597,171.25,-24.55,97.6875,77.0,99.0
0159.630,168.10769230769233,-21.225,97.0,77.0,99.0
0159.664,160.0,-19.423076923076923,96.0,77.0,99.0
0159.696,151.48333333333335,-18.5,95.0,77.0,99.0
0159.728,137.89999999999998,-17.25,93.5,77.0,99.0
0159.761,115.26923076923077,-17.75,92.4375,77.0,99.0
0159.794,81.4,-19.661538461538463,91.0,77.0,99.0
0159.826,47.9,-21.553846153846152,91.625,77.0,99.0
0159.866,5.041666666666666,-21.692307692307693,93.125,77.0,98.99999999999999
0159.899,-23.424999999999997,-23.0,94.1875,76.99999999999999,99.0
0159.932,-40.85384615384615,-23.46666666666667,97.25,77.0,99.0
0159.965,-41.892307692307696,-25.6,98.3125,77.0,99.0
0159.999,-36.75,-25.846153846153847,99.0,77.0,99.0
0160.032,-35.725,-27.775000000000002,100.5,77.0,99.0
0160.064,-50.161538461538456,-30.8125,104.0,77.0,99.0
0160.097,-88.975,-34.0625,110.125,77.0,99.0
0160.129,-143.73333333333332,-37.9,111.0,77.0,99.0
0160.161,-204.8,-42.9,109.4375,77.0,99.0
0160.193,-265.66153846153844,-49.400000000000006,105.4375,77.0,99.0
0160.234,-359.0666666666667,-59.625,103.875,77.0,99.0
0160.266,-446.8076923076923,-66.75,102.0,77.00000000000001,99.0
0160.298,-537.1615384615384,-74.66666666666666,101.875,77.0,99.0
0160.331,-613.8499999999999,-82.83846153846153,102.0,77.0,99.0
0160.363,-680.3,-90.875,102.0,77.0,99.0
0160.397,-744.2461538461538,-97.35,102.0,77.0,99.0
0160.430,-800.2153846153846,-100.05,101.0,77.0,99.0
0160.464,-849.3499999999999,-100.65555555555557,99.5,77.0,99.0
0160.496,-876.7,-101.6,98.0,77.0,99.0
0160.530,-902.2249999999999,-99.86666666666667,97.0,77.0,99.0
0160.562,-921.7333333333332,-100.45,96.0,77.0,99.0
0160.594,-935.9,-99.33333333333334,96.0,77.0,99.0
0160.626,-948.2249999999999,-98.45000000000002,96.0,77.0,99.0
0160.667,-958.6374999999999,-94.55,96.0,77.0,99.0
0160.700,-957.8538461538462,-93.38333333333333,96.26666666666668,77.0,99.0
0160.731,-942.2,-90.21538461538462,97.0,77.0,99.0
0160.763,-908.9666666666667,-89.43076923076923,96.0,77.0,99.0
0160.796,-868.1416666666667,-86.7,96.0,77.0,99.0
0160.828,-826.9769230769231,-84.225,97.26666666666668,77.0,99.0
0160.868,-780.6999999999999,-79.61666666666667,100.625,77.0,99.0
0160.900,-750.6916666666667,-76.06666666666666,106.8125,77.0,99.0
0160.933,-722.3666666666667,-71.7,108.0,77.0,99.0
0160.966,-702.8384615384615,-69.31666666666666,107.0625,77.0,99.0
0160.998,-683.4625000000001,-67.325,103.0625,77.0,99.0
0161.029,-662.3,-65.6111111111111,102.0,77.0,99.0
0161.060,-646.275,-63.875,100.1875,77.0,99.0
0161.101,-625.825,-60.35,100.0,77.0,99.0
0161.133,-615.4,-58.550000000000004,100.375,77.0,99.0
0161.166,-605.2384615384615,-56.20833333333333,101.0,77.0,99.0
0161.199,-592.8166666666667,-55.483333333333334,100.5,77.0,99.0
0161.232,-583.4416666666667,-53.54615384615385,99.0,77.0,99.0
0161.265,-569.6846153846154,-49.93333333333334,97.375,77.0,99.0
0161.297,-563.9583333333334,-46.94166666666666,97.0,77.0,99.0
0161.330,-549.8833333333333,-45.74999999999999,97.0,77.0,99.0
0161.364,-537.1,-44.7,96.0,77.0,99.0
0161.396,-519.0538461538462,-42.31666666666666,96.0,77.0,99.0
0161.428,-494.51666666666665,-40.06666666666666,96.8125,77.0,99.0
0161.460,-460.32500000000005,-37.707692307692305,97.0,77.0,99.0
0161.501,-398.75,-34.8,96.0,77.0,99.0
0161.534,-341.4,-31.987499999999997,96.0,77.0,99.0
0161.565,-286.81538461538463,-31.3625,96.0,77.0,99.0
0161.599,-235.76153846153846,-29.46666666666667,96.5,77.0,99.0
0161.632,-207.925,-28.392307692307693,101.125,77.0,99.0
0161.663,-190.8,-26.224999999999998,106.0,77.0,99.0
0161.696,-183.6,-23.624999999999996,109.0,77.0,99.0
0161.728,-186.0,-23.783333333333335,108.4375,77.0,99.0
0161.760,-184.4,-23.976923076923075,105.875,77.0,99.0
0161.799,-187.6375,-25.333333333333336,103.0,77.0,99.0
0161.832,-183.91666666666666,-25.166666666666664,101.9375,77.0,99.0
0161.864,-183.48461538461538,-23.7125,100.0,77.0,99.0
0161.895,-181.425,-22.65,100.0,77.00000000000001,99.00000000000001
0161.926,-171.98333333333332,-20.5,99.0,77.0,99.0
0161.966,-159.06666666666666,-18.6375,99.0,77.0,99.0
0161.998,-152.23846153846154,-16.825000000000003,98.0,77.0,98.99999999999999
0162.031,-152.16666666666666,-16.25,97.0,77.0,99.0
0162.063,-150.63333333333335,-16.50769230769231,96.0,77.0,99.0
0162.096,-149.33333333333331,-14.75,96.0,77.0,99.0
0162.130,-143.0,-13.816666666666666,95.3125,77.0,99.0
0162.163,-136.8888888888889,-13.108333333333334,96.0,77.0,99.0
0162.196,-133.1625,-12.146153846153847,96.0,77.0,99.0
0162.229,-137.0625,-11.900000000000002,96.0,77.0,99.0
0162.262,-135.175,-9.700000000000001,96.0,77.0,99.0
0162.295,-118.3,-11.55,96.0,77.0,99.0
0162.328,-83.35,-10.4,96.0,77.0,99.0
0162.361,-53.35,-8.677777777777777,96.125,77.0,99.0
0162.395,-24.508333333333333,-6.975,98.5,77.0,99.0
0162.429,-17.184615384615384,-6.966666666666667,106.125,77.0,99.0
0162.463,-10.616666666666667,-8.9,109.5,77.0,99.0
0162.495,-15.325,-7.584615384615384,109.5,77.0,99.0
0162.528,-19.875,-7.266666666666667,107.4375,76.92559523809524,99.0
0162.560,-22.03333333333333,-6.2384615384615385,105.4375,76.83035714285714,99.0
0162.601,-16.266666666666666,-7.546153846153845,102.875,76.70833333333333,98.99999999999999
0162.633,-11.999999999999998,-7.633333333333333,101.0,76.61309523809524,99.0
0162.665,-4.05,-7.9,100.0,76.51785714285714,99.0
0162.697,0.8384615384615385,-6.5,99.0,76.42261904761905,99.0
0162.728,9.933333333333334,-4.938461538461539,99.0,76.33035714285714,99.0
0162.761,22.933333333333334,-4.1499999999999995,98.0,76.23214285714286,99.0
0162.803,30.4625,-3.7666666666666666,97.0,76.10714285714285,99.0
0162.828,32.81666666666667,-3.7,95.6875,76.03273809523809,99.0
0162.869,47.55,-2.2,95.0,75.99999999999999,98.99999999999999
0162.900,72.05000000000001,-1.8692307692307693,95.0,76.0,99.0
0162.934,101.53333333333333,-0.2,95.0,76.0,99.0
0162.967,128.0,0.55,95.0,76.0,99.0
0162.999,147.45384615384617,2.15,95.0,76.0,99.0
0163.032,178.0,1.7,95.0,76.0,99.0
0163.065,233.03076923076924,3.666666666666667,95.0,76.0,99.0
0163.097,289.475,8.274999999999999,95.00000000000001,76.0,99.0
0163.129,338.93333333333334,13.261538461538462,95.17647058823529,76.0,99.0
0163.160,372.26666666666665,19.216666666666665,98.25,76.0,99.0
0163.200,387.31538461538463,21.166666666666664,104.25,76.07715133531157,99.0
0163.232,394.86923076923074,22.6,109.625,76.17210682492582,99.00000000000001
0163.264,392.20000000000005,23.623076923076923,109.375,76.26706231454007,99.00000000000001
0163.295,400.22499999999997,24.60833333333333,107.4375,76.35905044510386,99.0
0163.327,410.125,22.833333333333336,105.4375,76.4540059347181,99.0
0163.372,421.2888888888889,23.650000000000002,102.6875,76.58753709198812,99.0
0163.399,423.4916666666667,24.266666666666666,102.0,76.66765578635015,99.0
0163.430,417.3333333333333,26.400000000000002,101.0,76.75964391691394,99.0
0163.463,414.4307692307692,26.96666666666667,100.0,76.85756676557864,99.0
0163.495,413.60833333333335,27.875,100.0,76.95252225519287,99.0
0163.528,408.975,27.96923076923077,99.0,76.99999999999999,99.0
0163.561,400.9083333333333,27.933333333333337,98.0,77.0,99.0
0163.594,386.2769230769231,27.133333333333336,97.0,77.0,99.0
0163.627,377.15,26.76666666666667,96.0,77.0,99.0
0163.660,362.53076923076924,26.6,96.0,77.0,99.0
0163.693,349.35,25.275,96.0,77.0,99.0
0163.734,317.55000000000007,24.366666666666664,96.0,77.0,99.0
0163.766,282.5538461538461,23.4,96.0,77.0,99.0
0163.800,244.6384615384615,20.791666666666668,96.0,77.0,99.0
0163.833,216.29999999999998,15.915384615384617,96.0,77.0,99.0
0163.866,193.89999999999998,11.516666666666667,96.0,77.00000000000001,99.0
0163.898,179.06153846153845,7.175000000000001,96.0,76.99999999999999,99.0
0163.930,153.35,4.4,98.375,77.0,99.0
0163.962,126.075,0.11538461538461536,103.5625,77.0,99.0
0163.995,95.65,-4.4,108.5,77.0,99.0
0164.027,53.30769230769231,-10.016666666666667,111.0,77.0,99.0
0164.073,-20.669230769230772,-21.333333333333332,108.875,77.0,99.0
0164.099,-72.82499999999999,-26.2,106.25,77.0,99.0
0164.130,-128.375,-31.6,104.3125,77.0,99.0
0164.162,-182.6,-33.5,103.0,77.0,99.0
0164.194,-228.6,-35.5,101.0,77.0,98.95982142857143
0164.233,-277.9769230769231,-39.400000000000006,100.0,77.0,98.90178571428572
0164.264,-316.03333333333336,-42.13076923076923,100.0,76.99999999999999,98.85565476190476
0164.296,-345.55000000000007,-45.18333333333333,100.0,77.0,98.80803571428572
0164.329,-384.2,-45.73333333333333,99.0,77.0,98.75892857142857
0164.361,-414.9692307692307,-44.775,98.0,77.0,98.71130952380952
0164.404,-441.4846153846154,-42.85,97.0,77.0,98.64732142857143
0164.428,-446.2,-42.40833333333334,97.0,77.0,98.61160714285714
0164.461,-451.0,-40.90833333333333,97.0,77.0,98.5625
0164.501,-450.06666666666666,-39.0,96.0,77.0,98.50297619047619
0164.532,-447.5076923076923,-38.03333333333333,97.0,77.0,98.45684523809524
0164.564,-438.1333333333333,-36.775,97.0,77.0,98.40922619047619
0164.595,-421.47499999999997,-35.85384615384615,96.0,77.0,98.36309523809524
0164.627,-396.5666666666667,-33.69166666666667,96.0,77.0,98.31547619047619
0164.660,-364.1153846153846,-33.15,96.0,77.0,98.26636904761905
0164.702,-323.6,-29.325,97.875,77.0,98.20386904761905
0164.733,-301.48333333333335,-28.95,103.75,77.0,98.1577380952381
0164.765,-283.3,-24.65,107.75,77.0,98.11011904761905
0164.798,-275.3538461538462,-23.733333333333334,109.0,77.0,98.0610119047619
0164.831,-269.8,-23.433333333333334,107.0,77.0,98.01190476190477
0164.863,-275.1375,-23.574999999999996,104.5,77.0,98.0
0164.895,-275.93333333333334,-22.915384615384614,102.5,77.00000000000001,98.00000000000001
0164.928,-281.04999999999995,-22.25,101.0,77.0,98.0
0164.961,-278.1625,-22.45,100.0,77.0,98.0
0164.995,-273.6,-20.1,100.0,77.0,98.0
0165.028,-265.2,-18.146153846153847,100.0,77.0,98.0
0165.068,-269.34999999999997,-16.3,99.0,77.0,98.0
0165.100,-271.7,-16.0,98.0,77.0,98.0
0165.133,-277.9444444444444,-15.637500000000001,97.0,77.0,98.0
0165.164,-273.08333333333337,-16.96666666666667,96.625,77.0,98.0
0165.196,-270.6166666666667,-18.03333333333333,96.0,77.0,98.0
0165.228,-266.95384615384614,-17.666666666666664,96.0,77.0,98.0
0165.261,-259.5,-16.56153846153846,96.4375,77.0,98.0
0165.294,-255.37500000000003,-14.730769230769234,97.0,77.0,98.0
0165.327,-245.75555555555556,-13.358333333333333,96.0,77.0,98.0
0165.373,-209.36923076923077,-12.0,96.0,77.0,98.0
0165.400,-167.59230769230768,-11.1,96.0,77.0,98.0
0165.431,-119.86666666666667,-10.046153846153848,96.0625,77.0,98.0
0165.463,-84.25,-7.5,99.125,77.0,98.0
0165.496,-51.86153846153846,-4.716666666666667,103.375,77.0,98.0
0165.529,-32.8,-2.7,110.00000000000001,77.0,98.00000000000001
0165.560,-23.566666666666666,-2.0307692307692307,110.0,77.00000000000001,98.0
0165.602,-13.2,1.5,108.25,77.0,98.0
0165.640,-5.566666666666667,2.9583333333333335,105.0,77.0,98.0
0165.658,-0.8666666666666666,3.7,104.75,77.0,98.0
0165.699,13.0,2.0,102.0,77.0,98.0
0165.732,19.9,3.5,100.125,77.0,98.0
0165.765,31.207692307692305,4.4,100.0,77.0,98.0
0165.798,36.791666666666664,5.2250000000000005,99.9375,77.0,98.0
0165.831,42.108333333333334,3.2222222222222223,99.0,77.0,98.0
0165.864,49.83846153846153,3.583333333333333,98.0,77.0,98.0
0165.899,51.54615384615384,5.025,97.0,77.0,98.0
0165.933,56.375,7.890909090909091,96.0,77.0,98.0
0165.966,58.1,8.008333333333333,96.0,77.0,98.0
0165.999,62.275,7.676923076923076,96.0,77.0,98.0
0166.031,68.69999999999999,6.792307692307692,96.0,77.0,98.0
0166.063,76.06666666666666,8.4,96.0,77.0,98.0
0166.095,78.04615384615386,9.325,96.0,77.0,98.0
0166.128,96.65833333333333,13.06153846153846,96.0,77.0,98.0
0166.168,143.5,14.049999999999999,95.875,77.00000000000001,98.00000000000001
0166.201,196.7,14.762500000000001,95.0,77.0,98.00000000000001
0166.234,237.43333333333334,17.425,96.29411764705881,77.0,98.0
0166.268,257.4,19.233333333333334,101.75,77.0,98.0
0166.299,259.5,20.592307692307692,107.125,77.0,98.0
0166.332,255.2,20.90833333333333,111.0,77.0,98.0
0166.364,242.7,19.95,109.6,77.0,98.0
0166.396,241.40833333333333,18.75,108.0,77.0,98.0
0166.428,242.06666666666666,18.146153846153847,105.5625,77.0,98.0
0166.461,250.95,17.8,104.0,77.0,98.0
0166.500,255.76666666666665,17.208333333333332,102.0,77.0,98.0
0166.531,252.99230769230766,17.625,101.0,77.0,98.0
0166.563,246.51666666666665,18.6,100.0,77.0,98.0
0166.595,237.375,18.05,100.0,77.0,98.0
0166.626,228.72307692307695,16.98333333333333,99.0,77.0,98.0
0166.666,227.93333333333334,16.075000000000003,96.6875,77.0,98.0
0166.696,221.9,16.6,96.0,77.0,98.0
0166.727,224.91666666666669,17.592307692307692,95.0,77.0,98.0
0166.767,220.84166666666664,19.0,95.0,77.0,98.0
0166.799,232.36923076923077,20.275000000000002,95.0,77.0,98.0
0166.831,242.63846153846154,20.75,95.0,77.0,98.0
0166.864,246.43333333333337,21.384615384615383,95.0,77.0,98.0
0166.897,242.5,21.28333333333333,95.0,77.0,98.0
0166.929,240.59230769230768,21.425,95.0,77.0,98.0
0166.963,257.4307692307692,22.349999999999998,95.0,77.0,98.0
0166.995,290.23333333333335,24.511111111111113,95.0,77.0,98.0
0167.028,326.5333333333333,27.125,95.0,77.0,98.0
0167.061,353.85,29.65,97.9375,77.0,98.0
0167.094,366.9153846153846,33.0,103.0,77.0,98.0
0167.127,365.8,32.95,110.0625,77.0,98.0
0167.168,350.1,31.933333333333337,111.0,77.0,98.0
0167.200,335.275,29.5,109.375,77.0,98.0
0167.231,320.83076923076925,28.9,107.0,77.0,98.0
0167.263,305.8333333333333,25.715384615384615,105.4375,77.0,98.0
0167.294,286.77500000000003,23.31666666666667,103.5,77.0,98.0
0167.334,252.05,20.07692307692308,102.0,77.0,98.0
0167.365,231.14615384615385,16.55,101.0,77.0,98.0
0167.397,199.1,14.100000000000001,100.0,77.0,98.0
0167.429,173.425,11.849999999999998,100.0,77.0,98.0
0167.461,137.875,7.676923076923077,98.0625,77.0,98.0
0167.501,82.41666666666667,4.45,97.0,77.0,98.0
0167.533,41.315384615384616,-1.1875,96.0,77.0,98.0
0167.566,2.5166666666666666,-5.15,95.5,77.0,98.0
0167.599,-20.866666666666667,-10.007692307692306,95.0,77.0,98.0
0167.632,-44.724999999999994,-12.000000000000002,96.0,77.0,98.0
0167.664,-72.0,-15.749999999999998,96.0,77.0,98.0
0167.695,-109.46666666666667,-20.166666666666668,96.0,77.0,98.0
0167.727,-155.4,-23.400000000000002,96.0,77.0,98.0
0167.760,-199.8,-27.33846153846154,95.375,77.0,98.0
0167.801,-235.25000000000003,-28.25,95.0,77.0,98.0
0167.833,-248.95384615384617,-28.833333333333336,95.0,77.0,98.0
0167.865,-256.6583333333333,-29.0125,96.1875,77.0,97.99999999999999
0167.898,-266.4833333333333,-28.77777777777778,98.9375,77.0,97.99999999999999
0167.929,-285.0615384615384,-30.284615384615385,106.4,77.0,98.0
0167.960,-307.6333333333333,-29.9,110.1875,77.0,98.0
0168.001,-343.15,-33.6,111.0,77.0,98.0
0168.032,-360.4666666666667,-34.28888888888889,108.3125,77.0,98.0
0168.064,-369.275,-36.025,106.3125,77.0,98.0
0168.095,-377.65,-37.85,105.0,77.0,98.0
0168.128,-386.0,-38.3,102.3125,77.0,98.0
0168.159,-390.9333333333333,-40.669230769230765,101.0,77.0,98.0
0168.199,-387.0,-38.49230769230769,100.0,77.0,98.0
0168.231,-380.17500000000007,-36.699999999999996,100.0,77.0,98.0
0168.262,-368.53749999999997,-31.925,98.9375,77.0,98.0
0168.294,-353.3,-28.723076923076924,97.9375,77.0,98.0
0168.326,-332.1166666666667,-25.153846153846153,96.9375,77.0,98.0
0168.367,-295.8416666666667,-19.753846153846155,95.0,77.0,98.0
0168.399,-269.0846153846154,-16.541666666666668,95.0,77.0,98.0
0168.432,-237.03846153846155,-14.883333333333333,95.0,77.0,98.0
0168.466,-201.06666666666666,-12.850000000000001,95.0,77.0,98.0
0168.499,-165.5,-11.346153846153847,95.0,77.0,98.0
0168.531,-138.39166666666668,-8.116666666666667,95.0,76.91071428571428,98.0
0168.561,-103.20000000000002,-4.866666666666667,95.0,76.82142857142857,98.0
0168.593,-47.6,-2.15,94.25,76.72619047619048,98.0
0168.634,39.7,2.7,94.0,76.60416666666667,98.0
0168.667,95.7,8.784615384615385,95.0,76.50595238095238,98.0
0168.698,131.66666666666669,13.85833333333333,97.3125,76.41369047619048,98.0
0168.730,156.89999999999998,17.8,101.625,76.31845238095238,98.0
0168.762,175.99166666666665,21.115384615384617,108.3125,76.22321428571428,98.0
0168.795,195.875,22.6,109.0,76.125,98.0
0168.827,216.3615384615385,23.974999999999998,107.0,76.02976190476191,98.0
0168.860,240.50000000000003,24.725,105.5625,76.0,98.0
0168.893,257.6333333333333,22.96666666666667,103.5,76.0,98.0
0168.935,262.2,22.3,100.875,76.0,98.0
0168.967,251.75000000000003,22.855555555555554,100.0,76.0,98.0
0169.000,249.58333333333331,26.0,100.0,76.0,98.0
0169.032,248.95384615384617,27.875,100.0,76.0,98.0
0169.064,246.1,28.683333333333334,98.8125,76.0,98.0
0169.096,234.95833333333331,27.23846153846154,97.8125,76.0,98.0
0169.127,210.26666666666668,23.9,96.875,76.0,98.0
0169.166,169.53076923076924,20.45,95.4375,76.0,98.0
0169.198,137.675,14.616666666666664,95.0,76.0,98.00000000000001
0169.230,97.80000000000001,9.146153846153847,95.0,76.0,98.0
0169.262,60.699999999999996,1.8333333333333337,95.0,76.0,98.0
0169.295,22.183333333333334,-4.700000000000001,95.0,76.0,98.0
0169.328,-19.616666666666667,-7.4,96.0,76.0,98.0
0169.361,-65.98333333333333,-12.4,96.0,76.0,98.0
0169.393,-123.875,-16.6,96.0,76.0,98.0
0169.433,-182.53333333333336,-22.125,96.0,76.0,98.0
0169.465,-214.27692307692308,-25.45,96.0,76.0,98.0
0169.498,-223.56666666666666,-27.45,96.0,76.0,98.0
0169.530,-234.70000000000002,-28.376923076923077,97.3125,76.0,98.0
0169.563,-251.72500000000002,-29.0,102.75,76.0,98.0
0169.597,-271.95384615384614,-31.1,108.0,76.0,98.0
0169.630,-290.7846153846154,-33.41666666666667,112.0,76.0,98.0
0169.663,-298.0083333333333,-34.09230769230769,111.375,76.0,98.0
0169.695,-297.4,-30.51666666666667,109.375,76.0,98.0
0169.728,-295.3538461538461,-25.174999999999997,106.3125,76.0,98.0
0169.761,-283.34999999999997,-20.8625,105.25,76.0,98.0
0169.792,-272.05,-17.187499999999996,102.3125,76.0,98.0
0169.831,-260.3,-13.084615384615383,101.0,76.0,98.0
0169.865,-250.45000000000002,-9.930769230769231,100.0,76.0,98.0
0169.900,-233.9,-7.408333333333333,99.5625,76.0,98.00000000000001
0169.932,-225.5076923076923,-5.716666666666666,98.5625,76.0,98.0
0169.965,-215.9,-5.283333333333334,97.0,76.0,98.0
0169.998,-215.33636363636364,-4.823076923076924,96.0,76.0,98.0
0170.030,-212.1230769230769,-2.821428571428571,95.0,76.0,98.0
0170.063,-205.63333333333333,1.7833333333333334,95.0,76.0,98.0
0170.094,-201.46153846153845,5.7,96.0,76.0,98.0
0170.134,-191.62307692307692,7.1499999999999995,96.0625,76.0,98.0
0170.165,-192.73333333333332,5.908333333333333,97.0,76.0,98.0
0170.196,-192.675,4.7,96.0,75.953125,98.0
0170.227,-180.33076923076925,5.300000000000001,96.0,75.85625,98.0
0170.267,-130.96153846153845,6.266666666666666,95.0,75.73124999999999,98.0
0170.298,-66.69999999999999,5.525,95.0,75.63437499999999,98.0
0170.329,-5.125,9.053846153846154,94.25,75.53750000000001,98.0
0170.362,42.04444444444444,11.799999999999999,97.625,75.43437499999999,98.0
0170.394,62.38461538461539,15.625,101.9375,75.334375,98.0
0170.426,70.25,17.533333333333335,109.3125,75.234375,98.0
0170.467,70.55,18.700000000000003,109.125,75.10625,98.0
0170.499,70.22500000000001,18.76923076923077,107.125,75.00625,98.0
0170.532,70.35000000000001,18.766666666666666,105.0625,75.0,98.0
0170.564,67.4,17.150000000000002,103.0625,75.0,98.0
0170.597,70.79166666666666,18.4,101.0,75.0,98.0
0170.629,61.8,20.16923076923077,99.0,75.0,98.0
0170.662,57.7,21.0,98.9375,75.0,98.0
0170.695,46.77692307692308,21.650000000000002,98.0,75.0,98.0
0170.728,44.24999999999999,21.115384615384613,97.8125,75.0,98.0
0170.761,43.36666666666667,21.66923076923077,96.75,75.0,98.0
0170.795,51.68333333333334,20.7875,95.625,75.0,98.0
0170.828,58.215384615384615,22.8125,94.5625,75.0,98.0
0170.861,61.225,23.4875,94.0,75.0,98.0
0170.894,57.949999999999996,24.583333333333332,94.0,75.0,98.0
0170.926,57.51538461538462,24.292307692307695,94.0,75.0,98.0
0170.973,57.50000000000001,24.3,94.0,75.0,98.0
0170.999,51.39999999999999,25.233333333333334,94.0,75.0,98.0
0171.032,47.6,26.03333333333333,95.0,75.0,98.0
0171.066,44.78333333333333,26.724999999999998,95.0,75.0,98.0
0171.097,53.70833333333333,25.376923076923077,95.0,75.0,98.0
0171.128,86.33076923076923,27.1,95.0,75.0,98.0
0171.159,124.28333333333333,28.9,95.0,75.0,98.0
0171.198,165.70000000000002,34.8,96.5625,74.92559523809524,98.00000000000001
0171.230,183.80833333333334,38.2,103.125,74.83035714285714,98.0
0171.262,186.75,41.25714285714285,108.125,74.73511904761905,98.0
0171.295,184.72499999999997,45.2625,110.0,74.63690476190476,98.0
0171.327,187.34999999999997,45.76666666666667,108.375,74.54166666666667,98.0
0171.359,186.9875,46.03076923076923,107.375,74.44642857142857,98.0
0171.392,190.2,45.93076923076923,104.3125,74.34821428571428,98.0
0171.431,189.475,44.4,102.875,74.23214285714286,98.0
0171.462,181.75,43.96666666666667,101.0,74.13988095238095,98.0
0171.493,170.39999999999998,41.85,100.0,74.04761904761904,98.0
0171.532,161.43333333333334,41.7,100.0,74.0,98.0
0171.565,157.5307692307692,40.94615384615385,99.0,74.0,98.00000000000001
0171.599,156.1,42.41666666666667,98.0,74.0,98.0
0171.632,163.0,42.18333333333334,96.25,74.0,98.0
0171.664,168.16666666666669,42.06666666666667,96.0,74.0,98.0
0171.695,172.22307692307692,40.93333333333334,95.3125,74.0,98.0
0171.727,173.68461538461537,39.775,95.0,74.0,98.0
0171.760,169.625,39.275,95.0,74.0,98.0
0171.801,170.84166666666667,38.425,95.99999999999999,74.0,98.0
0171.835,165.25,38.2,95.0,74.0,98.0
0171.867,158.52499999999998,39.349999999999994,95.0,74.0,98.0
0171.899,155.22307692307695,42.324999999999996,95.0,74.0,98.00000000000001
0171.932,163.73749999999998,45.525000000000006,95.0,74.0,98.0
0171.963,184.64166666666665,46.29166666666667,95.0,74.0,98.0
0171.996,206.7846153846154,48.853846153846156,95.5,74.0,98.0
0172.027,239.35000000000002,50.6,98.875,74.0,98.0
0172.068,270.375,58.53333333333333,106.0,74.0,98.0
0172.099,289.4333333333334,64.2,109.875,74.0,98.0
0172.132,294.75,70.7,110.0,74.0,98.0
0172.164,297.5125,80.975,108.0,74.0,98.0
0172.195,300.16153846153844,96.8,106.0,74.0,98.0
0172.227,308.30833333333334,111.35833333333333,105.0,74.0,98.0
0172.260,312.3,124.0923076923077,103.0,74.0,98.0
0172.301,315.84999999999997,118.06153846153845,101.0,74.0,98.0
0172.332,310.0,114.75,100.0,74.0,98.0
0172.365,308.73333333333335,112.8,100.0,74.0,98.0
0172.399,298.525,108.55000000000001,99.3125,74.0,98.0
0172.433,287.48333333333335,105.13333333333333,98.0,74.0,98.0
0172.466,273.33076923076925,98.85,97.0,74.0,98.0
0172.500,259.5,95.66666666666667,96.0,74.0,98.0
0172.531,240.22499999999997,89.5,95.0625,74.0,98.0
0172.562,218.70000000000002,82.375,95.0,74.0,98.0
0172.595,180.6769230769231,72.375,95.0,74.0,98.0
0172.626,128.475,64.2625,96.0,74.0,98.0
0172.668,54.8,53.71666666666667,96.0,74.0,98.0
0172.701,6.0,44.16153846153846,96.0,74.0,98.0
0172.734,-23.3,32.94166666666666,96.0,74.0,98.0
0172.767,-36.34444444444444,21.44166666666667,96.0,74.0,98.0
0172.801,-47.00000000000001,9.0,96.0,74.0,98.0
0172.835,-60.05,-5.487500000000001,99.875,74.0,98.0
0172.860,-73.49230769230769,-16.25,103.5,74.0,98.0
0172.900,-122.73076923076923,-31.45,110.0,74.0,98.0
0172.932,-163.45000000000002,-42.9,111.0,74.0,98.0
0172.965,-208.63333333333335,-50.4,108.875,74.0,98.0
0172.998,-247.13333333333333,-56.246153846153845,104.875,74.0,98.0
0173.030,-274.95384615384614,-61.2,103.8125,74.0,98.0
0173.063,-311.3833333333334,-65.7,101.0,74.0,98.0
0173.096,-360.3833333333334,-74.2,100.0,74.0,98.0
0173.128,-404.8076923076923,-80.8,100.0,74.0,98.0
0173.160,-467.875,-85.85833333333333,100.0,74.0,98.0
0173.202,-535.25,-91.44999999999999,99.0,74.0,98.0
0173.234,-575.2083333333333,-95.35,98.0,74.0,98.0
0173.265,-602.1500000000001,-98.82222222222224,97.0,74.0,98.0
0173.295,-630.5846153846154,-102.475,96.25,74.0,98.0
0173.326,-664.8916666666668,-105.82499999999999,96.0,74.0,98.0
0173.366,-712.2,-108.53333333333333,96.0,74.0,98.0
0173.399,-742.9000000000001,-109.96666666666667,96.0,74.0,98.0
0173.430,-765.9666666666667,-110.09230769230768,96.0,74.0,98.0
0173.462,-783.8384615384615,-109.5,96.0,74.0,98.0
0173.493,-793.9,-109.9,96.0,74.0,98.0
0173.534,-801.5307692307692,-109.53333333333333,96.0,74.0,98.0
0173.566,-795.4,-108.89166666666667,96.0,74.0,98.0
0173.599,-791.1875,-106.0625,96.6875,74.0,98.0
0173.632,-783.8375,-103.175,101.5,74.0,98.0
0173.666,-772.4000000000001,-100.01538461538462,106.75,74.0,98.0
0173.699,-755.9625,-96.85833333333332,109.9375,74.0,98.0
0173.731,-736.9750000000001,-93.73333333333335,109.0,74.0,98.0
0173.764,-715.05,-90.53846153846155,106.0,74.0,98.0
0173.795,-696.7666666666667,-88.17500000000001,103.0625,74.0,98.0
0173.827,-680.323076923077,-84.83333333333334,102.0,74.0,98.0
0173.868,-663.6846153846153,-80.23333333333333,100.0,74.0,98.0
0173.900,-648.9583333333333,-75.67500000000001,99.5,74.0,98.0
0173.930,-634.1333333333333,-72.9,100.0,74.0,98.00000000000001
0173.962,-622.2333333333333,-70.05000000000001,100.0,74.0,98.0
0173.995,-609.4666666666667,-68.875,99.0,74.0,98.0
0174.035,-598.65,-65.25,98.0,74.0,98.0
0174.068,-583.7249999999999,-63.94615384615385,97.0,74.0,98.0
0174.100,-569.1153846153845,-62.3,96.0,74.0,98.0
0174.132,-552.0333333333334,-59.83333333333333,96.0,74.0,98.0
0174.164,-537.675,-58.94615384615385,96.0,74.0,98.0
0174.196,-518.3,-55.95833333333333,96.0,74.0,98.0
0174.228,-492.7307692307693,-54.3,96.0,74.0,98.0
0174.260,-456.7,-51.641666666666666,96.0,74.0,98.0
0174.301,-400.0125,-47.56666666666667,96.0,74.0,98.0
0174.333,-364.025,-44.52307692307693,96.625,74.0,98.0
0174.365,-330.8333333333333,-41.2,101.25,74.0,98.0
0174.399,-308.23846153846154,-39.0,105.5,74.0,98.0
0174.431,-294.8666666666667,-37.7,108.0,74.0,98.0
0174.463,-283.66666666666663,-35.388888888888886,107.25,74.0,98.0
0174.494,-269.9111111111111,-34.275,105.3125,74.0,98.0
0174.534,-244.47692307692307,-32.9,102.8125,74.0,98.0
0174.566,-223.5,-30.7,100.8125,74.0,98.0
0174.597,-211.8,-30.26923076923077,99.0,74.0,98.0
0174.629,-205.47499999999997,-29.633333333333333,99.0,74.0,98.0
0174.662,-201.1,-31.016666666666666,98.0,74.0,97.99999999999999
0174.694,-196.00833333333335,-28.875,98.0,74.0,98.0
0174.727,-190.57500000000002,-26.761538461538464,97.0,74.0,98.0
0174.773,-190.46666666666667,-23.46923076923077,95.0,74.0,98.0
0174.801,-193.17777777777778,-23.06923076923077,95.0,74.0,98.0
0174.832,-195.15,-21.9,95.0,74.0,98.0
0174.865,-196.5,-18.366666666666667,95.0,74.0,98.0
0174.897,-196.89999999999998,-17.80769230769231,95.0,74.0,98.0
0174.929,-188.80769230769232,-15.066666666666666,95.4375,74.0,98.0
0174.962,-156.53076923076924,-12.933333333333334,96.0,74.0,98.0
0174.995,-111.94999999999999,-10.866666666666667,96.0,74.0,98.0
0175.027,-56.7,-7.7153846153846155,96.0,74.0,98.0
0175.062,-1.0,-3.5444444444444443,98.1875,74.0,98.0
0175.095,42.238461538461536,-0.11250000000000002,102.5,74.0,98.0
0175.128,77.6875,3.9000000000000004,107.625,74.0,98.0
0175.160,99.12499999999999,7.3,110.0,74.0,98.0
0175.203,122.86666666666667,9.438461538461539,109.0,74.09495548961425,98.0
0175.227,137.93333333333334,10.816666666666668,106.0,74.16617210682493,98.0
0175.274,170.85384615384612,12.766666666666667,103.6,74.30563798219583,98.0
0175.291,175.46666666666667,13.4,102.52941176470588,74.35608308605342,98.0
0175.332,186.125,13.815384615384616,100.0,74.47774480712167,98.0
0175.364,191.01538461538462,13.658333333333333,99.0,74.5727002967359,98.0
0175.395,199.45833333333334,13.783333333333331,100.0,74.66468842729971,98.0
0175.426,206.55833333333334,15.166666666666666,100.0,74.7566765578635,98.0
0175.465,207.55833333333334,14.0875,97.66666666666666,74.87240356083086,98.0
0175.498,198.53076923076924,13.833333333333334,96.625,74.97032640949554,98.0
0175.530,193.13846153846154,13.774999999999999,95.5625,75.0,98.0
0175.563,185.21666666666667,12.416666666666668,95.0,75.0,97.99999999999999
0175.597,177.4,12.8,95.0,75.0,97.99999999999999
0175.631,160.39999999999998,13.892307692307693,95.0,75.0,98.0
0175.665,133.51666666666668,15.63846153846154,95.0,75.0,98.0
0175.697,119.5,17.166666666666668,96.0,75.0,98.0
0175.729,119.28333333333333,17.133333333333333,96.0,75.0,98.0
0175.762,143.04999999999998,17.884615384615383,96.0,75.0,98.0
0175.795,169.05,21.407692307692308,96.0625,75.0,98.0
0175.828,191.74615384615385,24.85,99.25,75.0,98.0
0175.862,208.1,28.475,105.5,75.03044140030441,98.0
0175.895,216.5,29.225,109.0,75.08066971080669,97.99999999999999
0175.929,222.39166666666668,28.45,109.5625,75.13242009132419,98.00000000000001
0175.962,224.45833333333331,29.784615384615385,106.5,75.18264840182648,98.0
0175.996,222.79230769230767,30.053846153846152,105.0,75.23439878234399,98.0
0176.028,224.5,30.766666666666666,103.41176470588235,75.28310502283105,98.0
0176.059,223.7,31.85,102.0,75.33028919330289,98.0
0176.098,217.98333333333335,32.89285714285714,100.05882352941175,75.3896499238965,98.0
0176.129,213.84615384615387,33.71666666666667,99.0,75.43683409436835,98.0
0176.161,206.5,34.8,98.0,75.48554033485541,98.0
0176.194,198.925,34.3625,97.0625,75.53576864535768,98.0
0176.239,189.32500000000002,34.425,96.26666666666667,75.6042617960426,98.0
0176.263,185.33846153846156,36.13076923076923,95.75,75.64079147640791,98.0
0176.296,178.15384615384613,37.99999999999999,95.0,75.6910197869102,98.0
0176.328,174.67499999999998,39.9,95.0,75.73972602739725,98.0
0176.359,176.0,41.892307692307696,95.0,75.7869101978691,98.0
0176.400,181.36666666666667,42.93333333333334,95.0,75.84931506849314,98.0
0176.434,190.8,48.014285714285705,96.0,75.90106544901064,98.0
0176.467,193.51666666666665,51.65,96.0,75.95129375951295,98.0
0176.498,210.13333333333333,53.45,96.0,75.99847792998477,98.0
0176.529,222.35,53.6,95.0,76.0,98.0
0176.561,249.08333333333331,52.93846153846154,95.0,76.0,98.0
0176.592,274.9769230769231,51.91666666666667,97.625,76.0,98.00000000000001
0176.631,299.0833333333333,55.0,102.80000000000001,76.0,98.0
0176.661,307.5333333333333,56.699999999999996,108.17647058823529,76.0,98.0
0176.693,304.82500000000005,56.70769230769231,109.0,76.0,98.0
0176.732,292.5230769230769,54.94166666666666,108.0,76.0,98.0
0176.764,290.0,52.55,106.0,76.0,98.0
0176.797,295.2,51.025,105.375,76.0,98.0
0176.829,305.225,49.06666666666667,103.375,76.0,98.0
0176.861,308.75555555555553,46.09166666666667,102.0,76.0,98.00000000000001
0176.894,305.97499999999997,44.9,101.0,76.0,98.0
0176.927,299.84999999999997,43.583333333333336,101.0,76.0,98.00000000000001
0176.972,290.13750000000005,42.95,100.0,76.0,98.0
0176.999,280.45,44.05384615384615,98.75,76.0,98.0
0177.030,269.4,45.05,97.8125,76.0,98.0
0177.061,261.3333333333333,64.30000000000001,96.0,76.0,98.0
0177.094,252.81666666666666,89.63333333333334,96.0,76.0,98.0
0177.126,255.1923076923077,110.5,95.0,76.0,98.0
0177.166,253.75384615384615,119.56250000000001,96.0,76.0,98.0
0177.198,250.93333333333334,112.82499999999999,96.0,76.0,98.0
0177.230,247.5,108.9875,96.0,76.0,98.0
0177.264,254.63333333333335,106.47500000000001,96.0,76.0,98.0
0177.296,283.1,104.4,96.0,76.0,98.0
0177.328,322.2916666666667,103.15,96.0,76.0,98.0
0177.359,372.2583333333333,101.6,96.0,76.0,98.0
0177.399,407.7,99.93076923076924,97.5,76.0,98.0
0177.431,416.5,99.21538461538461,101.75,76.0,98.0
0177.465,419.98888888888894,98.95,108.75,76.0,98.0
0177.497,417.25,101.55,110.0,76.0,98.0
0177.530,407.45000000000005,100.98333333333333,108.5625,76.0686567164179,98.0
0177.562,391.3875,100.63333333333333,106.0,76.16417910447761,98.0
0177.594,375.89230769230767,99.3375,105.0,76.25970149253732,98.00000000000001
0177.634,362.93333333333334,94.10000000000001,103.0,76.37910447761193,98.0
0177.666,354.65,89.425,101.0625,76.47462686567164,98.0
0177.697,344.5666666666666,83.42499999999998,101.0,76.56716417910448,98.0
0177.728,337.4846153846154,81.2,100.125,76.65970149253731,98.0
0177.760,330.91666666666663,78.5125,100.0,76.75522388059701,98.0
0177.799,322.84999999999997,76.10000000000001,98.6875,76.87164179104477,98.0
0177.832,314.31666666666666,70.8625,97.0,76.97014925373135,98.0
0177.865,306.16249999999997,68.68888888888888,96.0,77.0,98.0
0177.897,295.5,67.3875,95.0,77.0,98.00000000000001
0177.929,286.775,66.7,95.0,77.0,98.0
0177.962,280.85,63.4,95.0,77.0,98.0
0177.995,269.95,62.53846153846155,95.0,77.0,98.0
0178.028,253.5222222222222,61.87692307692308,95.0,77.0,98.0
0178.061,231.38333333333333,59.625,95.0,77.0,98.0
0178.093,205.5,55.2,95.0,77.0,98.0
0178.135,173.7,46.324999999999996,95.0,77.0,98.0
0178.168,141.525,38.607692307692304,95.0,77.0,98.0
0178.199,108.11111111111111,29.4,96.625,76.99999999999999,98.0
0178.232,58.75,18.95,100.75,77.0,98.0
0178.264,8.683333333333334,7.3875,108.75,77.0,98.0
0178.295,-38.46923076923076,-5.2666666666666675,111.0,77.0,98.0
0178.328,-80.9,-18.7,110.625,77.0,98.0
0178.361,-114.8,-34.616666666666674,107.5625,77.0,98.0
0178.394,-153.0,-51.43333333333334,105.5,77.0,98.0
0178.427,-201.4,-66.2,103.4375,77.0,98.0
0178.466,-257.25384615384615,-77.53076923076922,101.0,77.0,98.0
0178.497,-298.4222222222222,-82.75833333333333,100.0,77.0,98.0
0178.529,-334.3,-88.85,100.0,77.0,98.0
0178.561,-382.89166666666665,-97.225,100.0,77.0,98.0
0178.600,-451.125,-107.82307692307691,99.0,77.0,98.0
0178.631,-513.4076923076923,-117.75,98.0,77.0,98.0
0178.664,-567.45,-127.225,97.0,77.0,98.0
0178.695,-599.0333333333333,-131.1,97.0,77.0,98.00000000000001
0178.727,-624.4583333333334,-134.875,96.6875,77.0,98.0
0178.760,-636.4,-134.2,96.0,77.0,98.0
0178.801,-641.6307692307691,-133.5,96.0,77.0,98.0
0178.832,-638.9538461538461,-131.01666666666668,96.0,77.0,98.0
0178.865,-634.8333333333334,-129.01666666666668,96.0,77.0,98.0
0178.896,-622.7,-125.35384615384615,96.0,77.0,98.0
0178.928,-595.2538461538461,-121.63333333333333,95.5625,77.0,98.0
0178.959,-564.7,-117.6,95.0,77.0,98.0
0178.999,-506.8125,-110.55,95.3125,77.0,98.0
0179.031,-476.5,-105.0,96.625,77.0,98.0
0179.064,-449.79999999999995,-99.16153846153847,102.75,77.0,98.0
0179.096,-430.75000000000006,-94.9,106.75,77.0,98.0
0179.129,-421.4,-92.8,108.0,77.0,98.0
0179.163,-416.2833333333333,-89.65,106.4375,77.0,98.0
0179.196,-409.8416666666667,-88.11538461538461,104.375,76.92238805970149,98.0
0179.227,-401.4769230769231,-86.19999999999999,102.0,76.82985074626866,98.0
0179.259,-393.26666666666665,-83.58333333333334,100.4375,76.73432835820896,98.0
0179.299,-383.6,-78.96666666666667,99.0,76.61492537313433,98.0
0179.330,-379.6333333333334,-75.9,99.0,76.52238805970148,98.0
0179.363,-377.1615384615385,-71.73846153846155,99.0,76.42388059701491,98.0
0179.396,-369.8166666666667,-69.84166666666667,98.0,76.32537313432836,98.0
0179.429,-366.7230769230769,-66.75384615384615,97.75,76.22686567164179,98.0
0179.461,-355.125,-64.42307692307692,96.0,76.13134328358208,98.0
0179.494,-346.4,-62.05833333333333,95.0,76.03283582089553,98.0
0179.534,-334.34999999999997,-60.025000000000006,95.0,76.00000000000001,98.0
0179.567,-320.2416666666667,-58.0875,95.0,76.0,98.0
0179.600,-303.5,-54.56666666666667,95.0,76.0,98.0
0179.632,-286.3222222222222,-50.75,95.0,76.0,98.0
0179.664,-267.9,-47.724999999999994,95.0,76.0,98.0
0179.695,-246.81666666666666,-44.1,94.1875,76.0,98.0
0179.727,-206.14615384615385,-43.2,94.0,76.0,98.0
0179.772,-126.33846153846156,-36.8,94.0,76.0,98.0
0179.797,-78.41666666666667,-32.833333333333336,95.1875,76.0,98.0
0179.828,-32.8,-28.93333333333333,97.25,76.0,98.0
0179.860,-8.299999999999999,-26.53076923076923,102.4,76.0,98.0
0179.892,1.130769230769231,-25.423076923076923,109.1875,76.0,98.0
0179.934,-0.2846153846153846,-23.076923076923077,109.1875,76.0,98.0
0179.966,-2.2,-22.933333333333334,106.1875,76.0,98.0
0179.999,3.133333333333333,-23.025,104.125,76.0,98.0
0180.030,10.8,-23.4,103.1875,76.0,98.0
0180.063,17.700000000000003,-22.646153846153847,101.0,76.0,98.0
0180.096,20.3,-19.945454545454545,100.0,76.0,98.0
0180.129,22.075,-18.174999999999997,99.0,76.0,98.0
0180.163,23.299999999999997,-16.55,99.0,76.0,98.0
0180.197,21.5875,-16.323076923076922,98.0,76.0,98.0
0180.227,23.584615384615383,-14.0,97.0,76.0,98.0
0180.259,22.116666666666667,-12.766666666666667,96.875,76.0,98.0
0180.301,22.2,-10.4625,95.25,76.0,98.0
0180.332,25.95,-10.1,95.0,76.0,98.0
0180.364,32.50769230769231,-9.041666666666668,95.0,76.0,98.0
0180.397,41.4,-9.616666666666665,95.0,76.0,98.0
0180.430,44.125,-9.216666666666665,95.0,76.0,98.0
0180.463,44.25,-8.287500000000001,95.0,76.0,98.0
0180.494,34.02307692307693,-3.9750000000000005,95.0,76.0,98.0
0180.527,34.1,-3.05,95.0,76.0,98.0
0180.567,50.86666666666667,-3.666666666666667,95.0,76.0,98.0
0180.597,73.39230769230768,-6.384615384615385,95.0,76.0,98.0
0180.629,96.6625,-5.925,96.1875,76.0,98.0
0180.659,109.5,-5.15,99.125,76.0,98.0
0180.698,106.11666666666667,-6.4,108.0,76.0,98.0
0180.730,89.99166666666666,-8.292307692307693,110.5,76.0,98.0
0180.763,59.823076923076925,-11.3,109.375,76.0,98.0
0180.797,41.68333333333334,-15.149999999999999,107.25,76.0,98.0
0180.829,32.15,-16.0,105.25,76.0,98.0
0180.861,24.176923076923075,-17.153846153846153,103.25,76.00000000000001,98.0
0180.892,10.876923076923077,-20.133333333333333,101.3125,76.0,98.0
0180.933,-19.9,-25.9,99.75,76.0,97.99999999999999
0180.965,-37.575,-30.791666666666664,99.0,76.0,98.0
0180.997,-53.15,-32.3,99.0,76.0,98.0
0181.029,-69.32307692307693,-33.3,98.75,76.0,98.0
0181.061,-79.9,-31.308333333333334,97.80000000000001,76.0,98.0
0181.093,-94.2,-32.86666666666667,96.75,76.0,98.0
0181.134,-110.66666666666666,-32.55,96.0,76.0,98.0
0181.168,-118.65,-32.684615384615384,95.0,76.0,98.0
0181.201,-126.0,-31.807692307692307,95.0,76.0,98.0
0181.232,-124.15,-30.85,95.0,76.0,98.0
0181.265,-128.45,-28.549999999999997,95.5,76.0,98.0
0181.297,-138.95,-21.666666666666664,96.0,76.0,98.0
0181.330,-142.98888888888888,-15.069230769230769,95.0,76.0,98.0
0181.363,-127.37777777777778,-8.05,95.0,76.0,98.0
0181.396,-92.5,-4.4,95.0,76.0,98.0
0181.428,-58.8,0.28750000000000003,96.0,76.0,98.0
0181.460,-35.43333333333333,4.8999999999999995,97.375,76.0,98.0
0181.501,-19.853846153846153,14.784615384615385,105.25,76.0,98.0
0181.532,-8.15,19.099999999999998,108.6875,75.97318768619662,98.0
0181.564,-1.5666666666666667,21.8,109.3125,75.94141012909633,98.0
0181.599,1.5166666666666666,21.666666666666664,106.25,75.90665342601787,98.0
0181.630,-5.666666666666667,22.176923076923075,104.1875,75.87586891757695,98.0
0181.662,-10.600000000000001,21.9,102.1875,75.84409136047665,98.0
0181.694,-12.5,21.141666666666666,101.1875,75.81231380337636,98.0
0181.734,-11.483333333333334,21.7,100.0,75.77259185700099,98.0
0181.766,-6.675,21.43076923076923,100.0,75.74081429990069,98.0
0181.798,-6.838461538461539,22.8,99.6875,75.7090367428004,98.0
0181.830,-6.3,22.549999999999997,98.6875,75.67725918570011,98.0
0181.862,-7.1375,22.0625,97.6875,75.6454816285998,98.0
0181.893,-6.4833333333333325,22.61111111111111,96.0,75.6146971201589,98.0
0181.935,0.3500000000000001,22.7,95.5625,75.57298907646475,98.0
0181.966,12.922222222222222,25.133333333333333,95.0,75.54220456802383,98.0
0182.000,24.525,27.4,95.0,75.50844091360477,98.0
0182.032,40.7125,30.84166666666667,95.0,75.47666335650447,98.0
0182.066,50.6,32.9,96.0,75.4428997020854,98.0
0182.099,52.19230769230769,32.31538461538462,96.0,75.41012909632572,98.0
0182.131,52.253846153846155,34.0,96.0,75.37835153922542,98.0
0182.163,46.541666666666664,36.33846153846154,96.0,75.34657398212512,98.0
0182.194,63.1,36.416666666666664,95.0625,75.31578947368422,98.0
0182.226,93.1,38.125,96.0,75.2840119165839,98.0
0182.267,144.825,42.31666666666666,96.625,75.24329692154916,98.0
0182.297,174.23333333333335,45.78333333333334,100.0,75.21350546176762,98.0
0182.328,191.65384615384613,49.830769230769235,104.3125,75.18272095332671,98.0
0182.360,200.01666666666668,51.599999999999994,110.4375,75.15094339622641,98.0
0182.401,200.32500000000002,51.95,111.0,75.11022840119166,98.0
0182.440,202.2,51.983333333333334,107.5625,75.07149950347568,98.0
0182.457,202.83846153846153,51.9,106.46666666666667,75.05461767626613,98.0
0182.498,201.56153846153848,50.86153846153846,105.0,75.01390268123137,98.0
0182.530,202.86666666666667,49.083333333333336,103.0,75.0,98.0
0182.561,205.58333333333334,46.9,102.0,75.0,97.99999999999999
0182.594,218.56666666666666,47.4,101.0,75.0,98.0
0182.639,241.52499999999998,47.5,101.0,75.0,98.0
0182.664,250.4,47.91818181818182,100.0,75.0,98.0
0182.697,251.99166666666667,48.30833333333333,99.0,75.0,97.99999999999999
0182.730,240.7,48.28333333333333,97.375,75.0,98.0
0182.763,232.46923076923076,48.84615384615384,96.0,75.0,98.0
0182.796,224.22222222222223,46.169230769230765,95.25,75.0,98.0
0182.828,216.3125,46.71666666666666,95.0,75.0,98.0
0182.861,209.1875,42.77499999999999,95.0,75.0,98.0
0182.893,187.575,39.1,95.0,75.0,98.0
0182.932,149.3,34.629999999999995,95.60606060606061,75.0,98.0
0182.964,115.99166666666667,27.98333333333333,96.0,75.0,98.0
0182.995,81.82499999999999,19.75,95.0,75.0,98.0
0183.026,59.0,7.958333333333334,95.0,75.0,98.0
0183.066,35.99230769230769,-7.1923076923076925,95.0,75.0,98.0
0183.097,15.900000000000002,-15.725000000000001,96.5,75.0,98.0
0183.128,-11.991666666666667,-24.991666666666667,98.875,75.0,98.0
0183.161,-54.03333333333334,-32.65,106.5,75.0,98.0
0183.193,-103.1923076923077,-42.330769230769235,110.5,74.92835820895523,98.0
0183.233,-162.0769230769231,-49.7,111.0,74.8089552238806,98.0
0183.263,-196.38333333333333,-55.1625,108.125,74.71940298507462,98.0
0183.295,-226.11666666666667,-61.4,106.125,74.62388059701493,98.0
0183.327,-254.89999999999998,-65.55,104.0,74.52835820895523,98.0
0183.367,-310.2,-69.175,102.0,74.4089552238806,98.0
0183.398,-356.875,-70.025,100.0,74.31641791044777,98.0
0183.429,-397.4076923076923,-70.5,100.0,74.22388059701493,98.0
0183.461,-440.9,-69.075,100.0,74.12835820895522,98.0
0183.492,-475.175,-68.28333333333333,99.8,74.03582089552239,98.0
0183.531,-512.925,-68.00833333333334,99.0,74.0,98.0
0183.564,-535.9375,-66.99230769230769,97.25,74.0,98.0
0183.596,-552.8076923076923,-67.05833333333332,97.0,74.0,98.0
0183.627,-569.3166666666666,-67.42500000000001,96.0,74.0,98.0
0183.666,-586.675,-68.275,96.0,74.0,98.0
0183.698,-603.2181818181818,-67.51818181818182,96.0,74.0,98.0
0183.731,-624.1769230769231,-64.76923076923076,96.0,74.0,98.0
0183.762,-640.1999999999999,-64.88333333333334,96.0,74.0,98.0
0183.793,-644.3416666666667,-63.925,96.0,74.0,98.0
0183.833,-633.0,-64.75,96.0,74.0,98.0
0183.864,-614.1999999999999,-65.27777777777777,96.0,74.00000000000001,98.0
0183.895,-594.9000000000001,-63.90833333333333,96.4375,74.0,98.00000000000001
0183.926,-583.125,-63.125,98.75,74.0,98.0
0183.967,-568.4833333333333,-60.95833333333333,106.875,74.0,98.0
0183.999,-561.5,-59.8,109.0,74.0,98.0
0184.031,-550.25,-59.66923076923078,109.0625,74.0,98.0
0184.064,-542.8,-56.86666666666667,106.0,74.0,98.0
0184.096,-534.55,-55.60000000000001,104.0,74.0,98.0
0184.129,-528.4461538461538,-53.53846153846154,101.9375,74.0,98.0
0184.161,-517.2692307692307,-52.984615384615374,100.9375,74.0,98.0
0184.193,-506.70000000000005,-52.71666666666667,100.0,74.0,98.0
0184.234,-492.1,-48.574999999999996,100.0,74.0,98.0
0184.266,-483.35,-46.175,100.0,74.0,98.0
0184.298,-474.09999999999997,-43.77777777777778,98.375,74.0,98.0
0184.331,-464.675,-42.95833333333333,97.3125,74.0,98.0
0184.363,-455.725,-42.0,96.0,74.0,98.00000000000001
0184.396,-445.92499999999995,-39.50000000000001,96.0,74.0,98.0
0184.428,-434.9333333333334,-38.60769230769231,96.0,74.0,98.0
0184.460,-423.85,-34.925,96.0,74.0,98.0
0184.501,-411.17499999999995,-32.59166666666667,96.0,74.0,98.0
0184.531,-405.75,-30.233333333333334,96.0,74.0,98.0
0184.564,-386.475,-28.878571428571426,96.0,74.0,98.0
0184.597,-356.1076923076923,-29.833333333333336,96.0,74.0,98.0
0184.630,-317.1666666666667,-29.15,96.0,74.0,98.0
0184.662,-270.4,-29.05,96.0,74.0,98.0
0184.694,-232.13333333333333,-26.2,99.625,74.0,98.0
0184.726,-204.14615384615385,-23.900000000000002,104.625,74.0,98.0
0184.767,-178.26923076923077,-19.766666666666666,109.875,74.0,98.0
0184.800,-152.13333333333335,-17.55,108.0625,74.0,98.0
0184.833,-120.73333333333335,-16.416666666666664,106.0,74.0,98.0
0184.866,-86.03333333333335,-14.853846153846153,103.9375,74.0,98.0
0184.899,-54.108333333333334,-14.833333333333334,102.0,74.0,98.0
0184.932,-29.125,-11.683333333333334,100.0,74.0,98.0
0184.965,-4.541666666666666,-7.425,99.0,74.0,98.0
0184.998,11.299999999999999,-5.46923076923077,99.0,74.0,98.0
0185.030,34.91111111111111,-3.325,98.625,74.0,98.0
0185.063,57.099999999999994,-1.825,97.5625,74.0,98.0
0185.094,79.77499999999999,-0.7,96.625,74.0,98.0
0185.135,110.50833333333333,1.625,96.0,74.0,98.0
0185.166,131.83846153846153,3.192307692307692,95.0,74.0,98.0
0185.198,156.575,4.675,95.0,74.0,98.0
0185.230,174.64999999999998,6.9,95.0,74.0,98.0
0185.263,187.43333333333334,8.938461538461539,95.0,74.0,98.0
0185.295,192.59230769230768,11.107692307692307,95.0,74.0,98.0
0185.327,199.43846153846152,13.6,95.0,74.0,98.0
0185.360,223.57500000000002,14.7,95.0,74.0,98.0
0185.401,273.6166666666667,20.70833333333333,96.0,74.0,98.0
0185.433,315.53333333333336,24.7,96.0,74.0,98.0
0185.466,344.8083333333333,30.00769230769231,98.25,74.0,98.0
0185.498,360.2833333333333,32.333333333333336,105.25,74.0,98.0
0185.531,370.45000000000005,32.2,109.6875,74.0,98.0
0185.564,372.5,32.96666666666667,110.25,74.0,98.0
0185.597,379.1125,32.87692307692308,108.1875,74.0,98.00000000000001
0185.630,382.8083333333334,31.766666666666666,107.125,74.0,98.0
0185.663,387.79999999999995,33.724999999999994,105.0,74.0,98.0
0185.695,386.55,32.4,103.0625,74.0,98.0
0185.727,375.9,31.8,101.0,74.0,98.0
0185.766,356.5,31.549999999999997,100.0,74.0,98.0
0185.797,342.8333333333333,28.96666666666667,99.0,74.0,98.0
0185.828,328.4333333333333,28.366666666666667,99.0,74.0,98.0
0185.868,314.6125,26.246153846153845,98.0,74.0,98.0
0185.902,300.66923076923075,26.923076923076923,96.125,74.0,98.0
0185.935,289.75,26.966666666666665,95.0625,74.0,98.0
0185.967,276.20000000000005,27.383333333333333,95.0,74.0,98.0
0186.000,263.6,24.933333333333337,95.0,74.0,98.0
0186.034,248.97692307692307,22.453846153846154,95.0,74.0,98.0
0186.067,230.75,22.3,95.0,74.0,98.0
0186.099,216.38333333333333,20.587500000000002,95.0,74.0,98.0
0186.131,208.0666666666667,19.650000000000002,95.0,74.0,98.0
0186.165,208.0875,20.138461538461538,95.0,74.0,98.0
0186.197,204.85555555555555,21.830769230769228,95.0,74.06268656716418,98.0
0186.228,202.425,24.758333333333333,96.25,74.155223880597,97.99999999999999
0186.267,197.52307692307693,30.758333333333333,99.375,74.27164179104477,97.99999999999999
0186.298,192.0,36.50769230769231,107.25,74.36417910447761,98.0
0186.330,182.7,57.6,110.0,74.45970149253732,98.0
0186.363,175.725,78.11818181818182,109.3125,74.55820895522388,98.0
0186.397,168.83333333333334,95.43333333333334,107.1875,74.65970149253731,98.0
0186.430,165.76666666666665,97.5,106.0,74.75820895522388,98.0
0186.463,170.43846153846155,93.8125,105.0,74.85671641791045,98.0
0186.496,178.50833333333333,90.3875,104.0,74.955223880597,98.0
0186.527,194.3,88.1625,102.0625,75.0,98.0
0186.567,212.51666666666665,87.83333333333334,101.0,75.0,98.0
0186.598,231.09230769230768,86.56923076923076,99.5625,75.0,98.00000000000001
0186.629,248.325,84.925,98.64705882352942,75.0,97.99999999999999
0186.660,264.38750000000005,83.29166666666667,97.0,75.0,98.0
0186.700,278.8,83.625,95.1875,75.0,98.0
0186.730,284.7,83.91538461538462,95.0,75.0,98.0
0186.763,285.225,84.0,95.0,75.0,98.0
0186.797,283.69166666666666,82.86666666666666,95.0,75.0,98.0
0186.829,269.85,77.7,95.875,75.0,98.0
0186.861,237.26153846153846,73.87777777777778,96.0,75.0,98.0
0186.900,187.48461538461538,67.54615384615384,97.0,75.0,98.0
0186.931,143.61666666666667,60.93333333333334,96.0,75.0,98.0
0186.963,118.67500000000001,54.275000000000006,96.0,75.0,98.0
0186.995,113.26666666666665,44.35000000000001,96.0,75.0,98.0
0187.027,114.93846153846154,36.81666666666666,96.0,75.0,98.0
0187.067,113.43846153846152,25.6375,97.75,75.0,98.0
0187.099,99.63333333333334,17.3,105.25,75.0,98.0
0187.132,78.16666666666667,7.233333333333334,109.8125,75.0,98.0
0187.165,49.56666666666667,-1.0666666666666667,112.0,75.0,98.0
0187.199,15.8,-10.676923076923076,110.0,75.0,98.0
0187.232,-15.1,-18.15,107.0,75.0,98.0
0187.266,-41.775,-27.875,105.8125,75.0,98.0
0187.298,-82.3,-34.75,103.8125,75.0,98.0
0187.330,-121.9,-39.88461538461539,101.8125,75.0,98.0
0187.361,-162.31538461538463,-43.12307692307692,101.0,75.0,98.0
0187.393,-197.96923076923076,-46.584615384615375,100.0,75.0,98.0
0187.433,-230.70000000000002,-52.55,100.0,75.0,98.0
0187.464,-255.28333333333336,-56.78888888888889,99.0,75.0,98.0
0187.496,-278.6428571428571,-60.05,97.4375,75.0,98.0
0187.527,-313.1,-61.55555555555556,96.5,75.0,98.0
0187.568,-352.8666666666667,-63.016666666666666,96.0,75.0,98.0
0187.601,-383.6666666666667,-63.63333333333333,95.0,75.0,98.0
0187.634,-397.46153846153845,-63.753846153846155,95.0,75.0,98.0
0187.666,-406.8666666666667,-63.03333333333333,95.0,75.0,98.0
0187.699,-409.1625,-62.35,95.0,75.0,98.0
0187.731,-409.95,-60.330769230769235,95.0,75.0,98.0
0187.763,-403.43333333333334,-57.09230769230769,95.0,75.0,98.0
0187.795,-380.53749999999997,-54.94166666666666,94.8125,75.0,98.0
0187.826,-331.85,-51.08333333333333,94.0,75.0,98.0
0187.866,-239.52500000000003,-47.7,94.625,75.0,98.0
0187.897,-184.8615384615385,-42.57692307692307,97.5625,75.0,98.0
0187.929,-143.76666666666668,-38.0,102.6875,75.0,98.0
0187.960,-117.95,-32.4,108.5,75.0,98.0
0188.001,-94.86666666666667,-23.800000000000004,108.9375,75.0,98.0
0188.034,-73.05384615384617,-20.0,105.875,75.0,98.0
0188.067,-49.830769230769235,-15.933333333333334,104.0,75.0,98.0
0188.099,-23.583333333333332,-15.3,102.8125,75.0,98.0
0188.129,-0.583333333333333,-14.9,100.9375,75.0,98.0
0188.163,18.315384615384612,-11.9,99.0,75.0,98.0
0188.196,33.875,-9.191666666666666,98.0,75.0,98.00000000000001
0188.227,47.2625,-5.525,98.0,75.0,98.0
0188.259,58.15,-3.4,98.0,75.0,98.0
0188.298,69.6,-1.8833333333333333,97.0,75.0,98.0
0188.329,74.59230769230768,-1.0,96.0,75.0,98.0
0188.362,76.7,2.661538461538462,95.0,75.0,98.0
0188.395,71.8625,6.461538461538462,95.0,75.0,98.0
0188.427,70.775,8.3,95.0,75.0,98.0
0188.468,69.9125,8.071428571428573,95.0,75.0,98.0
0188.501,71.975,7.0,95.0,75.0,98.0
0188.534,67.72500000000001,7.4375,95.0,75.0,98.0
0188.565,50.36153846153846,6.2,95.0,75.0,98.0
0188.597,24.8,1.3499999999999999,95.0,75.0,98.0
0188.628,-1.108333333333333,-3.633333333333333,95.0,75.0,98.0
0188.667,-24.583333333333332,-10.433333333333334,95.0,75.0,98.0
0188.699,-34.10769230769231,-13.238461538461538,95.0,75.0,98.0
0188.731,-57.06153846153846,-18.1,96.75,75.0,98.0
0188.764,-85.76666666666667,-25.0,102.625,75.0,98.0
0188.798,-122.04999999999998,-33.541666666666664,108.8125,75.0,98.0
0188.830,-150.0666666666667,-39.6,111.9375,75.0,98.0
0188.861,-184.26666666666665,-43.1625,111.0,75.0,98.0
0188.894,-215.4333333333333,-44.075,108.0625,75.0,98.0
0188.935,-265.38888888888886,-46.4,105.5,75.0,98.0
0188.972,-295.40833333333336,-46.94444444444444,103.1875,75.0,98.0
0189.006,-325.4,-50.15,101.0625,75.0,98.0
0189.039,-345.5,-51.325,101.0,75.0,98.0
0189.065,-354.4923076923077,-54.261538461538464,100.0,75.0,98.0
0189.096,-361.25384615384615,-55.7,99.4375,75.0,98.0
0189.129,-359.53333333333336,-54.900000000000006,99.0,75.0,98.0
0189.162,-352.0666666666667,-52.15,97.0,75.0,98.0
0189.197,-342.0,-47.24615384615385,96.125,75.0,98.0
0189.231,-334.23333333333335,-42.715384615384615,96.0,75.0,98.0
0189.263,-330.6333333333333,-39.35,95.0,75.0,98.0
0189.295,-331.05,-34.95,95.0,75.0,98.0
0189.327,-340.5,-30.8375,95.0,75.0,98.0
0189.368,-350.3333333333333,-27.346153846153843,95.0,75.0,98.0
0189.401,-356.5923076923077,-26.1,95.0,75.0,98.0
0189.432,-344.8,-23.216666666666665,95.0,75.0,98.0
0189.465,-319.3333333333333,-20.7,95.0,75.0,98.0
0189.498,-253.53846153846152,-18.23076923076923,95.6875,75.0,98.0
0189.529,-176.25833333333333,-13.65,96.0,74.92261904761905,98.0
0189.560,-105.71666666666665,-7.433333333333334,97.5625,74.83035714285714,98.0
0189.600,-56.0,-1.9666666666666666,101.125,74.71130952380952,98.0
0189.632,-45.707692307692305,1.1333333333333333,107.125,74.61607142857143,98.0
0189.666,-41.29230769230769,3.2333333333333334,109.0,74.51488095238095,98.0
0189.699,-29.975,7.5,108.75,74.41666666666667,98.0
0189.731,-17.9,10.533333333333335,105.75,74.32142857142857,98.0
0189.762,-6.623076923076923,11.4,103.8125,74.22916666666667,98.0
0189.794,5.615384615384616,11.753846153846155,102.0,74.13392857142857,98.0
0189.826,10.7,10.833333333333332,101.0,74.03869047619048,98.0
0189.868,22.85,11.7,100.0,74.0,97.99999999999999
0189.900,30.483333333333327,11.2875,99.1875,74.0,98.0
0189.933,48.525,11.774999999999999,99.0,74.0,98.0
0189.966,72.26923076923077,11.015384615384615,97.0625,74.0,98.0
0190.000,94.525,12.291666666666666,96.0,74.0,98.0
0190.032,110.775,12.966666666666669,95.0,74.0,98.0
0190.064,119.2625,14.925,95.0,74.0,98.0
0190.095,113.9,15.684615384615384,95.0,74.0,98.0
0190.127,111.40833333333335,16.783333333333335,95.0,74.0,98.0
0190.167,104.8,15.633333333333333,95.0,74.0,98.0
0190.197,102.625,14.141666666666666,95.0,74.0,98.0
0190.228,97.3153846153846,13.723076923076924,95.0,74.0,98.0
0190.273,81.9,14.375,95.0,74.0,98.00000000000001
0190.297,73.50833333333333,14.4125,95.0,74.0,97.99999999999999
0190.328,73.54615384615384,16.0,95.625,74.0,97.99999999999999
0190.361,89.39999999999999,14.3375,95.375,74.0,98.0
0190.395,122.4111111111111,14.7,95.0,74.0,98.0
0190.426,156.20000000000002,16.2,96.0,74.0,98.0
0190.466,181.66666666666666,20.076923076923077,99.5625,74.0,98.0
0190.499,184.0857142857143,24.56666666666667,105.75,74.0,98.0
0190.531,181.625,26.108333333333334,111.0,74.0,98.0
0190.564,169.2,25.21666666666667,111.0,74.0,98.0
0190.596,156.26666666666665,21.15,107.6875,74.0,98.0
0190.627,133.79999999999998,11.669230769230769,105.75,74.0,98.0
0190.668,84.35833333333333,1.6923076923076925,104.1875,74.0,98.0
0190.699,19.5,-9.6375,101.25,74.0,98.0
0190.731,-52.79230769230769,-19.825,100.25,74.0,98.0
0190.763,-137.97692307692307,-30.0,99.0,74.0,98.0
0190.797,-235.0,-40.362500000000004,99.0,74.0,98.0
0190.830,-339.075,-45.75,99.0,74.0,98.0
0190.861,-426.475,-50.02499999999999,98.0,74.0,98.0
0190.892,-498.58888888888885,-51.87692307692308,97.1875,74.0,98.0
0190.934,-590.8692307692307,-56.77692307692308,96.0,74.0,98.0
0190.968,-649.1333333333333,-59.261538461538464,96.0,74.0,98.0
0191.000,-690.6999999999999,-61.041666666666664,96.0,74.0,98.0
0191.031,-717.125,-62.13333333333333,96.0,74.0,98.0
0191.063,-741.0500000000001,-61.44615384615385,96.0,74.0,98.0
0191.097,-762.85,-64.1,96.0,74.0,98.0
0191.129,-775.1750000000001,-63.675,96.625,74.0,98.0
0191.163,-780.5230769230769,-63.5,97.0,74.0,98.0
0191.197,-774.3153846153846,-62.83333333333333,97.0,73.91044776119402,98.0
0191.230,-762.0,-62.833333333333336,97.0,73.81194029850747,98.0
0191.261,-742.4,-61.366666666666674,98.0,73.71940298507462,98.0
0191.292,-723.6692307692308,-58.65,98.8125,73.62686567164178,98.0
0191.333,-696.1333333333334,-54.825,103.75,73.5044776119403,98.0
0191.364,-677.3384615384615,-51.5923076923077,108.66666666666667,73.41194029850746,98.0
0191.396,-662.95,-47.3,113.33333333333334,73.31641791044777,98.0
0191.426,-648.5125,-44.125,112.80000000000001,73.22686567164179,98.0
0191.465,-633.7749999999999,-39.95,109.625,73.11044776119402,98.0
0191.498,-619.4923076923077,-38.51538461538462,105.25,73.01194029850745,98.0
0191.532,-610.3875,-36.70769230769231,103.125,73.0,98.0
0191.563,-601.7125,-35.95,101.1875,73.0,98.0
0191.596,-590.8750000000001,-34.724999999999994,100.0,73.0,98.0
0191.629,-582.7111111111112,-33.05384615384615,99.0625,73.0,98.0
0191.661,-570.1583333333333,-32.041666666666664,99.0,73.0,98.0
0191.701,-557.3333333333333,-31.6,98.0,73.0,98.0
0191.733,-548.4833333333333,-31.425,96.0,73.0,98.0
0191.765,-538.1,-29.85,95.0,73.0,98.0
0191.797,-529.6153846153846,-28.284615384615385,94.5625,73.0,98.0
0191.828,-515.7,-26.683333333333337,94.0,73.0,98.0
0191.860,-502.45,-26.125,94.0,73.0,98.0
0191.901,-484.59166666666664,-23.875,94.0,73.0,98.0
0191.934,-475.4461538461539,-23.325000000000003,94.0,73.0,98.0
0191.966,-464.29999999999995,-21.46923076923077,94.0,73.0,98.0
0191.999,-452.275,-20.575000000000003,94.0,73.0,98.0
0192.032,-431.5625,-19.775,94.0,73.0,98.0
0192.065,-399.2125,-18.1375,94.0,73.0,98.0
0192.097,-365.56666666666666,-16.455555555555556,94.1875,73.0,98.0
0192.128,-342.2375,-14.55,97.25,73.0,98.0
0192.160,-325.03333333333336,-12.533333333333335,102.375,73.0,98.0
0192.201,-305.6,-11.7,108.375,72.91964285714286,98.0
0192.234,-290.6,-10.833333333333334,109.25,72.82142857142857,98.0
0192.267,-278.5,-10.076923076923077,107.1875,72.72321428571429,98.00000000000001
0192.299,-266.7,-9.916666666666666,104.1875,72.62797619047619,98.0
0192.330,-246.95,-8.733333333333334,102.25,72.53571428571428,98.0
0192.361,-225.1307692307692,-7.55,101.0,72.44345238095238,98.0
0192.393,-206.83333333333334,-5.775,99.3125,72.34821428571429,98.0
0192.433,-191.20000000000002,-4.438461538461539,99.0,72.22916666666666,98.0
0192.465,-183.7166666666667,-3.9,99.0,72.13392857142857,98.0
0192.496,-176.0,-5.15,98.875,72.04166666666667,98.0
0192.527,-166.43846153846152,-6.266666666666666,96.0,72.0,97.99999999999999
0192.559,-159.22500000000002,-6.1,95.0,72.0,98.0
0192.598,-152.43846153846152,-5.133333333333334,95.0,72.0,98.0
0192.630,-152.02499999999998,-7.266666666666667,95.0,72.0,98.0
0192.661,-146.75384615384615,-8.5,94.0,72.0,98.0
0192.694,-141.46666666666664,-9.100000000000001,95.0,72.0,98.0
0192.726,-137.425,-8.883333333333333,95.0,72.0,98.0
0192.766,-134.39999999999998,-7.699999999999999,95.0,72.0,98.0
0192.799,-132.26666666666668,-7.833333333333334,95.0,72.0,98.0
0192.833,-121.28461538461539,-6.700000000000001,95.0,72.0,98.0
0192.866,-97.15,-6.553846153846154,95.0,72.0,98.0
0192.898,-70.53333333333333,-3.4,96.0,72.0,98.0
0192.931,-48.39999999999999,-0.625,97.625,72.0,98.0
0192.963,-33.92307692307693,1.15,101.9375,72.0,98.0
0192.995,-31.43846153846154,1.2153846153846153,107.625,72.0,98.0
0193.027,-29.915384615384617,-0.31666666666666665,112.0,72.0,98.0
0193.060,-35.074999999999996,-0.9166666666666666,111.625,72.0,98.0
0193.093,-38.97692307692308,-1.6749999999999998,107.5625,72.0,98.0
0193.127,-40.75,-2.7916666666666665,106.0,72.0,98.0
0193.160,-43.008333333333326,-4.308333333333334,104.375,72.0,98.0
0193.202,-45.13333333333334,-5.533333333333333,101.75,72.0,98.0
0193.235,-44.36666666666667,-5.033333333333333,101.0,72.0,97.99999999999999
0193.260,-45.7375,-4.023076923076923,100.125,72.0,98.0
0193.300,-45.733333333333334,-3.0,100.0,72.0,98.0
0193.331,-52.133333333333326,-2.95,99.0,72.0,98.0
0193.364,-58.06923076923077,-2.8,98.0,72.0,98.0
0193.396,-61.36923076923077,-2.3307692307692305,97.5625,72.0,98.0
0193.429,-64.76666666666667,-2.75,97.0,72.0,98.0
0193.461,-65.95,-1.3749999999999998,96.0,72.0,98.0
0193.492,-69.475,-1.4166666666666665,96.0,72.0,98.0
0193.534,-70.21666666666667,-0.5,96.0,72.0,98.0
0193.568,-77.5153846153846,-0.6333333333333333,96.0,72.0,98.0
0193.602,-82.19999999999999,-0.5307692307692307,96.0,72.0,98.0
0193.634,-75.73333333333333,0.8333333333333334,96.0,72.0,98.0
0193.665,-50.63333333333334,1.8666666666666667,96.0,72.0,98.0
0193.698,-13.453846153846154,3.1076923076923078,96.0,72.0,98.0
0193.730,27.866666666666667,3.8,97.3125,72.0,98.0
0193.763,50.85,3.3,101.125,72.0,98.0
0193.795,82.14166666666665,4.4,106.75,72.0,98.0
0193.828,105.55000000000001,5.823076923076924,111.0,72.0,98.0
0193.860,133.725,9.166666666666668,110.5625,72.03422619047619,98.0
0193.899,140.9125,11.533333333333333,106.125,72.09226190476191,98.0
0193.930,142.28333333333333,12.925,104.1875,72.13839285714286,98.0
0193.961,141.8230769230769,15.0125,102.25,72.18452380952381,98.0
0193.995,150.34615384615387,16.825,100.125,72.23511904761904,98.0
0194.027,162.8,21.225,100.0,72.2827380952381,98.0
0194.061,166.96666666666667,24.5,99.0,72.33333333333334,98.0
0194.093,173.3,26.8,99.0,72.38095238095238,98.0
0194.132,187.45,28.9,98.0,72.4389880952381,98.0
0194.165,188.8923076923077,31.6,98.0,72.48809523809524,98.0
0194.197,190.5,32.8,97.0,72.53571428571428,98.0
0194.229,199.25,31.749999999999996,96.5,72.58333333333333,98.0
0194.262,218.58749999999998,33.4,96.0,72.63244047619048,98.0
0194.293,247.9,33.815384615384616,95.5,72.67857142857142,98.0
0194.332,262.15,34.91538461538462,95.0,72.73660714285714,98.0
0194.365,259.0,35.95384615384616,94.0,72.78571428571428,98.0
0194.397,245.7,35.425,93.0,72.83333333333333,98.0
0194.430,245.16666666666663,36.55384615384615,93.0,72.88244047619047,98.0
0194.461,261.7666666666667,37.46666666666667,93.0,72.92857142857143,98.0
0194.493,289.47499999999997,38.65,93.0,72.97619047619048,98.0
0194.526,326.75,40.224999999999994,94.0625,73.0,97.99999999999999
0194.559,342.6615384615385,41.00769230769231,96.25,73.0,97.99999999999999
0194.599,346.975,37.15384615384615,102.875,73.0,98.0
0194.631,339.0333333333333,35.03333333333334,109.25,73.0,98.0
0194.662,340.40000000000003,33.483333333333334,110.0,73.0,98.0
0194.693,349.45,33.2,107.5,73.0,98.0
0194.734,379.1666666666667,35.06666666666666,104.9375,73.0,98.0
0194.765,406.4923076923077,35.63076923076923,104.0,73.0,98.0
0194.798,415.95,36.8,101.9375,73.0,98.0
0194.832,407.65000000000003,38.0,100.8125,73.0,98.0
0194.866,385.53076923076924,37.5125,100.0,73.00000000000001,98.0
0194.899,373.4,38.43076923076923,99.625,73.00000000000001,98.0
0194.932,368.5,36.300000000000004,99.0,73.0,98.00000000000001
0194.964,367.31666666666666,38.8125,98.0,73.0,98.0
0194.995,353.9615384615385,42.85,97.0,73.0,98.0
0195.027,338.4076923076923,44.266666666666666,96.0,73.0,98.0
0195.066,319.6428571428571,44.784615384615385,96.0,73.0,98.0
0195.097,312.84615384615387,42.1,96.0,73.0,98.0
0195.129,314.5,42.3,96.0,73.0,98.0
0195.162,316.0,45.276923076923076,96.0,73.0,98.0
0195.196,307.16923076923075,49.625,96.0,73.0,98.0
0195.229,293.0833333333333,52.9,96.0,73.0,98.0
0195.261,285.31666666666666,52.43333333333334,96.0,73.0,98.0
0195.300,306.10769230769233,51.916666666666664,96.0,73.0,98.0
0195.332,333.53076923076924,51.8,96.4375,73.0,98.0
0195.365,355.6,53.66923076923078,98.0,73.0,98.0
0195.397,355.82500000000005,53.7,102.0,73.0,98.0
0195.429,346.025,56.24999999999999,108.5,73.0,98.0
0195.462,338.5777777777778,60.58461538461539,110.0,73.0,98.0
0195.495,338.6666666666667,79.33846153846153,108.375,73.0,98.0
0195.528,339.25,100.80000000000001,106.25,73.0,98.0
0195.561,334.6833333333334,119.93333333333334,104.1875,73.0,98.0
0195.595,325.74615384615385,122.83846153846154,102.0625,73.0,98.0
0195.628,319.9153846153846,118.62307692307692,101.0,73.0,98.0
0195.662,311.6583333333333,113.99166666666667,100.875,73.0,98.0
0195.693,305.22499999999997,109.55,100.0,73.0,98.0
0195.725,294.7,105.2,99.0,73.0,98.0
0195.764,277.4666666666667,100.50833333333334,98.0,73.0,98.0
0195.796,270.5333333333333,95.41538461538461,97.5625,73.0,98.0
0195.826,263.4,90.77499999999999,96.6875,73.0,98.0
0195.867,254.6,87.1,96.0,73.0,98.0
0195.898,247.32222222222225,85.8,96.0,73.0,98.0
0195.930,240.75000000000003,81.7,96.0,73.0,98.0
0195.963,232.3,78.4,96.0,73.0,98.0
0195.996,225.2,77.8,96.0,73.0,98.0
0196.029,218.5923076923077,77.2,96.0,73.0,98.0
0196.061,210.98461538461538,75.7,96.0,73.0,98.0
0196.092,212.36666666666667,71.4,96.0,73.0,98.0
0196.133,210.0,67.55000000000001,96.0,73.0,98.0
0196.164,211.01538461538462,64.83333333333334,97.4375,73.0,98.0
0196.197,198.46923076923076,60.81538461538462,101.0,73.0,98.0
0196.227,174.26666666666665,54.207692307692305,108.75,73.0,98.0
0196.266,139.01666666666665,43.93333333333334,111.8125,73.0,98.00000000000001
0196.298,108.86666666666666,31.5,110.1875,73.0,98.0
0196.330,84.20000000000002,18.174999999999997,107.1875,73.0,98.0
0196.362,59.2,-0.3222222222222221,105.1875,73.0,98.0
0196.395,27.2,-16.346153846153847,102.125,73.0,98.0
0196.428,-15.7,-30.783333333333335,101.0625,73.0,98.0
0196.468,-60.16153846153847,-38.400000000000006,101.0,73.0,98.0
0196.498,-85.56666666666666,-42.87692307692308,101.0,73.0,98.0
0196.530,-99.8,-45.70769230769231,100.6875,73.0,98.0
0196.562,-117.40833333333333,-46.45833333333333,100.0,73.0,98.0
0196.594,-135.96923076923076,-44.8,99.0,73.0,98.0
0196.633,-147.63076923076923,-41.96153846153846,98.0,73.0,98.0
0196.665,-143.53333333333336,-37.833333333333336,97.0,73.0,98.0
0196.699,-128.39166666666665,-35.287499999999994,97.0,73.0,98.0
0196.731,-114.76666666666668,-30.349999999999998,96.125,73.0,98.0
0196.762,-108.02307692307691,-24.6,96.0,73.0,98.0
0196.796,-103.26666666666667,-20.666666666666668,96.0,73.0,98.0
0196.828,-98.77499999999999,-17.48333333333333,95.0625,73.0,98.0
0196.872,-63.22727272727273,-14.45,95.0,73.08463949843261,98.0
0196.898,-32.888888888888886,-11.525,95.0,73.16614420062696,98.0
0196.929,14.649999999999999,-5.276923076923077,95.25,73.26332288401254,98.0
0196.962,43.6,1.0333333333333332,97.625,73.36677115987462,98.0
0196.994,62.36666666666666,7.816666666666666,101.625,73.46708463949844,98.0
0197.026,71.3,11.399999999999999,108.3125,73.56739811912226,98.0
0197.068,81.05,13.524999999999999,109.0,73.69905956112852,98.0
0197.100,84.94166666666666,11.65,106.0625,73.79937304075234,98.0
0197.131,82.06923076923076,11.116666666666665,104.0625,73.89655172413794,98.0
0197.163,79.18333333333334,12.230769230769232,102.0625,73.99686520376176,98.0
0197.196,78.01666666666667,11.246153846153847,100.0,74.0,98.0
0197.228,84.85,11.5,99.0,74.0,98.0
0197.268,106.78333333333333,7.091666666666667,99.5,74.0,98.0
0197.299,121.93846153846154,5.5375000000000005,100.0,74.0,98.0
0197.332,128.89999999999998,6.825,99.0,74.0,98.0
0197.365,124.3,10.133333333333333,98.0,74.0,98.0
0197.397,121.91666666666667,13.325000000000001,97.4375,74.0,98.0
0197.429,117.01111111111112,15.2,96.4375,74.0,98.0
0197.461,116.15,16.799999999999997,96.0,74.0,98.0
0197.492,110.65,18.95,95.0,74.0,98.0
0197.531,110.28333333333333,21.06666666666667,95.9375,74.0,98.0
0197.564,98.08333333333333,21.133333333333336,96.0,74.0,98.0
0197.597,88.99999999999999,19.06666666666667,95.0,74.0,98.0
0197.630,73.775,16.107692307692307,95.0,74.0,98.0
0197.664,65.7,11.25,95.0,74.0,98.0
0197.697,63.5,8.1,95.0,74.0,98.0
0197.728,59.323076923076925,5.9,96.25,74.0,98.0
0197.759,55.09230769230769,0.29999999999999993,98.375,74.0,98.0
0197.798,34.730769230769226,-7.45,104.25,74.0,98.0
0197.831,10.9,-18.08888888888889,110.6875,74.0,98.0
0197.863,-21.76666666666667,-26.95,110.3125,74.00000000000001,98.0
0197.894,-52.2,-36.11666666666667,107.375,74.0,97.99999999999999
0197.934,-95.97692307692307,-45.65,105.0,74.0,98.0
0197.966,-130.95833333333331,-51.44615384615385,103.0,74.0,98.0
0197.998,-169.64999999999998,-57.599999999999994,102.0,74.0,98.0
0198.030,-203.075,-61.133333333333326,101.0,74.0,98.0
0198.061,-228.1,-65.525,100.0,74.0,98.0
0198.092,-254.55,-69.66923076923078,100.0,74.0,98.0
0198.131,-291.05,-73.7,99.0,74.0,98.0
0198.164,-323.73333333333335,-77.925,98.0,74.0,98.0
0198.195,-350.1166666666667,-78.25,97.0,74.0,98.0
0198.235,-371.2846153846154,-80.275,96.0,74.0,98.0
0198.265,-380.9333333333334,-79.79230769230769,96.0,74.0,98.0
0198.297,-389.05,-81.3,96.0,74.0,98.0
0198.329,-390.85,-79.79166666666666,96.0,74.0,98.0
0198.360,-386.90769230769234,-77.6,96.0,74.0,98.0
0198.401,-374.0,-72.85833333333332,95.6875,74.0,98.0
0198.433,-342.82307692307694,-69.2,95.0,74.0,98.0
0198.468,-294.45833333333326,-65.37272727272727,95.0,74.0,98.0
0198.500,-244.1,-58.46666666666667,95.0,74.0,98.0
0198.535,-208.05,-54.23333333333334,97.6875,74.0,98.0
0198.567,-193.55384615384617,-50.525,102.375,74.0,97.99999999999999
0198.597,-187.60000000000002,-47.51538461538462,106.125,74.0,98.0
0198.629,-192.4,-43.9,109.0,74.0,98.0
0198.662,-203.7111111111111,-40.13333333333333,107.375,74.0,98.0
0198.693,-212.34166666666667,-37.94615384615385,105.4375,74.0,98.0
0198.733,-208.7,-37.08888888888889,102.9375,74.0,98.0
0198.764,-192.01666666666665,-36.4,102.0,74.0,98.0
0198.798,-171.08461538461538,-33.5125,100.0,74.0,98.0
0198.832,-166.9,-28.133333333333333,99.0,74.0,98.0
0198.864,-171.9,-20.983333333333334,99.0,74.0,98.0
0198.895,-174.35,-16.2,98.8125,74.0,98.0
0198.927,-166.225,-11.1,97.8125,74.0,98.0
0198.959,-160.53846153846155,-10.749999999999998,96.8125,74.0,98.0
0198.998,-145.66923076923075,-10.033333333333335,96.0,74.0,98.0
0199.032,-134.9666666666667,-8.630769230769232,95.0,74.0,98.0
0199.064,-123.95000000000002,-6.699999999999999,95.0,74.0,98.0
0199.096,-119.28333333333335,-5.5,94.0,74.0,98.0
0199.129,-114.42307692307692,-4.7,94.0,74.0,98.0
0199.161,-114.16153846153846,-3.7,94.0,74.0,98.0
0199.195,-103.71666666666667,-2.5153846153846158,95.0,74.09226190476191,98.0
0199.226,-75.775,-1.0583333333333333,95.0,74.18452380952381,98.0
0199.265,-21.2,0.9416666666666667,95.0,74.30059523809524,97.99999999999999
0199.296,32.355555555555554,2.5,95.25,74.39285714285714,98.0
0199.327,66.1,8.107692307692307,98.1875,74.48511904761904,98.0
0199.368,81.7,11.566666666666666,103.5,74.60714285714286,98.0
0199.399,84.35,13.966666666666665,107.375,74.69940476190476,98.0
0199.430,82.3923076923077,14.45,108.375,74.79166666666667,98.0
0199.463,84.28333333333333,14.453846153846154,107.3125,74.88988095238096,98.0
0199.496,84.5,14.233333333333334,105.25,74.98809523809524,98.0
0199.527,86.225,16.1875,105.0,75.0,98.0
0199.568,90.49230769230769,16.225,102.75,75.0,98.0
0199.600,93.00769230769231,15.633333333333333,101.0,75.0,98.0
0199.633,99.66666666666667,13.830769230769231,100.0,75.0,98.0
0199.667,112.2,11.984615384615385,100.0,75.0,98.0
0199.698,118.35000000000001,13.633333333333333,99.625,75.0,98.0
0199.729,125.33333333333334,16.5,98.6875,75.0,98.0
0199.760,138.7125,20.315384615384616,98.0,75.0,98.0
0199.799,149.98333333333332,26.35833333333333,97.0,75.0,98.0
0199.832,155.35,28.175,96.0,75.0,98.0
0199.864,160.27692307692308,31.4,95.1875,75.0,98.0
0199.897,169.975,32.36923076923077,95.0,75.0,98.0
0199.928,174.75,35.03846153846154,95.0,75.0,98.0
0199.961,172.49166666666667,36.375,95.0,75.0,98.0
0199.995,164.4,38.775,94.0625,75.0,98.0
0200.027,166.41538461538462,36.7125,94.0,75.0,98.0
0200.059,186.78333333333333,36.400000000000006,94.0,75.0,98.0
0200.097,224.8,35.83846153846154,94.3125,75.0,98.0
0200.129,253.6875,36.91538461538462,96.3125,75.0,98.0
0200.162,263.4222222222222,39.449999999999996,100.125,75.0,98.0
0200.193,257.75,39.59166666666667,104.9375,75.0,98.0
0200.234,241.74615384615385,37.775,110.875,75.0,98.0
0200.264,229.625,34.476923076923086,110.25,75.0,98.00000000000001
0200.295,206.85833333333332,26.724999999999998,108.0,75.0,98.0
0200.327,181.85384615384618,16.916666666666664,106.26666666666668,75.0,98.0
0200.373,123.11666666666666,2.3,103.41176470588235,75.0,98.0
0200.398,97.37499999999999,-5.584615384615384,102.8125,75.0,98.0
0200.431,53.025,-15.133333333333333,101.0,75.0,98.0
0200.464,8.8,-24.200000000000003,101.0,75.0,98.0
0200.496,-42.64615384615385,-31.692307692307693,101.00000000000001,75.0,98.0
0200.529,-94.41666666666666,-37.53076923076923,100.0,75.0,98.0
0200.562,-146.11666666666667,-42.2,99.0,75.0,98.00000000000001
0200.593,-189.2,-46.15,98.0,75.0,98.0
0200.633,-236.25384615384615,-50.9125,97.0,75.0,98.0
0200.664,-276.20769230769235,-55.475,96.0,75.0,98.0
0200.696,-320.65,-59.73846153846154,96.0,75.0,98.0
0200.729,-365.97499999999997,-63.55,96.0,75.0,98.0
0200.761,-412.5,-66.46666666666667,96.0,75.0,98.0
0200.803,-474.9333333333333,-66.52499999999999,96.0,75.0,98.0
0200.827,-498.0375,-67.50769230769231,96.0,75.0,98.0
0200.868,-522.6666666666666,-66.50833333333333,95.0,75.0,98.0
0200.901,-522.925,-66.025,95.0,75.0,98.0
0200.932,-511.2555555555556,-65.3625,95.0,75.0,98.0
0200.964,-498.83333333333337,-64.66666666666667,96.0,75.0,98.0
0200.996,-488.45,-63.4,99.125,75.0,98.0
0201.028,-479.0333333333333,-62.2,106.125,75.0,98.0
0201.059,-470.62307692307695,-59.62500000000001,109.5,75.0,98.0
0201.099,-458.0833333333333,-56.2,109.0,75.0,98.0
0201.130,-444.375,-54.05384615384615,106.125,75.0,98.0
0201.163,-425.15,-51.50769230769231,105.0,75.0,98.0
0201.196,-401.5769230769231,-50.41538461538462,101.9375,75.0,98.0
0201.228,-368.43333333333334,-47.25,100.9375,75.0,98.0
0201.260,-329.8,-44.81666666666666,99.0,75.0,97.99999999999999
0201.301,-259.31538461538463,-40.24166666666667,99.0,75.0,98.0
0201.332,-208.4090909090909,-36.800000000000004,98.4375,75.0,98.0
0201.364,-157.5,-31.300000000000004,97.4375,75.0,98.0
0201.396,-110.63333333333334,-26.999999999999996,96.4375,75.0,98.0
0201.427,-73.8923076923077,-23.25,95.0,75.0,98.0
0201.467,-37.324999999999996,-18.26923076923077,94.0,75.0,98.0
0201.499,-13.65,-14.561538461538461,94.0,75.0,98.0
0201.531,17.5,-9.316666666666666,94.0,75.0,98.0
0201.563,41.738461538461536,-4.775,94.0,75.0,98.0
0201.596,66.44615384615385,-0.22500000000000012,94.0,75.0,98.0
0201.630,81.44166666666666,3.246153846153846,94.0,75.0,98.0
0201.663,106.20769230769231,6.046153846153846,94.0,75.0,98.0
0201.697,141.875,8.684615384615384,94.0,75.0,98.0
0201.730,177.125,13.653846153846153,94.0,75.0,98.0
0201.763,209.79999999999998,16.641666666666666,94.5,75.0,98.0
0201.796,224.13846153846157,18.758333333333333,96.125,75.0,98.0
0201.828,232.37692307692305,20.4,102.125,75.0,98.0
0201.860,234.63333333333333,21.03333333333333,106.5625,75.00000000000001,98.03725782414308
0201.901,235.32500000000002,24.1,107.875,75.0,98.09836065573771
0201.934,236.725,25.5,105.8125,75.0,98.14754098360656
0201.967,232.24444444444444,27.65,103.75,75.0,98.19672131147541
0202.000,229.89166666666665,28.91111111111111,102.6875,75.0,98.24590163934425
0202.034,221.76666666666665,28.75,100.5625,75.0,98.29657228017884
0202.067,215.10000000000002,27.35,99.5,75.0,98.34575260804769
0202.098,206.58461538461538,26.933333333333337,99.0,75.0,98.3919523099851
0202.129,195.55833333333334,28.5,99.0,75.0,98.4381520119225
0202.161,184.7,29.43076923076923,99.0,75.0,98.48584202682564
0202.200,165.5,29.39230769230769,98.0,75.0,98.54396423248882
0202.232,152.325,29.833333333333332,96.1875,75.0,98.59165424739194
0202.263,142.23846153846154,31.791666666666664,95.59375,75.0,98.63785394932935
0202.293,137.61666666666665,37.733333333333334,95.0,75.0,98.68256333830104
0202.334,130.85,44.991666666666674,95.0,75.0,98.74366616989568
0202.365,126.79230769230769,51.3,96.1875,75.0,98.78986587183309
0202.398,126.80000000000001,56.6625,98.0,75.0,98.83904619970194
0202.429,125.65,61.78888888888889,99.0,75.0,98.88524590163934
0202.461,126.8625,76.8,100.0,75.0,98.93293591654248
0202.502,144.78333333333333,99.84166666666667,99.0,75.0,98.99403874813711
0202.540,178.55,120.3909090909091,96.88235294117646,74.89910979228486,98.89910979228486
0202.565,203.65,130.86666666666667,95.375,74.82492581602374,98.82492581602374
0202.597,239.33846153846153,132.29166666666669,94.375,74.7299703264095,98.7299703264095
0202.630,270.4,136.35833333333335,97.375,74.6320474777448,98.6320474777448
0202.663,296.6166666666667,141.48461538461538,103.25,74.53412462908011,98.53412462908011
0202.696,317.66666666666663,143.4,111.625,74.43620178041543,98.43620178041543
0202.728,331.5230769230769,144.81666666666666,113.0,74.3412462908012,98.3412462908012
0202.761,336.29999999999995,142.7125,112.125,74.2433234421365,98.2433234421365
0202.793,343.725,140.96666666666667,109.125,74.14836795252225,98.14836795252225
0202.834,342.51666666666665,133.52307692307693,106.125,74.026706231454,98.02670623145401
0202.867,329.8166666666666,128.25,102.5,74.0,98.0
0202.899,309.0615384615385,123.18333333333334,100.5,74.0,98.0
0202.931,281.4,121.64615384615384,99.0,74.0,98.0
0202.964,261.9666666666667,117.3,99.0,74.0,98.0
0202.997,238.8,112.0,100.0,74.0,98.0
0203.028,222.39230769230767,102.33333333333334,100.0,74.0,98.0
0203.060,191.8,86.86666666666667,99.0,74.0,98.0
0203.100,131.8125,61.38333333333333,98.0,74.0,98.0
0203.133,72.625,39.738461538461536,97.0,74.0,98.0
0203.166,11.166666666666666,20.25,96.0,74.0,98.0
0203.199,-50.06153846153846,2.675,96.0,74.0,98.0
0203.232,-100.94999999999999,-10.325,96.3529411764706,74.0,98.0
0203.264,-153.98333333333335,-23.707692307692305,97.0,74.0,98.0
0203.296,-210.26666666666668,-30.1,97.0,74.0,98.0
0203.327,-270.71538461538466,-38.4,95.99999999999999,74.0,98.0
0203.359,-329.85,-45.707692307692305,96.0,74.0,98.0
0203.400,-384.75,-56.900000000000006,95.1764705882353,74.0,98.0
0203.433,-428.01666666666665,-60.866666666666674,95.0,74.0,98.0
0203.466,-471.18888888888887,-63.10000000000001,96.0,74.0,98.0
0203.497,-519.8666666666666,-64.33333333333334,99.875,74.0,98.0
0203.528,-567.075,-69.6,108.625,74.0,98.0
0203.559,-607.825,-76.85833333333333,110.8125,74.0,98.0
0203.599,-659.3,-89.85,108.375,74.0,97.99999999999999
0203.631,-686.9125,-99.94166666666666,104.6875,74.0,98.0
0203.663,-710.7916666666667,-107.96666666666667,101.6875,74.0,98.0
0203.695,-734.6500000000001,-114.53076923076924,100.6875,74.0,98.0
0203.728,-758.35,-114.2,99.625,74.0,98.0
0203.760,-773.8384615384615,-114.19166666666668,99.0,74.0,98.0
0203.799,-785.8153846153846,-112.55,99.0,74.0,98.0
0203.830,-786.5666666666667,-110.975,98.25,74.0,98.0
0203.863,-780.5666666666666,-108.13846153846154,98.0,74.0,97.99999999999999
0203.895,-765.223076923077,-105.57499999999999,98.0,74.0,98.0
0203.928,-743.0666666666666,-101.275,97.0,74.0,98.0
0203.959,-719.4,-97.875,96.0,74.0,98.0
0204.006,-678.9166666666666,-88.67500000000001,95.0,74.0,98.0
0204.032,-654.4749999999999,-84.4,95.0,74.0,98.0
0204.063,-625.5333333333333,-79.8,95.0,74.0,98.0
0204.094,-593.4076923076923,-76.15833333333333,94.75,74.0,98.0
0204.134,-544.8333333333334,-70.5,94.0,74.0,98.0
0204.166,-493.3,-64.32222222222222,93.25,74.0,98.0
0204.197,-443.1,-59.525,93.0,73.91964285714286,98.08035714285714
0204.228,-393.10769230769233,-56.45,93.0,73.82738095238095,98.17261904761904
0204.267,-333.65555555555557,-50.03333333333333,94.0625,73.71130952380952,98.28869047619048
0204.297,-301.81666666666666,-46.45384615384615,96.875,73.62202380952381,98.37797619047619
0204.328,-265.6,-40.599999999999994,105.625,73.5297619047619,98.4702380952381
0204.360,-234.06923076923078,-34.925,108.875,73.43452380952381,98.56547619047619
0204.403,-194.66153846153844,-31.474999999999998,108.4375,73.30654761904762,98.69345238095238
0204.426,-173.4,-30.376923076923077,106.0,73.23809523809524,98.76190476190476
0204.466,-129.475,-27.7,102.5,73.11904761904762,98.8809523809524
0204.499,-93.35,-26.061538461538465,101.4375,73.02083333333333,98.97916666666667
0204.531,-59.48461538461538,-23.5,101.0,73.0,99.0
0204.563,-38.84444444444444,-22.475,101.0,73.0,99.0
0204.596,-23.124999999999996,-20.9,101.0,73.0,99.0
0204.629,-3.5250000000000004,-19.8,100.0,73.0,98.99999999999999
0204.662,13.625,-18.666666666666664,99.25,73.0,99.0
0204.694,30.6625,-17.812499999999996,98.0,73.0,99.0
0204.733,44.792307692307695,-11.425,96.0,73.0,99.0
0204.766,63.8,-5.7875,94.75,73.0,99.0
0204.798,68.75,0.3,94.0,73.0,99.0
0204.832,64.83333333333334,4.5249999999999995,93.0,73.0,99.0
0204.865,47.85384615384615,3.125,94.0,73.0,99.0
0204.895,33.80769230769231,-0.6076923076923078,94.3125,73.0,99.0
0204.926,29.133333333333336,-6.2,95.25,73.0,99.0
0204.966,37.96666666666667,-13.623076923076923,95.25,73.0,99.0
0204.999,51.92307692307692,-15.941666666666666,94.1875,73.0,99.0
0205.032,69.11538461538461,-15.933333333333334,94.875,73.0,99.0
0205.066,77.04166666666667,-12.25,97.0,73.0,99.0
0205.098,80.3,-9.646153846153846,103.0,73.0,99.0
0205.131,83.1,-7.75,111.0625,73.0,99.0
0205.163,87.1,-7.441666666666666,112.0,73.0,99.0
0205.195,99.75833333333333,-7.9,109.9375,73.0,99.00000000000001
0205.227,104.0,-9.2,107.9375,73.0,99.0
0205.266,105.6,-10.25,105.5,73.0,99.0
0205.297,96.95384615384616,-11.100000000000001,104.5625,73.0,99.0
0205.329,84.66666666666666,-11.475000000000001,103.0,73.0,99.0
0205.362,70.91666666666667,-11.900000000000002,103.0,73.0,99.0
0205.393,59.96666666666667,-12.733333333333334,102.0,73.0,99.0
0205.434,46.0,-14.333333333333332,101.0,73.0,99.0
0205.467,35.269230769230774,-14.2,99.9375,73.0,99.0
0205.499,36.233333333333334,-14.53076923076923,98.0,73.0,99.0
0205.532,45.56666666666667,-12.25,97.875,73.0,99.0
0205.566,62.741666666666674,-12.658333333333333,97.0,73.0,99.0
0205.599,71.67692307692306,-12.4125,97.0,73.0,99.0
0205.633,66.725,-11.7,97.0,73.0,99.0
0205.665,53.400000000000006,-11.677777777777777,97.0,73.0,99.0
0205.697,37.05833333333333,-13.691666666666666,96.5625,73.0,99.0
0205.730,33.7625,-15.95,96.0,73.0,99.0
0205.762,32.92222222222222,-17.55,95.0,73.0,99.0
0205.794,50.8,-17.215384615384615,95.0,73.0,99.0
0205.826,67.98333333333333,-15.50769230769231,97.0,73.0,99.0
0205.865,97.775,-12.241666666666665,102.8125,73.04613095238096,98.95386904761905
0205.896,121.36153846153846,-8.775,107.75,73.0922619047619,98.9077380952381
0205.927,147.28333333333333,-4.969230769230769,111.0,73.13839285714286,98.86160714285715
0205.959,167.98333333333332,-3.0,109.1875,73.1860119047619,98.8139880952381
0206.001,192.71666666666667,-0.9666666666666668,104.5625,73.2485119047619,98.7514880952381
0206.034,210.11538461538458,2.5,103.4375,73.29761904761904,98.70238095238095
0206.068,227.2,6.9833333333333325,101.0,73.34821428571429,98.65178571428572
0206.101,232.3,11.153846153846153,99.25,73.39732142857143,98.60267857142857
0206.134,231.8,12.88888888888889,99.0,73.44642857142857,98.55357142857143
0206.168,231.42499999999998,14.233333333333334,98.0,73.49702380952381,98.50297619047619
0206.199,231.0,16.425,98.0,73.54315476190476,98.45684523809524
0206.230,233.52500000000003,19.3,97.0,73.58928571428572,98.41071428571428
0206.260,239.6875,22.950000000000003,96.0,73.63392857142857,98.36607142857143
0206.302,259.3333333333333,25.15,95.0,73.69642857142857,98.30357142857143
0206.333,263.9846153846154,29.700000000000003,94.75,73.74255952380952,98.25744047619048
0206.365,266.3666666666667,34.400000000000006,95.0,73.79017857142857,98.20982142857143
0206.397,257.79999999999995,38.276923076923076,95.0,73.83779761904762,98.16220238095238
0206.429,264.4846153846154,42.1,95.0,73.88541666666667,98.11458333333333
0206.462,286.5230769230769,41.66666666666667,95.0,73.93452380952381,98.06547619047619
0206.496,319.78333333333336,45.815384615384616,95.0,73.98511904761905,98.01488095238095
0206.528,353.525,52.51428571428571,95.41176470588235,74.0,98.0
0206.561,370.223076923077,57.40769230769231,99.3125,74.0,98.00000000000001
0206.593,375.8384615384615,64.8,104.3125,74.0,98.0
0206.633,360.35,67.3,109.9375,74.0,98.0
0206.666,345.65,70.5,109.0,74.0,98.0
0206.697,329.49999999999994,69.85,107.0625,74.0,98.0
0206.729,321.225,68.43333333333334,105.0,74.0,98.0
0206.762,312.675,66.13076923076923,103.0,74.0,98.0
0206.794,298.4,61.550000000000004,101.0,74.0,98.0
0206.826,289.23333333333335,55.94166666666666,100.0,74.0,98.0
0206.867,264.6,48.150000000000006,99.0,74.0,98.00000000000001
0206.899,233.8125,37.89999999999999,99.0,74.0,98.0
0206.930,188.075,26.233333333333334,98.0,74.0,98.0
0206.963,123.9875,11.2875,97.0,74.0,98.0
0206.994,75.38461538461537,-1.8166666666666667,96.0,74.0,98.0
0207.026,17.69166666666667,-11.3,95.0,74.0,98.0
0207.066,-43.6,-21.46666666666667,95.0,74.0,98.0
0207.098,-95.49166666666667,-28.558333333333337,95.0,74.0,98.0
0207.130,-149.8,-36.55,96.0,74.0,98.0
0207.163,-190.1769230769231,-41.1,96.0,74.0,98.0
0207.196,-226.6769230769231,-46.7,96.0,74.05624999999999,98.0
0207.229,-253.925,-49.3,96.0,74.159375,98.0
0207.262,-284.85,-50.27692307692308,97.25,74.2625,98.0
0207.295,-314.33750000000003,-49.738461538461536,100.9375,74.365625,98.0
0207.327,-350.3333333333333,-50.45,106.625,74.465625,98.0
0207.368,-404.6,-53.95,110.0,74.59375,98.0
0207.400,-444.83333333333337,-57.233333333333334,108.125,74.69375,98.0
0207.433,-477.66666666666663,-61.87692307692308,103.125,74.796875,98.0
0207.466,-496.9,-63.03333333333333,101.0,74.9,98.0
0207.499,-508.5615384615385,-66.38333333333333,99.0,75.0,98.0
0207.532,-522.775,-67.0,98.0,75.0,98.00000000000001
0207.564,-537.5333333333334,-68.25384615384615,98.0,75.0,98.0
0207.597,-542.9333333333334,-66.16666666666666,99.1875,75.0,98.0
0207.630,-540.4846153846154,-62.266666666666666,100.0,75.0,98.0
0207.662,-531.9000000000001,-57.95384615384615,99.75,75.0,98.0
0207.695,-520.9333333333334,-55.2,98.6875,75.0,98.0
0207.727,-497.9416666666666,-52.825,98.0,75.0,98.0
0207.767,-457.1166666666667,-51.04545454545455,98.0,75.0,98.0
0207.798,-418.36153846153843,-47.266666666666666,97.0,75.0,98.0
0207.829,-374.3625,-41.8,97.0,75.0,98.0
0207.861,-313.65000000000003,-35.3,96.26666666666667,75.16119402985075,98.0
0207.900,-222.8,-31.15,96.0,75.39402985074626,98.0
0207.933,-148.15555555555554,-25.5,95.0,75.59104477611939,98.0
0207.965,-75.5,-20.900000000000002,95.0,75.78208955223882,98.0
0207.998,-10.9,-12.666666666666666,97.3125,75.97910447761194,98.0
0208.029,37.09230769230769,-6.3,100.5,76.16417910447761,98.0
0208.062,82.88333333333333,-0.6,107.3125,76.36119402985075,98.0
0208.095,107.64166666666668,4.2,108.0,76.55820895522388,98.0
0208.127,130.65,8.1,106.625,76.74925373134329,98.0
0208.167,151.5333333333333,11.26923076923077,103.125,76.98805970149255,98.0
0208.200,167.88333333333333,13.0,101.0625,77.0,98.0
0208.232,180.10000000000002,13.649999999999999,99.0,77.0,98.0
0208.263,181.35,15.8,98.0,77.0,98.0
0208.295,178.86666666666667,17.538461538461537,97.0,77.0,98.0
0208.327,172.16666666666666,18.400000000000002,98.0,77.0,98.0
0208.373,160.88333333333335,20.166666666666668,97.0,77.0,98.0
0208.399,154.4,21.5625,96.0,77.0,98.0
0208.432,146.7,22.333333333333336,95.0,77.0,98.0
0208.464,142.7125,24.1375,94.5625,77.0,98.0
0208.496,138.93333333333334,26.133333333333333,94.0,77.0,98.0
0208.529,138.6375,28.866666666666667,94.0,77.0,98.0
0208.561,141.25,30.623076923076923,95.0,77.0,98.0
0208.593,142.55,34.95,95.0,77.0,97.99999999999999
0208.634,153.6,45.875,95.0,77.0,98.00000000000001
0208.666,171.05384615384617,57.06666666666666,95.0,77.0,98.0
0208.701,198.95384615384617,66.6,95.0,77.0,97.99999999999999
0208.734,233.6923076923077,72.5,95.0,77.0,98.0
0208.766,259.5666666666667,77.06153846153846,96.3125,77.0,97.99999999999999
0208.800,287.96153846153845,81.51538461538462,100.875,77.0,98.0
0208.833,302.36923076923074,82.25,106.5,77.0,98.0
0208.864,300.4,96.175,111.0,77.0,98.0
0208.896,299.325,116.6,111.0,77.0,98.0
0208.927,295.825,138.75833333333333,108.64705882352942,77.0,98.0
0208.967,303.06666666666666,160.0,106.0,77.0,98.0
0208.999,306.6307692307692,152.41666666666669,104.125,77.0,98.0
0209.032,309.16666666666663,144.10000000000002,102.0625,77.0,98.0
0209.064,300.79999999999995,139.4,101.0,77.0,98.0
0209.096,286.25384615384615,134.3,100.0,77.0,98.0
0209.129,267.2,129.60000000000002,100.0,77.0,98.0
0209.161,244.76666666666668,125.06666666666668,99.0,77.0,98.0
0209.202,215.5,111.04615384615386,98.0,77.0,98.0
0209.235,180.76666666666668,92.3,97.0,77.0,98.0
0209.268,137.56666666666666,68.4,96.0,77.0,98.0
0209.301,67.54615384615386,42.7,96.0,77.0,98.0
0209.333,7.833333333333336,22.999999999999996,95.0,77.0,98.0
0209.367,-62.45833333333333,-0.6153846153846159,95.0,77.0,98.0
0209.399,-116.86666666666667,-17.055555555555557,95.0,77.0,98.0
0209.431,-181.02499999999998,-29.708333333333332,96.0,77.0,98.0
0209.463,-246.6384615384615,-40.7,96.0,77.0,98.0
0209.494,-304.775,-53.623076923076916,96.0,77.0,98.0
0209.534,-359.70000000000005,-68.50833333333333,96.0,77.11011904761905,98.0
0209.566,-393.1875,-80.03846153846155,96.0,77.20535714285715,98.0
0209.600,-445.54999999999995,-88.5,97.4375,77.30654761904762,98.0
0209.632,-504.15,-95.0,100.875,77.40178571428572,98.0
0209.665,-563.9333333333334,-101.75833333333333,109.0,77.5,98.0
0209.699,-625.2916666666667,-106.49230769230769,112.625,77.60119047619048,98.0
0209.732,-665.1583333333333,-110.0,112.3125,77.69940476190476,98.0
0209.765,-696.1153846153845,-112.1375,109.25,77.79761904761904,98.0
0209.797,-713.4416666666666,-113.275,107.25,77.89285714285714,98.0
0209.828,-728.15,-113.64615384615385,104.3125,77.98511904761905,98.0
0209.860,-748.0,-112.3,103.3125,78.0,98.0
0209.901,-766.6923076923077,-110.03333333333333,101.0,78.0,98.0
0209.934,-776.0125,-108.0,100.0,78.0,97.99999999999999
0209.965,-762.375,-106.13076923076923,100.0,78.0,98.0
0209.998,-737.7375,-102.56923076923076,99.0,78.0,98.0
0210.030,-705.2666666666667,-96.65,98.6875,78.0,98.0
0210.063,-670.3111111111111,-90.7,97.0,78.0,98.0
0210.095,-642.55,-85.925,96.0,78.0,98.0
0210.128,-614.2,-82.69230769230768,95.0,78.0,98.0
0210.161,-589.5,-79.2,94.0,78.0,98.0
0210.194,-570.2923076923078,-76.15,94.0,78.0,98.00000000000001
0210.239,-560.9555555555555,-71.0,94.375,78.0,98.0
0210.265,-558.3166666666666,-68.42222222222222,95.0,78.0,98.0
0210.295,-544.2416666666667,-66.375,95.0,78.0,98.0
0210.326,-517.8923076923077,-64.9875,95.0,78.0,98.0
0210.368,-465.59230769230766,-63.33333333333334,95.0,78.0,98.0
0210.401,-433.87499999999994,-61.5,95.5,78.0,98.0
0210.433,-411.55,-57.1,98.0,78.0,98.0
0210.465,-396.67499999999995,-54.46666666666667,105.0,78.0,98.0
0210.497,-391.70000000000005,-53.8,108.5,78.0,98.0
0210.528,-384.28749999999997,-52.56153846153846,108.5625,77.99999999999999,98.0
0210.559,-378.2,-51.1,106.25,78.0,98.0
0210.599,-368.6,-50.19230769230769,103.125,78.0,98.0
0210.631,-360.0,-48.208333333333336,101.0,78.0,98.0
0210.664,-357.5,-48.36666666666666,99.0625,78.0,98.0
0210.695,-352.51666666666665,-44.733333333333334,99.0,78.0,98.0
0210.727,-352.1,-43.323076923076925,99.0,78.0,98.0
0210.760,-342.65,-43.358333333333334,99.0,78.0,98.0
0210.801,-335.9666666666667,-41.95,97.4375,78.0,98.0
0210.833,-330.9083333333333,-41.266666666666666,96.4375,78.0,98.0
0210.864,-329.20000000000005,-40.35,95.0,78.0,98.0
0210.896,-326.0230769230769,-39.7,95.0,78.0,98.0
0210.926,-318.8,-37.861538461538466,95.0,78.0,98.0
0210.965,-292.4,-36.47692307692308,95.0,78.0,98.0
0210.996,-253.06666666666666,-34.738461538461536,95.0,78.0,98.0
0211.027,-199.89999999999998,-33.8,95.0,78.0,98.0
0211.060,-143.93076923076922,-30.5,95.0,78.0,98.0
0211.101,-74.78333333333333,-24.4,95.0,78.0,98.0
0211.133,-12.325,-19.916666666666664,94.6875,78.0,98.0
0211.166,64.075,-15.88888888888889,94.0,78.0,98.0
0211.199,138.65,-10.35,94.0,77.928125,98.0
0211.231,206.14615384615385,-4.35,95.0,77.828125,98.0
0211.262,253.4,2.2875,99.75,77.73124999999999,98.0
0211.294,295.425,9.688888888888888,105.125,77.63125,98.0
0211.334,334.73333333333335,13.7,110.75,77.50625,98.0
0211.366,352.4230769230769,16.583333333333336,110.125,77.40625,98.0
0211.398,365.27500000000003,17.15,108.125,77.30625,98.0
0211.430,373.3,18.815384615384616,105.125,77.20625,98.0
0211.463,379.73333333333335,19.815384615384616,104.0,77.103125,98.0
0211.494,385.77692307692314,22.26666666666667,102.125,77.00625,98.0
0211.534,377.5846153846154,23.333333333333336,101.0,77.0,98.0
0211.564,374.01666666666665,24.766666666666666,100.0,77.0,98.00000000000001
0211.597,359.21250000000003,26.888888888888886,100.0,77.0,98.0
0211.630,347.5444444444444,28.7625,99.625,77.0,98.00000000000001
0211.663,335.50000000000006,30.875,98.0,77.0,98.0
0211.696,322.9,31.58333333333333,97.0,77.0,98.0
0211.727,308.775,33.57692307692308,96.0,77.0,98.0
0211.760,295.25,37.93333333333334,95.0,77.0,98.0
0211.802,281.6875,55.2625,95.0,77.0,98.0
0211.834,275.46153846153845,70.8,96.0,77.0,98.0
0211.864,271.7,83.52307692307693,96.0,77.0,98.0
0211.896,260.45833333333337,89.97500000000001,96.0,77.0,98.0
0211.928,260.9230769230769,89.06666666666666,96.0,77.0,98.0
0211.960,279.1,92.36666666666667,96.0,77.0,98.0
0212.000,331.5083333333333,98.43333333333334,95.0,77.0,98.0
0212.031,375.65,105.0,94.5625,77.0,98.0
0212.063,421.1166666666667,115.9,95.0,77.0,98.0
0212.095,441.15,122.66666666666667,96.875,77.0,98.0
0212.127,448.3666666666666,130.04615384615386,101.875,77.0,98.0
0212.166,439.5333333333333,128.45555555555558,110.75,77.0,98.0
0212.197,423.5153846153846,122.74166666666666,112.0,76.91343283582088,98.0
0212.229,404.23749999999995,111.2,109.1875,76.8179104477612,98.0
0212.260,381.9916666666667,97.06923076923077,107.2,76.72537313432836,98.00000000000001
0212.300,343.65,76.62222222222223,103.75,76.60597014925372,98.0
0212.330,308.7125,65.03076923076924,102.8125,76.51641791044776,98.0
0212.361,254.3777777777778,51.575,101.0,76.42388059701491,98.0
0212.394,190.95000000000002,36.2,100.0,76.32537313432836,98.0
0212.427,132.83333333333334,21.1,100.0,76.22686567164179,98.0
0212.473,67.675,0.9769230769230771,99.0,76.08955223880596,98.0
0212.498,29.276923076923076,-7.666666666666666,99.0,76.01492537313433,98.0
0212.529,-24.7,-15.975000000000001,98.0,76.0,98.0
0212.560,-81.03333333333335,-22.05,97.0,76.0,98.0
0212.599,-141.01666666666668,-29.907692307692308,97.0,76.0,98.0
0212.631,-182.7846153846154,-34.075,96.0,76.0,98.0
0212.662,-223.95,-39.6875,96.0,76.0,98.0
0212.693,-275.63076923076926,-43.08461538461539,96.0,76.0,98.0
0212.735,-349.1,-50.892307692307696,96.0,76.0,98.0
0212.772,-417.0,-57.7,96.0,76.0,98.0
0212.798,-458.2,-63.075,95.625,76.0,98.0
0212.830,-489.07500000000005,-68.33333333333334,95.0,76.0,98.0
0212.863,-497.05833333333334,-70.94615384615385,95.0,75.93154761904762,98.0
0212.896,-487.8333333333333,-71.40833333333333,95.0,75.83333333333334,98.0
0212.929,-472.94615384615383,-69.65833333333333,95.0,75.73511904761904,98.0
0212.963,-456.575,-68.25,97.6875,75.63392857142857,98.0
0212.995,-443.26666666666665,-66.46249999999999,102.375,75.53869047619048,98.0
0213.027,-429.8,-63.144444444444446,110.375,75.44345238095238,98.0
0213.072,-417.41666666666663,-58.5,112.5,75.30952380952381,98.0
0213.098,-409.33846153846156,-55.50000000000001,110.875,75.23214285714286,98.0
0213.130,-393.1,-53.9875,108.875,75.13690476190476,98.0
0213.164,-370.51666666666665,-51.638461538461534,106.75,75.03571428571428,98.0
0213.197,-354.1666666666667,-50.75,104.66666666666667,75.0,98.0
0213.230,-331.8,-47.60000000000001,103.0,75.0,98.0
0213.262,-305.0769230769231,-45.16666666666667,102.0,75.0,98.0
0213.292,-277.0083333333333,-40.63333333333334,102.0,75.0,98.0
0213.331,-226.2833333333333,-34.5,101.0,75.0,98.0
0213.365,-181.85,-29.5,99.125,75.0,98.0
0213.397,-142.8375,-25.15,97.125,75.0,98.0
0213.429,-108.925,-22.125,96.0,75.0,98.0
0213.462,-84.875,-20.725,95.0,75.0,98.0
0213.494,-68.3,-17.1125,94.0625,75.0,98.0
0213.533,-41.75,-11.95,94.0,75.0,97.99999999999999
0213.565,-27.85,-6.269230769230769,94.0,75.0,98.0
0213.599,-13.707692307692307,-4.1,94.0,75.0,98.0
0213.632,-4.730769230769231,0.0,94.0,75.0,98.0
0213.666,11.733333333333333,0.13333333333333333,94.0,75.0,98.0
0213.698,42.16666666666667,1.3846153846153848,94.0,75.0,98.0
0213.730,79.52307692307693,3.2,94.0,75.0,98.0
0213.762,110.06666666666668,3.658333333333333,94.0,75.0,98.0
0213.796,127.675,5.6,95.8125,75.0,98.0
0213.827,119.58749999999999,3.791666666666667,100.25,75.0,98.0
0213.868,93.3,-0.6615384615384616,108.625,74.94494047619047,97.99999999999999
0213.899,60.577777777777776,-4.469230769230769,110.0,74.89880952380953,98.00000000000001
0213.930,28.75,-8.75,108.8125,74.85267857142857,98.0
0213.963,-9.325,-13.399999999999999,105.75,74.80357142857143,98.0
0213.998,-45.4,-18.544444444444444,103.5625,74.7514880952381,98.0
0214.031,-72.09230769230768,-21.2,101.5,74.70238095238095,98.0
0214.063,-99.5,-25.15,100.0,74.6547619047619,98.0
0214.095,-127.53333333333333,-28.4,100.0,74.60714285714286,98.0
0214.128,-149.61666666666665,-30.80769230769231,100.0,74.55803571428572,98.0
0214.161,-171.02307692307693,-32.55833333333333,100.0,74.50892857142857,98.0
0214.193,-190.50833333333333,-33.3,99.0,74.46130952380952,98.0
0214.239,-205.36666666666667,-34.083333333333336,97.0,74.39285714285714,98.0
0214.265,-208.9333333333333,-34.97692307692308,96.4375,74.35416666666667,98.0
0214.296,-211.4230769230769,-34.823076923076925,95.0,74.30803571428571,98.0
0214.329,-211.8,-33.74166666666667,95.0,74.25892857142857,98.0
0214.360,-204.52500000000003,-31.441666666666666,95.0,74.21279761904762,98.0
0214.401,-183.575,-27.45,95.0,74.15178571428571,98.0
0214.433,-167.1875,-23.433333333333337,95.0,74.10416666666666,98.0
0214.464,-148.6384615384615,-18.175,95.0,74.05803571428571,98.0
0214.497,-132.0,-11.325,95.0,74.00892857142858,98.0
0214.530,-105.8,-4.45,94.3125,73.91964285714286,98.0
0214.561,-73.46666666666667,0.275,94.0,73.82738095238095,98.0
0214.594,-30.784615384615385,7.407692307692308,93.3125,73.72916666666667,98.0
0214.626,13.746153846153847,14.025000000000002,94.6875,73.63392857142857,98.0
0214.666,52.93333333333334,21.349999999999998,98.5625,73.51488095238095,98.0
0214.698,79.66666666666667,24.749999999999996,107.375,73.41964285714286,98.0
0214.730,99.27499999999999,27.323076923076925,111.1875,73.32440476190476,98.0
0214.763,111.6,29.625,111.75,73.22619047619048,98.0
0214.797,137.25384615384615,29.916666666666668,108.625,73.125,98.0
0214.829,164.43076923076922,28.55,106.625,73.0297619047619,98.0
0214.861,189.64999999999998,27.200000000000003,103.625,73.0,98.0
0214.893,205.71666666666664,26.766666666666666,101.625,73.0,98.0
0214.926,201.90000000000003,28.35,100.5625,73.0,98.0
0214.973,192.73333333333335,32.86666666666667,99.625,73.0,98.0
0214.998,187.3,35.25,99.0,73.0,98.0
0215.030,180.26666666666668,36.330769230769235,98.0625,73.0,98.0
0215.062,170.975,37.45384615384615,98.0,73.0,98.0
0215.095,162.7846153846154,36.400000000000006,97.0,73.0,98.0
0215.126,151.89999999999998,33.3,96.0625,73.0,98.0
0215.167,124.9,28.1,96.0,73.0,98.0
0215.199,93.75,19.799999999999997,95.0,73.0,98.0
0215.231,52.266666666666666,11.03076923076923,95.0,73.0,98.0
0215.262,9.038461538461538,0.8,95.0,73.0,98.0
0215.293,-46.392307692307696,-8.85,96.0,73.0,98.0
0215.334,-118.35833333333332,-19.35,96.0,73.0,98.0
0215.366,-182.8,-27.50769230769231,95.9375,73.0,98.0
0215.397,-239.1076923076923,-35.6,96.0,73.0,98.0
0215.428,-285.325,-40.550000000000004,96.0,73.0,98.0
0215.460,-325.8,-45.55,96.0,73.0,98.0
0215.499,-368.08333333333337,-50.6375,96.25,73.0,98.0
0215.530,-397.5,-50.94615384615385,100.5625,72.94062500000001,98.0
0215.562,-428.8333333333333,-54.87499999999999,106.5625,72.84062499999999,98.0
0215.595,-453.3,-57.36666666666667,112.25,72.73750000000001,98.0
0215.626,-473.85,-61.199999999999996,111.8125,72.640625,98.0
0215.666,-492.5583333333333,-63.69230769230769,109.3125,72.515625,98.0
0215.698,-507.7,-65.30000000000001,106.3125,72.415625,98.0
0215.730,-520.9,-65.08333333333333,105.0,72.315625,98.0
0215.763,-539.3,-65.67499999999998,102.25,72.21249999999999,98.0
0215.797,-544.225,-64.23846153846154,101.125,72.10625,98.0
0215.830,-545.575,-62.1875,101.0,72.003125,98.0
0215.863,-532.0615384615385,-58.05,100.0,72.0,98.0
0215.896,-522.8833333333333,-54.7625,99.9375,72.0,98.0
0215.928,-512.9833333333333,-50.41666666666667,98.0,72.0,97.99999999999999
0215.959,-504.0888888888889,-46.02307692307693,97.0,72.0,98.0
0215.999,-492.66923076923075,-42.43333333333334,96.5,72.0,98.0
0216.031,-471.45,-40.858333333333334,96.0,72.0,98.0
0216.063,-453.00000000000006,-39.5,96.0,72.0,98.0
0216.093,-437.39230769230767,-38.12307692307692,97.0,72.0,98.0
0216.133,-410.425,-33.30769230769231,97.0,72.0,98.0
0216.165,-373.3875,-30.15,97.0,72.0,98.0
0216.196,-323.4625,-26.4,96.1764705882353,72.0,98.0
0216.228,-260.7666666666667,-22.533333333333335,96.0,72.0,98.0
0216.260,-205.95833333333331,-18.533333333333335,96.0,72.0,98.0
0216.299,-142.35833333333335,-16.8,96.25,72.0,98.0
0216.331,-104.49230769230769,-15.4,100.5,72.0,98.0
0216.362,-77.59166666666665,-17.1,104.5625,72.0,98.0
0216.393,-61.8,-16.533333333333335,109.125,72.0,98.0
0216.433,-53.5,-15.061538461538461,108.375,72.0,98.0
0216.464,-44.43846153846154,-10.983333333333334,105.4375,72.0,98.0
0216.496,-29.033333333333335,-8.175,102.4375,72.0,98.0
0216.527,-11.675,-6.175,101.0,72.0,98.00000000000001
0216.566,7.7,-3.5666666666666664,100.0,72.0,98.0
0216.597,17.7,-3.0307692307692307,100.875,72.0,98.0
0216.628,26.3,-0.75,101.8125,72.0,98.0
0216.668,52.56153846153846,0.04166666666666674,102.0,72.0,98.0
0216.699,60.55,3.55,100.75,72.0,98.0
0216.731,65.225,5.0,97.75,72.0,98.0
0216.763,62.5,6.815384615384615,96.75,72.0,98.0
0216.795,55.16153846153846,6.7384615384615385,95.0,72.0,98.0
0216.827,54.83333333333333,8.566666666666666,95.0,72.0,98.0
0216.867,67.91666666666667,11.3,95.0,72.0,98.0
0216.897,79.35,16.1,96.0,72.0,98.0
0216.928,92.96153846153845,22.025,96.0,72.0,98.0
0216.960,95.5375,26.883333333333333,96.0,72.0,98.0
0217.006,100.26153846153845,29.43333333333333,96.0,72.0,98.0
0217.032,110.7,28.700000000000003,96.0,72.0,98.0
0217.065,140.375,30.00769230769231,95.82352941176471,72.0,98.0
0217.096,178.2923076923077,31.2,95.11764705882354,72.0,98.0
0217.126,206.16666666666669,33.4,97.0,72.0,98.0
0217.166,238.12499999999997,33.366666666666674,103.0,72.0,98.0
0217.199,243.625,33.77692307692308,110.125,71.99999999999999,98.0
0217.233,239.125,32.625,111.3125,72.0,98.0
0217.267,233.9125,32.949999999999996,110.1875,72.0,98.0
0217.299,225.95,33.4,106.1875,72.0,98.0
0217.330,224.25,34.03333333333333,105.25,72.0,98.0
0217.362,223.98333333333332,35.5375,104.0,72.0,98.0
0217.394,214.37692307692308,36.475,103.0,72.0,98.0
0217.439,206.18888888888887,36.225,102.0,72.0,98.0
0217.463,205.20000000000002,35.78333333333333,102.0,72.0,98.0
0217.495,208.65000000000003,33.430769230769236,101.0,72.0,98.0
0217.527,209.5,30.953846153846154,99.9375,72.0,97.99999999999999
0217.566,202.4923076923077,26.25,98.5,72.0,98.0
0217.598,196.45,24.849999999999998,97.0,72.0,98.0
0217.629,196.47500000000002,22.784615384615385,96.0,72.0,98.0
0217.660,197.9,22.384615384615387,96.0,72.0,98.0
0217.700,209.92222222222225,24.161538461538463,95.0,72.0,98.0
0217.733,213.9,26.95,94.0625,72.0,98.0
0217.768,217.81666666666666,27.558333333333337,94.0,72.0,98.0
0217.800,217.425,28.93846153846154,94.0,72.0,98.0
0217.833,221.83846153846156,27.650000000000002,94.0,72.0,98.0
0217.866,254.23333333333335,28.28333333333333,94.0,72.0,98.0
0217.899,318.15,26.8,93.3125,72.0,98.0
0217.932,384.04999999999995,27.93846153846154,95.35294117647058,72.0,98.0
0217.964,430.75384615384615,32.93333333333333,99.75,72.0,98.0
0217.998,427.3538461538461,39.5,108.0,72.0,98.0
0218.030,409.51666666666665,44.54166666666667,110.47058823529412,72.0,98.0
0218.063,389.8833333333334,49.638461538461534,109.4375,72.0,98.0
0218.096,381.03076923076924,58.0,106.375,72.0,98.0
0218.129,375.88461538461536,68.6,105.3125,72.0,98.0
0218.162,374.15000000000003,75.7,103.0,72.0,98.0
0218.194,362.775,82.44999999999999,101.25,72.0,98.0
0218.234,351.1875,84.67500000000001,100.0,72.00000000000001,98.00000000000001
0218.267,341.87500000000006,88.19999999999999,100.0,72.0,98.0
0218.299,334.78888888888883,89.30000000000001,99.6875,72.0,98.0
0218.332,328.2375,90.225,98.625,72.0,98.0
0218.363,319.05,89.7,97.6875,72.0,98.00000000000001
0218.396,308.4076923076923,88.57692307692307,96.0,72.0,98.0
0218.429,300.0,87.44166666666666,96.0,72.0,98.0
0218.463,288.5,82.35000000000001,96.0,72.0,98.0
0218.497,282.45000000000005,79.72500000000001,95.0,72.0,98.0
0218.531,282.02500000000003,76.21538461538461,96.0,72.0,98.0
0218.564,283.223076923077,75.46153846153847,96.0,72.0,98.0
0218.596,280.6461538461539,74.0,96.0,72.0,98.0
0218.628,278.9,72.14166666666665,96.875,72.0,98.0
0218.660,276.79166666666663,70.0,97.0,72.0,98.0
0218.699,284.2846153846154,69.21111111111111,97.0,72.0,98.0
0218.732,292.16923076923075,68.05,97.375,72.0,98.0
0218.765,297.46666666666664,68.09166666666665,99.875,72.0,98.0
0218.798,293.55,68.39166666666665,107.0,72.0,98.0
0218.832,282.225,68.08461538461539,110.625,72.0,98.0
0218.865,270.44615384615383,74.10833333333333,110.3125,72.08035714285715,98.0
0218.897,260.9416666666666,94.35,107.3125,72.17559523809524,97.99999999999999
0218.930,243.7,113.3,105.25,72.27380952380953,98.0
0218.962,219.5,127.54615384615384,103.25,72.36904761904762,98.0
0218.995,187.83333333333334,120.28333333333333,102.0,72.4672619047619,98.0
0219.028,148.53333333333336,104.8111111111111,101.0,72.56547619047619,98.0
0219.060,100.96923076923076,82.15,101.0,72.66071428571428,98.0
0219.101,21.9,40.71666666666667,101.0,72.78273809523809,98.0
0219.133,-40.26666666666667,8.5,99.5625,72.87797619047619,98.0
0219.167,-102.7,-15.066666666666668,98.4375,72.97916666666666,98.0
0219.202,-173.14615384615385,-32.1,97.0,72.99999999999999,98.0
0219.240,-248.0,-47.15,96.99999999999999,73.0,98.0
0219.257,-279.2,-52.98461538461538,97.0,73.0,98.0
0219.296,-350.14444444444445,-68.69999999999999,96.0,73.0,98.0
0219.328,-405.675,-80.21666666666667,96.0,73.0,98.0
0219.360,-470.2375,-86.3,96.0,73.0,98.0
0219.400,-554.6666666666667,-89.99166666666666,96.0,73.0,98.0
0219.431,-605.65,-93.65555555555555,96.0,73.0,98.0
0219.463,-637.4461538461538,-96.40833333333335,96.0,73.0,98.0
0219.497,-658.1583333333334,-99.6,96.0,73.0,98.0
0219.529,-668.2666666666667,-101.05,96.1875,73.00000000000001,98.0
0219.562,-680.4333333333333,-101.82307692307693,98.25,73.0,98.0
0219.594,-696.6307692307693,-104.25833333333333,103.75,73.0,98.0
0219.628,-718.2,-106.3,108.8235294117647,73.0,98.0
0219.663,-746.8666666666666,-108.0,111.0,73.0,98.0
0219.697,-777.3666666666668,-109.58461538461538,108.25,73.0,98.0
0219.729,-798.3416666666667,-108.3076923076923,106.29411764705881,73.0,98.0
0219.761,-803.4153846153846,-107.29230769230769,104.0,73.0,98.0
0219.793,-800.3,-106.225,102.25,73.0,98.0
0219.835,-786.4125,-103.95,100.625,73.0,98.0
0219.867,-774.65,-101.99166666666666,100.0,73.0,97.99999999999999
0219.899,-760.2125,-98.1,100.0,73.0,98.0
0219.932,-744.1888888888889,-95.20833333333333,99.5625,73.0,98.0
0219.964,-724.6125,-91.53333333333335,98.6,73.0,98.0
0219.997,-702.95,-87.66666666666667,96.52941176470588,73.0,98.0
0220.031,-684.15,-82.7888888888889,95.375,73.0,98.0
0220.065,-660.0230769230769,-79.4625,95.0,73.0,98.0
0220.099,-639.25,-76.55000000000001,95.0,73.0,98.0
0220.135,-617.5,-73.9,95.0,73.0,98.0
0220.165,-603.0916666666667,-71.47777777777779,95.0,73.0,98.0
0220.199,-586.6333333333333,-68.06923076923077,95.0,73.0,98.00000000000001
0220.233,-560.1333333333333,-65.58333333333334,95.0,73.0,98.0
0220.269,-520.1166666666667,-62.349999999999994,95.0,73.0,98.0
0220.303,-475.98333333333335,-59.96666666666667,95.0,73.0,98.0
0220.328,-450.1,-56.823076923076925,95.1875,73.0,98.0
0220.360,-423.5,-53.925,98.5625,73.0,98.0
0220.395,-406.15,-49.849999999999994,106.375,73.0,98.0
0220.428,-397.16666666666674,-48.125,109.0,73.0,98.0
0220.460,-388.55,-47.23333333333333,108.5625,73.0,98.0
0220.501,-379.3384615384615,-45.47692307692308,105.0,73.0,98.0
0220.532,-369.7,-43.93749999999999,103.0625,73.0,98.0
0220.565,-360.8833333333333,-42.25000000000001,101.0,73.0,98.0
0220.597,-358.20000000000005,-40.17777777777778,100.0,73.0,98.0
0220.629,-347.66923076923075,-41.684615384615384,100.0,73.0,98.0
0220.661,-340.9769230769231,-41.641666666666666,100.0,73.0,98.0
0220.702,-331.70000000000005,-39.983333333333334,99.4375,73.0,98.0
0220.726,-328.01666666666665,-37.80769230769231,98.0,73.0,98.0
0220.767,-313.875,-34.2,96.375,73.0,98.0
0220.800,-287.65384615384613,-32.63076923076923,95.3125,73.0,98.0
0220.832,-258.15,-30.4,95.0,73.0,98.0
0220.865,-223.325,-29.6,95.0,73.0,98.0
0220.897,-197.01666666666668,-27.375,95.0,73.0,98.0
0220.928,-175.27692307692305,-25.025,95.0,73.0,98.0
0220.960,-162.0,-21.891666666666666,95.0,73.0,98.0
0221.001,-144.7111111111111,-16.944444444444446,95.0,73.0,98.0
0221.034,-112.525,-13.4,94.0,73.0,98.0
0221.066,-67.51666666666667,-10.3,94.0,73.0,98.0
0221.098,-8.144444444444446,-8.016666666666666,95.0,73.0,98.0
0221.130,40.099999999999994,-6.2333333333333325,97.5,73.0,98.0
0221.162,66.4,-4.292307692307693,102.75,73.0,98.0
0221.195,76.0,-2.3666666666666663,109.3125,73.0625,98.0
0221.229,69.82307692307693,-2.8833333333333333,110.5625,73.16369047619048,98.00000000000001
0221.262,63.0,-3.6333333333333333,109.5,73.26190476190476,98.0
0221.295,63.400000000000006,-4.188888888888889,106.4375,73.36011904761904,98.0
0221.327,65.04166666666666,-3.011111111111111,104.4375,73.45535714285714,98.0
0221.360,71.57692307692308,-0.7250000000000001,102.375,73.55357142857143,98.0
0221.393,70.23333333333333,-0.5083333333333334,101.3125,73.65178571428571,98.0
0221.434,64.925,-1.4,100.0,73.77380952380952,98.0
0221.466,64.0375,-3.4499999999999997,100.0,73.8690476190476,98.0
0221.499,59.8,-4.733333333333333,99.0,73.9672619047619,98.0
0221.532,62.050000000000004,-5.85,97.5625,74.0,98.0
0221.563,62.7,-5.591666666666666,96.625,74.0,98.0
0221.596,59.63333333333334,-8.149999999999999,95.0,74.0,98.0
0221.629,54.06666666666667,-8.341666666666665,95.0,74.0,98.0
0221.662,43.71666666666667,-10.666666666666668,95.0,74.0,98.0
0221.694,44.6,-9.025,94.0,74.0,98.0
0221.726,36.375,-8.492307692307692,94.4375,74.0,98.0
0221.768,29.1,-7.515384615384615,94.0,74.0,98.0
0221.802,15.646153846153847,-8.166666666666666,94.0,74.0,98.0
0221.833,20.7,-9.95,94.0,74.0,98.00000000000001
0221.865,36.81666666666666,-7.7666666666666675,94.0,74.0,98.0
0221.898,59.1,-4.0,94.0,74.0,98.0
0221.931,79.1,1.5,95.375,74.0,98.0
0221.963,89.33333333333333,5.65,99.125,74.0,98.0
0221.995,96.975,9.1125,106.75,74.0,98.0
0222.027,106.2375,11.499999999999998,110.375,74.0,98.0
0222.060,116.25384615384615,16.046153846153842,110.5625,74.0,98.0
0222.102,120.1,19.9,106.9375,74.0,98.0
0222.127,123.15,20.8,105.375,74.0,98.0
0222.160,124.85,21.633333333333333,102.3125,74.0,98.0
0222.193,123.93076923076923,22.125,101.25,74.0,98.0
0222.226,119.06666666666666,25.166666666666664,100.0,74.0,98.0
0222.267,113.4,26.03333333333333,99.0,74.0,98.0
0222.299,122.425,27.1,99.0,74.0,98.0
0222.331,134.53333333333333,26.68888888888889,98.0,74.0,98.0
0222.362,147.9769230769231,28.675,97.0,74.0,98.0
0222.395,150.61666666666665,28.45,96.0,74.0,98.0
0222.427,146.2,27.9,96.0,74.0,98.0
0222.460,143.6,26.684615384615384,95.0,74.0,98.0
0222.493,142.43076923076922,25.8,94.0,74.0,98.0
0222.526,136.54999999999998,25.05,94.0,74.0,98.00000000000001
0222.572,120.40769230769232,24.325,94.0,74.0,98.0
0222.598,113.325,24.6,94.0,74.0,98.0
0222.630,106.87500000000001,25.1,94.0,74.0,98.0
0222.662,119.1,26.633333333333333,94.0,74.0,98.0
0222.694,148.95833333333331,27.516666666666666,94.0,74.0,98.0
0222.726,184.3,30.075,94.0,74.0,98.0
0222.767,217.7,34.15833333333333,95.625,74.0,98.0
0222.798,222.69230769230768,35.833333333333336,102.6875,74.0,98.0
0222.831,223.55,35.800000000000004,107.875,74.0,98.0
0222.863,227.14999999999998,34.733333333333334,110.0,74.0,98.00000000000001
0222.896,221.05,33.97692307692307,109.3125,74.0,98.0
0222.928,221.06153846153845,31.366666666666667,107.29411764705881,74.0,98.0
0222.961,219.7,30.14166666666667,104.25,74.0,98.0
0222.992,223.6,29.325000000000003,103.25,74.0,98.0
0223.031,225.675,29.05454545454545,101.875,74.0,98.0
0223.065,222.85000000000002,28.4,101.0,74.0,98.0
0223.098,224.475,28.900000000000002,101.0,74.0,98.0
0223.132,226.9666666666667,29.661538461538463,100.5625,74.0,98.0
0223.164,226.44444444444443,30.061538461538465,99.0,74.0,98.0
0223.199,225.90769230769232,31.558333333333334,97.0,74.0,98.0
0223.233,227.425,35.3,96.0,74.0,98.0
0223.266,228.33333333333334,38.599999999999994,96.0,74.0,98.0
0223.300,230.4,40.333333333333336,96.0,74.0,98.0
0223.333,233.7076923076923,38.56666666666666,96.0,74.0,98.0
0223.366,231.3083333333333,36.55,95.0,74.0,98.0
0223.400,224.56666666666666,34.63333333333333,95.0,74.0,98.0
0223.434,211.05,34.52307692307692,95.0,74.0,98.0
0223.474,218.26153846153846,33.03333333333333,95.0,74.0,98.0
0223.492,237.13333333333333,31.60833333333333,95.0,74.0,98.0
0223.534,297.6916666666666,26.75,95.5625,74.0,98.0
0223.566,352.3666666666667,26.692307692307693,96.0,74.0,98.0
0223.598,390.26153846153846,26.830769230769235,100.125,74.0,98.0
0223.629,402.25000000000006,29.208333333333336,105.5,74.0,98.0
0223.661,401.275,30.15,110.0,74.0,98.0
0223.701,386.70000000000005,33.84166666666667,111.0,74.0,98.0
0223.733,376.2,37.0,109.0,74.0,98.0
0223.766,360.5230769230769,42.11538461538462,104.9375,74.0,98.0
0223.799,350.6,43.4,102.875,74.0,98.0
0223.831,348.725,54.599999999999994,99.875,74.00000000000001,98.00000000000001
0223.863,340.82500000000005,68.86153846153846,99.0,74.0,97.99999999999999
0223.895,326.1307692307692,78.86666666666667,98.875,74.0,98.0
0223.927,304.59166666666664,82.4,98.0,74.0,98.0
0223.966,277.4166666666667,67.2,98.0,74.0,98.0
0223.998,246.4,57.199999999999996,96.4375,74.0,98.0
0224.031,204.69230769230768,47.1,95.3125,74.0,98.0
0224.064,141.925,36.7,94.25,74.0,98.0
0224.096,88.8,25.225,93.25,74.0,98.0
0224.129,35.75,14.677777777777777,93.0,74.0,98.0
0224.161,0.8875,4.0,93.0,74.0,98.0
0224.195,-42.36666666666667,-4.3,94.0,74.0,98.0
0224.227,-91.75,-10.583333333333334,94.0,74.0,98.0
0224.269,-154.38333333333333,-22.15,94.0,74.0,98.0
0224.300,-197.84999999999997,-28.325000000000003,94.0,74.0,98.0
0224.331,-230.36923076923074,-33.77777777777778,95.0,74.0,98.0
0224.362,-259.55,-37.43333333333334,95.0,74.0,98.0
0224.396,-287.4384615384615,-38.1,97.875,74.0,98.0
0224.427,-324.6166666666667,-42.569230769230764,102.125,74.0,98.0
0224.473,-408.02500000000003,-52.64615384615385,110.0,74.0,98.0
0224.500,-455.0,-61.391666666666666,110.0,74.0,98.0
0224.531,-504.37692307692305,-68.00769230769231,109.125,74.0,98.0
0224.563,-545.7,-71.95,105.125,74.0,98.0
0224.595,-573.625,-72.26666666666668,104.125,74.0,98.0
0224.628,-597.275,-72.31666666666668,103.0,74.0,98.0
0224.661,-612.7,-71.16153846153846,101.0,74.0,98.0
0224.693,-622.7375,-69.7,101.0,74.0,98.0
0224.733,-621.7384615384616,-68.7875,101.0,74.0,98.0
0224.765,-615.025,-68.05,100.0,74.0,98.0
0224.799,-604.6,-67.05833333333332,99.0,74.0,98.0
0224.832,-592.1,-65.30833333333332,98.0,74.0,98.0
0224.866,-576.1555555555556,-63.127272727272725,97.0,74.0,98.0
0224.899,-559.9692307692308,-61.241666666666674,96.0,74.0,98.0
0224.930,-538.5,-57.55,96.0,74.0,98.0
0224.961,-516.0384615384617,-54.215384615384615,96.0,74.0,98.0
0225.000,-481.3153846153847,-47.72307692307692,96.0,74.0,98.0
0225.032,-437.53333333333336,-43.9,96.0,74.0,98.0
0225.065,-374.8666666666667,-39.925,96.0,74.0,98.0
0225.098,-291.03333333333336,-35.59230769230769,95.0,74.0,98.0
0225.130,-200.46153846153845,-33.0875,95.0,74.0,98.0
0225.163,-122.56666666666668,-27.3375,96.4375,74.0,98.0
0225.197,-67.925,-22.875,101.6875,74.0,98.00000000000001
0225.231,-28.6,-18.108333333333334,106.375,74.0,97.99999999999999
0225.264,-4.633333333333333,-14.30769230769231,108.75,74.0,98.0
0225.296,22.633333333333336,-10.716666666666667,107.25,74.0,98.0
0225.329,55.55,-7.983333333333334,105.1875,74.0,98.0
0225.361,82.71249999999999,-5.15,102.1875,74.0,98.0
0225.392,104.82307692307691,-2.976923076923077,100.25,74.0,98.0
0225.433,127.4,-0.8538461538461539,99.0,74.0,98.0
0225.466,140.26666666666668,0.07500000000000001,99.375,74.0,98.0
0225.498,157.55,0.1,100.0,74.0,98.0
0225.530,167.5,1.4111111111111112,99.0,74.00000000000001,98.0
0225.561,173.54615384615386,2.55,98.0,74.0,98.0
0225.602,168.64615384615385,4.65,97.0,74.0,98.0
0225.633,165.97500000000002,4.366666666666667,96.0,74.0,98.0
0225.665,167.63333333333333,3.858333333333333,96.0,74.0,98.0
0225.697,171.6,2.546153846153846,96.0,74.0,98.0
0225.729,175.5125,3.4,96.0,74.0,98.0
0225.762,168.625,5.730769230769231,96.0,74.0,98.0
0225.793,158.90769230769232,7.45,96.0,74.0,98.0
0225.834,153.37692307692308,6.708333333333333,96.0,74.0,98.0
0225.866,159.97500000000002,7.200000000000001,95.0,74.0,98.00000000000001
0225.900,168.2,7.441666666666666,95.0,74.0,98.0
0225.932,168.1076923076923,8.233333333333334,97.5,74.0,98.0
0225.964,158.06666666666663,6.866666666666667,101.5,74.0,98.0
0225.998,136.6,2.4499999999999997,109.25,74.0,98.0
0226.031,114.1,-3.175,111.70588235294117,74.0,98.0
0226.065,77.17500000000001,-8.700000000000001,110.17647058823529,74.0,98.0
0226.097,40.01538461538462,-14.611111111111112,107.125,74.0,98.0
0226.129,1.0,-19.466666666666665,106.0,74.0,98.0
0226.162,-39.8,-22.700000000000003,103.0625,74.0,98.0
0226.196,-83.43333333333334,-28.46666666666667,102.0,74.0,98.0
0226.228,-122.99230769230769,-31.46923076923077,101.0,74.00000000000001,98.0
0226.259,-159.76250000000002,-33.4,101.0,74.0,98.0
0226.297,-205.4666666666667,-36.008333333333326,100.0,74.0,98.00000000000001
0226.328,-244.83333333333334,-36.825,99.6875,74.0,98.0
0226.360,-294.9307692307692,-40.03846153846153,98.6875,74.0,98.00000000000001
0226.402,-354.07499999999993,-39.7,97.0,74.0,98.0
0226.433,-389.825,-40.457142857142856,97.0,74.0,98.0
0226.465,-409.1,-38.975,97.0,74.0,98.0
0226.496,-432.42499999999995,-39.68888888888888,96.1875,74.0,98.0
0226.528,-448.15384615384613,-39.9125,96.0,74.0,98.0
0226.573,-465.98888888888894,-42.00769230769231,96.0,74.0,98.0
0226.599,-465.8583333333333,-42.400000000000006,96.0,74.0,98.0
0226.630,-450.7416666666666,-41.6,96.0,74.0,98.0
0226.661,-424.4,-40.269230769230774,96.125,74.0,98.0
0226.693,-390.575,-35.800000000000004,97.125,74.0,98.0
0226.726,-358.675,-31.03333333333333,102.375,74.0,98.0
0226.766,-313.4666666666667,-27.53333333333333,107.6875,74.0,98.0
0226.798,-279.96153846153845,-23.615384615384613,110.0,74.0,98.0
0226.830,-237.24444444444444,-20.515384615384615,108.3125,74.0,98.0
0226.863,-191.175,-18.283333333333335,106.25,74.04160475482912,98.0
0226.896,-138.925,-16.28333333333333,104.1875,74.09063893016345,98.0
0226.929,-91.6875,-13.876923076923077,102.125,74.13967310549778,98.0
0226.962,-62.315384615384616,-10.733333333333334,100.0625,74.18870728083209,98.0
0226.996,-41.550000000000004,-7.8,99.0,74.23922734026746,97.99999999999999
0227.029,-24.9125,-6.6,98.99999999999999,74.28826151560179,98.0
0227.061,-6.65,-5.35,98.0,74.33580980683507,98.0
0227.093,9.35,-3.0,98.0,74.38335809806836,98.0
0227.133,27.1,1.288888888888889,97.4375,74.44279346210996,98.0
0227.167,47.53333333333333,6.675,97.0,74.49331352154532,98.0
0227.201,71.96666666666667,10.85,96.1875,74.54383358098067,98.0
0227.235,90.55,13.466666666666669,96.0,74.59435364041605,98.0
0227.268,102.46923076923076,15.33846153846154,96.0,74.64338781575037,98.0
0227.299,108.1076923076923,16.725,96.0,74.68945022288261,98.0
0227.330,121.3,16.724999999999998,96.0,74.73551263001485,98.0
0227.362,150.775,17.4,96.0,74.78306092124814,98.0
0227.394,188.42222222222222,18.9,96.0,74.83060921248142,98.0
0227.426,226.675,23.4125,96.875,74.87815750371472,98.0
0227.468,248.825,28.4,101.0,74.9405646359584,98.0
0227.501,249.8875,30.7,106.125,74.98959881129272,98.0
0227.532,242.46666666666667,31.974999999999998,110.5,75.03664122137404,98.0
0227.563,229.0,30.5125,110.5625,75.08396946564885,98.0
0227.595,222.32500000000002,27.4,108.5625,75.13282442748091,98.0
0227.629,204.2,21.7,105.4,75.18473282442748,98.00000000000001
0227.663,184.31666666666666,16.0,104.29411764705883,75.23664122137404,98.0
0227.696,156.18333333333334,9.8,101.23529411764707,75.28702290076336,98.0
0227.727,118.6,3.9916666666666667,100.25,75.33435114503817,98.0
0227.766,64.4,-1.025,100.0,75.39389312977099,98.0
0227.797,18.033333333333335,-4.592307692307692,99.875,75.4412213740458,98.0
0227.830,-31.553846153846155,-9.976923076923077,99.0,75.49160305343511,98.0
0227.861,-70.15,-12.4,97.875,75.53893129770992,98.0
0227.892,-106.09166666666665,-17.633333333333333,96.9375,75.58625954198473,98.0
0227.932,-137.43333333333334,-20.1375,95.4375,75.6473282442748,98.0
0227.964,-157.86153846153846,-23.333333333333336,95.0,75.69618320610687,98.0
0227.996,-181.10000000000002,-24.823076923076922,95.0,75.74503816793893,98.0
0228.030,-218.7,-24.6,95.0,75.7969465648855,98.0
0228.063,-254.60000000000002,-24.075,95.0,75.8473282442748,98.0
0228.096,-279.33333333333337,-24.766666666666666,95.0,75.89770992366412,98.0
0228.129,-279.1,-25.315384615384616,95.0,75.94809160305344,98.0
0228.162,-254.2333333333333,-25.3,95.0,75.99847328244275,98.0
0228.194,-213.43333333333334,-24.008333333333333,95.0,76.0,98.0
0228.226,-172.325,-22.633333333333333,95.9375,76.0,98.0
0228.268,-131.8,-20.041666666666664,103.125,76.0,98.0
0228.300,-112.1,-18.6,107.5625,76.0,98.0
0228.333,-95.1,-14.049999999999999,109.375,76.0,98.0
0228.366,-74.5,-10.116666666666667,108.3125,76.0,98.0
0228.400,-41.38333333333333,-6.8500000000000005,106.1875,76.0,98.0
0228.435,-0.45384615384615357,-4.733333333333334,104.0,76.0,98.0
0228.472,35.916666666666664,-2.2,102.6875,76.0,98.0
0228.498,55.307692307692314,1.2000000000000002,100.06666666666666,76.0,98.0
0228.529,63.862500000000004,6.366666666666667,100.0,76.0,98.0
0228.561,71.42500000000001,8.55,100.0,76.0,98.0
0228.594,78.7,11.076923076923077,99.0,76.0,98.0
0228.626,94.25,13.474999999999998,98.0625,76.0,98.0
0228.673,112.8,18.275,97.0,76.0,98.0
0228.691,120.225,21.025000000000002,96.0,76.0,98.0
0228.732,127.11666666666667,20.51666666666667,95.4375,76.0,98.0
0228.765,135.1,20.815384615384616,95.0,76.0,98.0
0228.798,132.70000000000002,21.424999999999997,95.0,76.0,98.0
0228.831,131.88333333333333,22.475,95.0,76.0,98.0
0228.863,127.81666666666666,22.407692307692308,95.0,75.99999999999999,98.0
0228.895,125.06923076923078,22.238461538461543,95.0,76.0,98.0
0228.927,119.9,23.55,95.0,76.0,98.0
0228.972,131.1,23.5,95.0,76.0,98.0
0228.999,137.89999999999998,23.449999999999996,95.0,76.0,98.0
0229.032,146.5,21.75,96.625,76.0,98.0
0229.064,136.51538461538462,18.733333333333334,102.9375,76.0,98.0
0229.096,119.05,13.266666666666667,107.625,76.0,98.0
0229.127,87.85833333333333,7.4,110.75,76.0,98.0
0229.160,43.530769230769224,0.1,109.6875,76.0,98.0
0229.195,-8.555555555555555,-8.146153846153847,108.0,76.0,98.0
0229.227,-57.4375,-16.43076923076923,106.5,76.0,98.0
0229.272,-118.07499999999999,-26.583333333333332,104.6875,76.0,97.99999999999999
0229.296,-145.5666666666667,-29.10833333333333,102.1875,76.0,98.0
0229.328,-177.45384615384617,-31.5,101.0,76.0,98.0
0229.359,-209.4230769230769,-32.61666666666667,100.0,76.0,98.0
0229.400,-252.99999999999997,-33.775,98.6875,76.0,98.0
0229.432,-285.5,-34.6,97.6875,76.0,98.0
0229.465,-319.0,-36.599999999999994,95.625,76.0,98.0
0229.498,-345.7307692307693,-37.64615384615385,94.5625,76.0,98.0
0229.530,-365.925,-38.2,93.5625,76.0,98.0
0229.561,-381.6875,-38.10000000000001,93.0,76.0,98.0
0229.594,-396.4875,-36.833333333333336,94.0,76.0,98.0
0229.635,-411.3,-36.4,94.0,76.0,98.0
0229.668,-410.6,-34.12307692307692,94.0,76.0,98.0
0229.701,-406.1,-33.724999999999994,94.0,76.0,98.0
0229.734,-395.2,-29.75,94.0,76.0,98.0
0229.764,-378.11538461538464,-27.08888888888889,94.0,76.0,98.0
0229.795,-350.9769230769231,-23.833333333333332,94.0,76.0,98.0
0229.826,-307.6,-20.7,94.0,76.0,98.0
0229.867,-248.79999999999998,-17.375,96.0,76.0,98.0
0229.899,-212.99166666666665,-13.816666666666666,100.0,76.0,98.0
0229.931,-191.1,-11.976923076923077,108.0,76.0,98.0
0229.965,-183.87692307692308,-9.375,110.625,76.0,98.0
0230.000,-185.86666666666667,-9.233333333333333,110.1875,76.0,98.0
0230.032,-184.59999999999997,-8.8,107.1875,76.0,98.0
0230.064,-179.08333333333334,-9.753846153846155,106.1875,76.0,98.0
0230.097,-162.5923076923077,-8.4,104.125,76.0,98.0
0230.130,-143.725,-9.6,102.0625,76.0,98.0
0230.163,-113.46666666666667,-8.9,101.0,76.0,98.0
0230.197,-81.9,-6.141666666666667,100.0,76.0,98.00000000000001
0230.228,-50.84166666666666,-2.7,100.0,76.0,98.0
0230.260,-22.366666666666667,-0.3916666666666666,98.9375,76.0,98.0
0230.300,-1.1875,3.025,97.4375,76.0,98.0
0230.331,7.3375,4.7,96.0,76.0,98.0
0230.362,13.315384615384616,8.346153846153847,95.0,76.0,98.0
0230.394,11.50769230769231,11.566666666666666,95.0,76.0,98.0
0230.426,10.7,13.3,95.0,76.0,98.0
0230.467,19.1,14.783333333333331,95.0,76.0,98.0
0230.498,34.6,15.875,95.0,76.0,98.0
0230.530,56.253846153846155,16.338461538461537,95.0,76.00000000000001,98.0
0230.560,76.025,17.7,95.0,76.0,98.0
0230.601,84.82499999999999,19.8,95.0,76.0,98.0
0230.632,99.875,21.75,95.0,76.0,98.0
0230.663,122.98888888888891,25.830769230769235,94.0,76.0,98.0
0230.695,154.5625,32.6,94.0,76.0,98.0
0230.726,183.825,37.38333333333334,95.5,76.0,98.0
0230.766,200.0,44.0125,101.25,76.0,98.0
0230.799,197.1076923076923,44.475,107.4375,76.0,98.0
0230.832,191.375,45.03333333333333,112.875,76.0,98.0
0230.864,182.26666666666668,42.349999999999994,112.125,76.0,98.0
0230.897,176.86666666666667,40.71666666666666,109.0625,76.0,98.0
0230.929,170.4923076923077,39.53333333333333,107.0625,76.00000000000001,98.0
0230.961,163.8846153846154,39.05384615384615,106.0625,76.0,98.0
0231.001,157.6153846153846,40.150000000000006,103.0,76.0,98.0
0231.034,149.68333333333334,38.541666666666664,101.5,76.0,97.99999999999999
0231.066,149.95,38.18333333333334,101.0,76.0,98.0
0231.098,157.0,37.34615384615385,100.5,76.0,98.0
0231.129,166.9666666666667,37.9,99.0,76.0,98.0
0231.160,173.6,40.224999999999994,98.0,76.0,98.0
0231.202,181.93076923076922,40.11538461538461,97.0,76.0,98.0
0231.233,186.35454545454547,41.825,96.0,76.0,98.0
0231.266,203.9666666666667,40.675000000000004,96.0,76.0,98.0
0231.297,223.9076923076923,40.22500000000001,96.0,76.0,98.0
0231.330,246.56666666666666,38.65384615384615,95.0,76.0,98.0
0231.363,269.40000000000003,37.93333333333333,95.0,76.0,98.0
0231.396,261.125,35.53333333333333,94.9375,76.0,98.0
0231.427,224.91538461538462,31.2,94.0,76.0,98.0
0231.467,162.66666666666669,22.741666666666664,93.5,76.0,98.0
0231.499,99.81538461538463,14.876923076923077,93.0,76.0,98.0
0231.532,61.26666666666667,7.241666666666666,93.0,75.92537313432835,98.0
0231.566,25.891666666666666,0.8,93.0,75.82388059701493,98.00000000000001
0231.601,-3.0916666666666672,-7.300000000000001,94.0,75.71940298507462,98.0
0231.633,-38.13076923076923,-12.0,96.875,75.62388059701493,98.0
0231.664,-79.2,-17.916666666666668,101.625,75.53134328358209,98.0
0231.695,-113.9,-21.43333333333333,110.625,75.43880597014925,98.0
0231.727,-150.6,-24.0375,112.8125,75.34328358208955,98.0
0231.768,-181.02307692307693,-26.0625,109.25,75.22089552238806,98.0
0231.802,-195.7,-29.5125,106.5,75.11940298507463,98.0
0231.826,-199.15833333333333,-31.53333333333333,105.0,75.04776119402985,98.0
0231.868,-205.8,-36.358333333333334,102.375,75.0,98.0
0231.901,-215.1,-38.791666666666664,101.3125,75.0,98.0
0231.934,-214.38461538461536,-38.53076923076923,100.0,75.0,98.0
0231.967,-212.25,-36.85,100.0,75.0,98.0
0232.001,-202.38333333333335,-34.31666666666666,100.0,75.0,97.99999999999999
0232.033,-188.45,-33.05,98.0625,75.0,98.0
0232.066,-182.03076923076924,-29.753846153846155,97.0,75.0,98.0
0232.099,-176.11666666666667,-25.892307692307693,96.0,75.0,98.0
0232.132,-180.16666666666666,-23.458333333333332,96.0,75.0,98.0
0232.166,-181.96666666666667,-24.1,95.0,75.0,98.0
0232.200,-185.6,-23.675,96.0,75.0,98.0
0232.234,-178.14166666666665,-22.522222222222226,96.0,75.0,98.0
0232.267,-173.36923076923077,-20.15,95.21875,75.0,98.0
0232.297,-164.5375,-18.730769230769234,95.0,75.0,98.0
0232.329,-163.02499999999998,-14.950000000000001,94.0,75.0,98.0
0232.360,-152.76666666666665,-13.246153846153845,94.0,75.0,98.0
0232.401,-129.42307692307693,-11.65,94.9375,75.0,98.0
0232.433,-93.36666666666667,-10.05,95.0,75.0,98.0
0232.465,-55.425000000000004,-7.466666666666666,95.0,75.0,98.0
0232.496,-22.98461538461538,-3.5,98.75,75.0,98.0
0232.528,3.1249999999999996,-1.4666666666666668,104.625,74.91071428571429,98.0
0232.560,12.866666666666667,1.1625,109.75,74.81547619047619,98.0
0232.601,9.8,1.3083333333333331,111.0,74.69345238095238,98.0
0232.633,14.549999999999999,2.5,109.5625,74.59821428571429,98.0
0232.666,32.00769230769231,1.3,106.0,74.5,98.0
0232.698,57.25000000000001,2.3333333333333335,103.5,74.4047619047619,98.0
0232.731,81.575,5.7,100.4375,74.30654761904762,98.0
0232.764,90.67500000000001,9.1,100.0,74.20833333333333,98.0
0232.797,83.25,13.5,99.0,74.11011904761904,98.0
0232.829,79.76153846153846,15.1,100.0,74.01488095238095,98.0
0232.863,67.37272727272727,16.325000000000003,99.1875,74.0,97.99999999999999
0232.897,60.21666666666667,13.616666666666665,97.0625,74.0,98.0
0232.930,57.35,11.476923076923077,95.0,74.0,98.0
0232.962,56.62222222222221,10.666666666666668,94.0,74.0,98.0
0232.995,60.0125,11.425,93.0,74.0,98.0
0233.028,54.25,11.724999999999998,93.125,74.0,98.0
0233.061,47.300000000000004,13.25,95.1875,74.0,98.0
0233.094,35.53846153846154,15.161538461538463,96.0,74.0,98.0
0233.134,38.676923076923075,18.9,96.0,74.0,98.0
0233.166,47.43333333333334,19.0125,95.0,74.0,98.0
0233.200,67.64999999999999,19.616666666666667,94.0,74.0,98.0
0233.232,79.13076923076923,20.150000000000002,93.0,74.0,98.0
0233.265,103.975,23.907692307692308,93.0,74.0,98.0
0233.298,144.07500000000002,26.56666666666667,93.0,74.0,98.0
0233.331,195.72500000000002,28.483333333333334,94.0,74.0,98.0
0233.364,250.45,32.866666666666674,97.25,74.0,98.0
0233.397,277.7,35.815384615384616,102.5625,74.0,98.0
0233.430,285.475,39.192307692307686,108.5,74.0,98.0
0233.464,273.57500000000005,40.1,112.0,74.0,98.0
0233.497,255.875,39.7,110.5625,74.0,98.0
0233.530,240.41666666666669,39.3,107.5,73.85714285714286,98.0
0233.562,225.7153846153846,36.15384615384615,106.5,73.66666666666667,98.0
0233.596,197.4666666666667,31.35,105.0,73.46428571428572,98.0
0233.630,157.97500000000002,24.133333333333333,103.25,73.26190476190476,98.0
0233.663,111.125,18.183333333333334,102.1875,73.0654761904762,98.0
0233.695,65.16153846153847,9.666666666666666,102.0,72.875,98.0
0233.726,22.275,2.2,102.0,72.69047619047619,98.0
0233.760,-24.3,-5.766666666666666,101.125,72.48809523809524,98.0
0233.793,-76.0,-11.725,99.0625,72.29166666666666,98.0
0233.832,-131.41666666666666,-19.1,98.0,72.05952380952381,98.0
0233.865,-170.78333333333333,-23.46923076923077,97.0,72.0,98.0
0233.897,-211.43333333333334,-29.625,97.0,72.0,98.0
0233.928,-247.8,-33.9125,97.0,72.0,98.0
0233.960,-282.43333333333334,-38.3,98.0,72.0,98.0
0234.004,-338.23333333333335,-43.099999999999994,98.0,72.0,98.0
0234.029,-368.79999999999995,-44.849999999999994,98.0,72.0,98.0
0234.063,-419.6,-45.392307692307696,98.0,72.0,98.0
0234.095,-455.7153846153846,-48.400000000000006,97.0,72.0,98.0
0234.127,-469.0923076923077,-48.224999999999994,96.0,72.0,98.0
0234.167,-470.39230769230767,-46.06153846153846,96.0,72.00000000000001,98.0
0234.200,-465.54999999999995,-42.74166666666667,97.875,72.0,98.0
0234.232,-465.725,-43.3,101.3125,72.0,98.0
0234.264,-473.9666666666667,-44.5,107.4375,72.0,98.0
0234.295,-488.5769230769231,-45.6,109.0,72.0,98.0
0234.335,-504.0833333333333,-45.11538461538461,107.125,72.0,98.0
0234.366,-519.2333333333333,-46.025,105.1875,72.0,98.0
0234.399,-526.4666666666667,-45.94166666666666,103.125,72.0,98.0
0234.432,-534.2384615384615,-46.325,100.0625,72.0,98.0
0234.465,-538.5846153846154,-45.89230769230769,98.05882352941177,72.0,98.0
0234.497,-544.7,-46.70769230769231,97.0,72.0,98.0
0234.530,-544.75,-46.025,98.0,72.0,98.0
0234.561,-540.4,-44.875,98.0,72.0,98.0
0234.594,-529.375,-42.858333333333334,97.0,72.0,98.0
0234.633,-508.03076923076924,-39.55,96.0,72.0,98.0
0234.665,-485.56666666666666,-36.644444444444446,96.0,72.0,98.0
0234.697,-457.8333333333333,-34.6,96.0,72.0,98.0
0234.730,-427.56666666666666,-30.3,95.0,72.0,98.0
0234.762,-389.8230769230769,-26.415384615384614,94.0,72.0,98.0
0234.797,-351.15,-23.838461538461537,94.0,72.0,98.0
0234.830,-316.02500000000003,-20.483333333333334,95.0,72.0,98.0
0234.861,-284.8,-20.3,96.0,71.91666666666667,98.0
0234.893,-245.56666666666666,-16.677777777777777,95.0,71.82142857142857,98.0
0234.932,-155.3846153846154,-11.484615384615385,94.0,71.70535714285714,98.0
0234.963,-83.55000000000001,-6.4,95.0,71.61309523809524,98.0
0234.996,-15.366666666666667,-0.4,96.13333333333334,71.51488095238095,98.0
0235.029,22.322222222222223,5.1,98.5,71.41666666666667,98.0
0235.061,46.287499999999994,9.584615384615384,104.5,71.32142857142857,98.0
0235.094,67.2625,13.0,108.3125,71.22321428571428,98.0
0235.139,99.36250000000001,16.8,107.875,71.08928571428572,98.0
0235.166,115.8,16.65,106.1875,71.00892857142857,98.0
0235.200,135.45000000000002,18.525,103.0625,71.0,98.0
0235.234,139.61111111111111,19.04615384615385,99.9375,71.0,98.0
0235.266,144.55,21.433333333333334,99.0,71.0,98.0
0235.298,146.36666666666667,22.241666666666667,100.0,71.0,98.0
0235.331,150.7153846153846,23.276923076923076,100.125,71.0,98.0
0235.365,149.26666666666665,23.6875,99.75,71.0,98.0
0235.397,145.75,25.35,98.0,71.0,98.0
0235.430,136.275,24.7,96.6875,71.0,98.0
0235.463,138.4,25.53076923076923,95.625,71.0,98.0
0235.497,135.51666666666665,25.6,95.0,71.0,98.0
0235.530,133.3625,25.9,94.4375,71.0,98.0
0235.562,133.3,27.85833333333333,95.0,71.0,98.0
0235.595,129.31538461538463,28.49230769230769,95.0,71.0,98.0
0235.626,126.85000000000001,29.46923076923077,95.0,71.0,98.0
0235.667,123.325,28.0,96.0,71.0,98.0
0235.700,115.6125,26.7,96.0,71.0,98.0
0235.732,123.44444444444444,25.0625,95.8125,71.0,98.0
0235.765,142.80769230769232,24.022222222222222,95.0,71.0,98.0
0235.797,171.75,25.912499999999998,95.0,71.0,98.0
0235.828,192.56666666666666,27.175,95.23529411764704,71.0,98.0
0235.861,196.80769230769232,27.725,101.80000000000001,71.0,98.0
0235.894,194.43076923076922,27.423076923076923,107.75,71.0,98.0
0235.929,188.79166666666669,27.366666666666667,111.0,71.0,98.0
0235.961,185.35000000000002,26.65,110.0,71.0,98.0
0235.996,182.23333333333335,25.425,108.25,71.0,98.0
0236.031,186.91538461538462,23.515384615384615,106.0625,71.0,98.0
0236.065,195.0,23.415384615384617,103.9375,71.0,98.0
0236.097,201.65,23.5,101.0,71.0,98.0
0236.129,206.59999999999997,22.841666666666665,100.0,71.0,98.0
0236.161,218.5076923076923,23.355555555555554,100.0,71.0,98.0
0236.194,239.80769230769232,22.18888888888889,100.0,71.0,98.00000000000001
0236.226,259.875,21.800000000000004,98.875,71.0,98.0
0236.266,267.9,22.516666666666666,97.0,71.0,98.0
0236.299,263.5,23.1875,97.0,71.0,98.0
0236.333,251.32500000000002,22.125,97.0,71.0,98.0
0236.366,227.7777777777778,22.224999999999998,97.0,71.0,98.0
0236.400,187.89999999999998,20.176923076923075,97.0,71.0,98.0
0236.436,133.6,17.90833333333333,96.0,71.0,98.0
0236.464,92.81666666666666,13.616666666666667,96.0,71.0,98.0
0236.498,51.592307692307685,8.9375,95.0,71.00593471810089,98.0
0236.532,20.133333333333333,4.492307692307692,95.0,71.10682492581603,97.99999999999999
0236.564,0.6249999999999996,-0.7230769230769232,95.0,71.20178041543028,98.0
0236.597,-13.249999999999998,-3.7,95.0,71.29970326409496,98.0
0236.629,-21.764285714285712,-6.961538461538462,95.29411764705881,71.3946587537092,98.0
0236.661,-36.69166666666667,-10.116666666666667,100.75,71.48961424332344,98.0
0236.694,-63.37499999999999,-14.7,106.625,71.58753709198812,98.0
0236.735,-111.175,-21.383333333333333,112.0,71.70919881305639,98.0
0236.767,-152.17777777777778,-25.676923076923075,110.125,71.80415430267063,98.0
0236.799,-192.43333333333334,-31.644444444444442,107.25,71.89910979228488,98.0
0236.833,-234.64545454545453,-38.475,104.0,72.0,98.0
0236.869,-277.47499999999997,-43.05384615384615,102.6875,72.0,98.0
0236.893,-310.1,-44.2875,101.0,72.0,98.0
0236.934,-370.0615384615385,-43.675,99.625,72.0,98.0
0236.966,-425.83333333333337,-45.723076923076924,99.0,72.0,98.0
0237.000,-475.8,-46.833333333333336,99.0,72.0,98.0
0237.032,-519.3,-51.349999999999994,99.0,72.0,98.0
0237.064,-551.0307692307691,-54.300000000000004,99.0,72.0,98.0
0237.095,-571.6076923076923,-56.107692307692304,98.5625,72.0,98.0
0237.126,-589.2666666666667,-55.52499999999999,97.0,72.0,98.0
0237.165,-596.7833333333333,-54.108333333333334,95.1875,72.0,98.0
0237.199,-615.6,-52.8,95.0,72.0,98.0
0237.232,-643.1333333333333,-56.3,96.0,72.0,98.0
0237.265,-673.8,-56.53076923076923,97.0,72.0,98.0
0237.296,-689.9999999999999,-57.975,98.0,72.0,98.0
0237.328,-693.625,-57.1,98.0,72.0,98.0
0237.360,-685.6307692307693,-56.66666666666666,98.0,72.0,98.0
0237.400,-670.4,-55.5,97.0,72.0,98.0
0237.432,-654.0666666666666,-53.3,98.0,72.0,98.0
0237.465,-637.7166666666667,-49.4,103.125,72.0,98.0
0237.497,-620.8692307692307,-47.75,108.125,72.0,98.0
0237.529,-601.15,-46.43846153846154,111.0,71.99999999999999,98.0
0237.560,-586.2333333333333,-44.675,109.5,72.0,98.0
0237.601,-571.5,-43.391666666666666,105.0,72.0,98.0
0237.634,-562.0666666666667,-41.383333333333326,103.875,72.0,98.0
0237.666,-551.675,-40.43333333333334,102.0,72.0,98.0
0237.699,-538.8153846153846,-37.73076923076923,100.875,72.0,98.00000000000001
0237.732,-526.825,-37.2,100.0,72.0,98.0
0237.765,-513.5,-35.6,100.0,72.0,98.0
0237.797,-500.0,-32.800000000000004,99.75,72.0,98.0
0237.828,-490.375,-31.123076923076926,98.8125,72.0,98.0
0237.868,-477.45000000000005,-29.51111111111111,97.0,72.0,98.0
0237.900,-465.35,-29.233333333333334,96.0,72.0,98.0
0237.933,-449.9875,-30.333333333333336,95.25,72.0,98.0
0237.966,-437.32222222222225,-30.433333333333337,95.8125,72.0,98.0
0238.001,-427.45000000000005,-30.284615384615385,96.0,72.0,98.0
0238.033,-419.76666666666665,-29.9,96.0625,72.0,98.0
0238.066,-412.025,-30.2,96.0,72.0,98.0
0238.099,-396.81538461538463,-29.45,96.0,72.0,98.0
0238.131,-374.4416666666666,-28.06923076923077,95.0,72.0,98.0
0238.164,-347.6833333333333,-25.549999999999997,96.20000000000002,72.00895522388059,98.0
0238.197,-321.3666666666667,-22.575000000000003,98.625,72.10746268656716,98.0
0238.228,-306.5,-23.1,102.75,72.2,98.0
0238.262,-296.9833333333333,-21.592307692307692,109.0,72.30149253731344,98.0
0238.294,-288.76666666666665,-19.746153846153845,109.0,72.39701492537313,98.0
0238.336,-271.55,-18.450000000000003,106.0,72.52238805970148,98.0
0238.368,-246.2,-18.025,105.0,72.61791044776119,98.0
0238.400,-217.0,-18.369230769230768,104.0,72.7134328358209,98.0
0238.433,-198.0,-16.923076923076923,101.9375,72.81194029850747,98.0
0238.466,-178.93333333333334,-16.349999999999998,101.0,72.91044776119402,98.0
0238.498,-170.16666666666669,-15.4,100.0,73.0,98.0
0238.531,-156.13846153846154,-13.015384615384615,99.8125,73.00000000000001,98.0
0238.564,-152.36666666666667,-11.81111111111111,98.75,73.0,98.0
0238.597,-142.63333333333333,-10.8,97.0,73.0,97.99999999999999
0238.631,-135.875,-11.475,96.0,73.0,98.0
0238.664,-128.23846153846154,-10.15,95.0,73.0,98.0
0238.697,-118.46666666666667,-8.130769230769232,95.0,73.0,98.0
0238.728,-114.19999999999999,-6.883333333333333,95.0,73.0,98.0
0238.760,-111.3875,-6.1000000000000005,95.0,73.0,98.0
0238.802,-110.5,-6.312500000000001,95.0,73.0,98.0
0238.827,-104.4125,-5.3,95.0,73.0,98.0
0238.860,-78.6125,-4.376923076923077,95.0,72.99999999999999,98.0
0238.906,-26.846153846153847,-2.4916666666666667,96.625,73.0,98.0
0238.931,7.633333333333333,0.23333333333333328,98.5625,73.0,98.0
0238.964,39.43076923076923,2.5384615384615388,103.75,73.0,98.0
0238.998,59.7,4.376923076923077,109.375,73.0,98.0
0239.030,75.20833333333333,3.0,109.625,73.0,98.0
0239.062,78.95,2.9875,107.625,73.0,98.0
0239.093,84.14615384615385,3.2375,105.6875,73.0,98.0
0239.134,94.71538461538461,4.475,104.125,73.0,98.0
0239.165,95.77499999999999,5.523076923076923,101.1875,73.0,98.0
0239.198,100.50000000000001,3.7,100.125,73.08928571428572,98.0
0239.229,106.46666666666667,3.8,99.0,73.1815476190476,98.0
0239.262,108.1,3.2846153846153845,99.0,73.27976190476191,98.0
0239.294,104.08333333333334,3.2666666666666666,99.0,73.375,98.0
0239.333,95.30833333333334,6.4,97.0,73.49107142857142,98.0
0239.364,89.8875,6.883333333333335,96.0,73.58333333333333,98.0
0239.396,90.4,5.8,95.75,73.67857142857143,98.0
0239.429,76.56923076923077,3.5749999999999997,95.0,73.77678571428571,98.0
0239.461,56.13333333333334,4.523076923076923,95.0,73.87202380952382,98.0
0239.500,34.474999999999994,5.016666666666667,95.0,73.98809523809524,98.0
0239.531,24.450000000000003,6.525,95.0,74.08035714285714,98.0
0239.563,25.066666666666666,7.8,95.0,74.17559523809524,98.0
0239.597,31.475,8.399999999999999,95.40625,74.27678571428572,98.0
0239.629,30.733333333333334,10.325,97.8125,74.37202380952381,98.0
0239.663,23.18333333333333,12.150000000000002,100.875,74.47321428571428,98.0
0239.695,16.266666666666666,13.075,105.875,74.56845238095238,98.0
0239.729,26.2,14.25,110.0,74.66964285714286,98.0
0239.761,71.275,21.192307692307693,109.9375,74.76488095238096,98.0
0239.807,141.35,34.6,108.0,74.90178571428571,98.0
0239.825,163.14999999999998,40.1,106.9375,74.95535714285715,98.0
0239.865,190.93076923076922,46.16666666666667,102.4375,75.0,98.00000000000001
0239.896,200.39999999999998,48.49230769230769,100.5,75.0,98.0
0239.928,216.95,49.20833333333333,99.5,75.0,98.0
0239.961,238.2,53.3,99.0,75.0,98.0
0240.001,247.34615384615387,57.2,98.0,75.0,98.0
0240.035,255.67777777777778,57.69166666666666,96.8125,75.0,98.0
0240.067,262.4,58.89230769230769,95.8125,75.0,98.0
0240.099,269.7916666666667,56.8,95.0,75.0,98.0
0240.132,278.1230769230769,55.7,94.0,75.0,98.0
0240.165,278.6769230769231,54.93333333333333,94.0,75.0,98.0
0240.198,278.3,54.05384615384615,95.0,75.0,98.0
0240.229,270.15,53.116666666666674,95.0,75.0,98.0
0240.261,265.325,51.349999999999994,95.0,75.0,98.00000000000001
0240.294,273.31666666666666,49.05,95.0,75.0,98.0
0240.325,295.93333333333334,48.15384615384616,95.0,75.0,98.0
0240.366,333.90000000000003,48.60769230769231,96.9375,75.0,98.0
0240.400,360.89166666666665,49.03333333333333,100.125,75.0,98.0
0240.432,373.5666666666667,49.15833333333333,107.125,75.0,98.0
0240.465,377.2769230769231,51.0,110.0,75.0,98.0
0240.498,368.0076923076923,50.766666666666666,108.8125,75.01785714285714,98.0
0240.530,357.23333333333335,49.199999999999996,106.8125,75.20833333333333,98.0
0240.561,347.3692307692308,49.27272727272727,105.875,75.39285714285714,98.0
0240.601,336.2,48.55,103.375,75.63095238095238,98.0
0240.633,322.4,45.63333333333333,101.375,75.82142857142857,98.0
0240.666,305.8666666666667,42.4,100.0,76.01785714285714,98.0
0240.699,285.76666666666665,34.516666666666666,100.0,76.21428571428571,98.0
0240.731,264.9,26.2,100.0,76.4047619047619,98.0
0240.764,237.46153846153845,17.26153846153846,99.0,76.60119047619048,98.0
0240.797,192.94166666666666,7.5,98.0,76.79761904761905,98.0
0240.828,135.175,-0.8,96.0,76.98214285714286,98.0
0240.861,67.68461538461538,-10.5,95.125,77.0,98.0
0240.901,-19.174999999999997,-22.241666666666667,95.0,77.0,98.0
0240.927,-81.9,-29.749999999999996,95.0,77.0,98.0
0240.967,-184.45833333333334,-37.7,96.0,77.0,98.0
0240.999,-269.1,-43.4125,96.0,77.0,98.0
0241.033,-353.0,-46.55,96.0,77.0,98.0
0241.066,-407.2,-51.644444444444446,95.0,77.0,98.0
0241.097,-438.27500000000003,-54.51538461538461,95.0,77.0,98.0
0241.129,-463.6125,-59.35,95.0,77.0,98.0
0241.159,-490.16666666666663,-58.76666666666667,96.5,77.0,98.0
0241.202,-534.1777777777778,-59.230769230769226,100.5625,77.0,98.0
0241.235,-569.1125,-58.32307692307692,108.5,77.0,98.0
0241.266,-592.0583333333334,-59.66666666666667,111.0,77.0,98.0
0241.297,-597.9,-59.7,108.875,77.0,98.0
0241.330,-586.7,-57.80769230769231,107.8125,77.0,98.0
0241.364,-550.6083333333333,-55.43333333333334,105.6875,77.0,98.0
0241.396,-507.24999999999994,-49.8875,103.6875,77.0,98.0
0241.428,-458.223076923077,-45.93333333333334,101.6875,77.0,98.0
0241.468,-420.70000000000005,-39.875,99.1875,77.0,98.0
0241.500,-395.2769230769231,-36.99230769230769,99.0,77.0,98.0
0241.531,-376.08333333333337,-33.87499999999999,98.25,77.0,98.0
0241.564,-349.3500000000001,-31.733333333333334,97.1875,77.0,98.0
0241.598,-316.03846153846155,-30.433333333333334,97.0,77.0,98.0
0241.632,-283.74615384615385,-29.76153846153846,96.0,77.0,98.0
0241.665,-255.95000000000005,-27.28333333333333,96.0,77.0,98.0
0241.695,-230.36666666666667,-26.041666666666668,96.0,77.0,98.0
0241.727,-197.58461538461538,-22.45,95.0,77.0,98.0
0241.761,-167.1,-20.476923076923075,94.875,77.0,98.0
0241.800,-147.5375,-16.375,94.0,77.0,98.0
0241.832,-137.1076923076923,-16.30769230769231,94.0,77.0,98.0
0241.865,-107.30000000000001,-14.958333333333334,94.0,77.07738095238096,98.0
0241.897,-53.49999999999999,-13.1,94.0,77.17261904761904,98.0
0241.930,2.7615384615384615,-10.9,94.0,77.27083333333334,98.0
0241.963,46.93333333333334,-8.923076923076923,96.5,77.36904761904762,98.0
0241.997,69.84166666666665,-9.133333333333333,100.75,77.4702380952381,98.0
0242.030,75.70833333333334,-8.0,107.875,77.56845238095238,98.0
0242.063,78.51538461538462,-7.316666666666666,109.0,77.66666666666667,98.0
0242.097,76.38461538461539,-5.707692307692308,106.875,77.76785714285714,98.0
0242.129,82.79166666666666,-6.2,105.0,77.86309523809524,98.0
0242.161,89.86666666666666,-7.375000000000001,103.875,77.95833333333334,98.0
0242.194,101.8875,-7.8,101.875,78.0,98.0
0242.234,102.4,-7.533333333333334,100.0,78.0,98.0
0242.266,101.81250000000001,-5.833333333333334,99.0,78.0,98.0
0242.299,94.33333333333333,-5.666666666666667,99.0,78.0,98.0
0242.331,90.62307692307692,-5.6000000000000005,99.0,78.0,98.0
0242.364,84.65,-5.276923076923078,97.1875,78.0,98.0
0242.396,84.2,-5.858333333333333,96.1875,78.0,98.0
0242.428,90.10833333333332,-4.866666666666666,95.0,78.0,98.0
0242.468,103.1,-2.4875,94.6875,78.0,98.0
0242.500,122.9,0.1333333333333333,94.0,78.0,98.0
0242.532,145.875,3.8076923076923075,94.0,78.0,97.99999999999999
0242.565,176.9125,5.666666666666667,94.0,78.0,98.0
0242.596,199.70000000000002,8.766666666666667,94.0,78.0,98.0
0242.628,211.525,10.716666666666667,94.0,78.0,98.0
0242.660,213.5,15.707692307692309,94.0,78.0,98.0
0242.699,222.13333333333333,18.684615384615384,94.0,78.0,98.0
0242.731,233.1,21.9,94.0,78.0,98.0
0242.763,250.73333333333335,21.287499999999998,94.0,78.0,98.0
0242.796,262.5153846153846,22.3875,95.0,78.0,98.0
0242.829,253.98333333333335,21.224999999999998,99.875,78.0,98.0
0242.863,226.825,17.233333333333334,106.125,78.00000000000001,98.0
0242.897,174.0,10.2875,110.0,78.0,98.00000000000001
0242.930,113.1,2.8166666666666664,109.75,78.0,98.0
0242.963,44.90769230769231,-6.008333333333333,107.6875,78.0,98.0
0242.994,-24.0,-14.13846153846154,105.75,78.0,98.0
0243.033,-113.44999999999999,-19.616666666666667,104.0,78.0,98.0
0243.065,-190.33333333333334,-25.549999999999997,101.3125,78.0,98.0
0243.097,-267.4,-29.333333333333336,100.3125,78.0,98.0
0243.129,-328.2076923076923,-34.91538461538461,100.0,78.0,98.0
0243.161,-379.6166666666667,-38.40833333333333,100.0,78.0,98.0
0243.195,-426.3333333333333,-40.628571428571426,99.0,78.0,98.0
0243.228,-469.1666666666667,-40.65,98.0,78.0,98.0
0243.262,-513.9,-40.8625,97.0,78.0,98.0
0243.302,-540.9888888888889,-42.16666666666667,96.0,78.0,98.0
0243.335,-547.1,-41.8,96.0,78.0,98.0
0243.366,-546.3,-41.55833333333333,96.0,78.0,98.0
0243.399,-539.15,-39.983333333333334,96.0,78.0,98.0
0243.431,-529.7230769230769,-37.63333333333333,96.0,78.0,98.0
0243.463,-518.2,-34.01538461538462,96.0,78.0,98.0
0243.495,-509.92499999999995,-31.4,96.0,78.0,98.0
0243.527,-498.3230769230769,-30.700000000000003,95.5,77.92857142857143,98.0
0243.568,-473.375,-28.1,95.0,77.80654761904762,98.0
0243.600,-445.83333333333337,-27.092307692307692,95.0,77.71130952380952,98.0
0243.634,-410.35833333333335,-24.566666666666666,95.1875,77.61011904761905,98.0
0243.666,-386.05384615384617,-23.174999999999997,97.1875,77.51488095238095,98.0
0243.697,-363.8,-22.053846153846152,103.25,77.42261904761904,98.0
0243.729,-350.33333333333337,-20.3,107.25,77.32738095238096,98.0
0243.762,-341.1,-18.575,109.0,77.22916666666667,98.0
0243.795,-336.79999999999995,-17.55,106.75,77.13095238095238,98.0
0243.828,-336.4769230769231,-17.674999999999997,104.6875,77.0327380952381,98.0
0243.861,-332.95833333333326,-18.353846153846153,102.0,77.0,97.99999999999999
0243.900,-331.375,-17.4,100.1875,77.0,98.0
0243.932,-323.75,-16.25,100.0,77.00000000000001,98.0
0243.965,-317.62307692307695,-14.999999999999998,99.875,77.0,98.0
0243.999,-310.36153846153843,-15.5,100.0,77.0,98.0
0244.032,-303.0,-14.2,99.0,77.0,98.0
0244.065,-305.1,-14.346153846153847,98.0,77.0,98.0
0244.097,-304.27500000000003,-15.100000000000001,97.0,77.0,98.0
0244.130,-304.7923076923077,-14.833333333333336,96.0,77.0,98.0
0244.164,-302.2153846153846,-15.233333333333334,96.0,77.0,98.0
0244.198,-298.53076923076924,-13.99230769230769,96.0,77.0,98.0
0244.231,-278.08333333333337,-13.258333333333333,96.0,77.0,98.0
0244.263,-243.79166666666666,-13.499999999999998,95.5,77.0,98.0
0244.294,-194.1,-12.2,95.0,77.0,98.0
0244.335,-129.83333333333331,-8.676923076923078,95.0,77.0,98.0
0244.368,-84.30000000000001,-6.275,95.0,77.0,98.0
0244.402,-31.549999999999997,-2.916666666666667,94.8125,77.0,98.0
0244.434,38.34444444444444,-0.3250000000000002,94.0,77.0,98.0
0244.465,122.57692307692307,4.638461538461538,94.0,77.0,98.0
0244.496,213.275,9.123076923076923,94.0625,76.99404761904762,98.0
0244.527,280.96923076923076,12.092307692307692,96.0,76.80952380952381,98.0
0244.568,338.81666666666666,15.8,101.8,76.56547619047619,98.0
0244.602,366.36923076923074,19.275,108.73333333333332,76.36309523809524,98.0
0244.634,392.6,21.3,110.0,76.17261904761904,98.0
0244.668,409.0,24.515384615384615,108.125,75.9702380952381,98.0
0244.700,424.9333333333334,24.016666666666666,106.125,75.77976190476191,98.0
0244.734,424.4,26.46666666666667,105.0,75.57738095238095,98.0
0244.766,415.32499999999993,28.092307692307692,103.0,75.38690476190476,98.0
0244.799,391.125,27.78333333333333,102.0,75.19047619047619,98.0
0244.831,364.1,27.675,100.0,75.0,98.0
0244.864,335.3666666666667,26.225,100.0,75.0,98.0
0244.896,313.1,26.699999999999996,99.875,74.99999999999999,98.0
0244.928,297.4875,30.299999999999997,99.0,75.0,98.0
0244.960,287.52500000000003,35.15,98.0,75.0,98.0
0244.993,289.75,40.78333333333333,97.0,75.0,97.99999999999999
0245.032,292.2307692307692,48.19166666666667,97.0,75.0,98.0
0245.064,299.56666666666666,50.3,96.0,75.0,98.0
0245.096,300.9916666666667,53.5,96.0,75.0,98.0
0245.129,302.4,53.1,96.0,75.0,98.0
0245.161,308.33846153846156,53.137499999999996,96.0,75.0,98.0
0245.194,309.76666666666665,53.21538461538462,96.0,75.0,98.0
0245.234,298.48333333333335,54.5,96.0,75.0,98.0
0245.265,282.2,56.45833333333333,96.0,75.0,98.0
0245.296,275.6777777777778,58.974999999999994,96.0,75.0,98.0
0245.328,287.3,59.53846153846154,96.0,75.0,98.0
0245.360,311.14166666666665,56.81666666666667,96.0,75.0,98.0
0245.400,338.70000000000005,52.70833333333333,96.625,75.0,98.0
0245.433,335.43333333333334,47.016666666666666,99.375,75.0,98.0
0245.467,303.11538461538464,40.349999999999994,106.625,75.0,98.0
0245.499,256.81250000000006,28.015384615384615,109.8125,75.0,98.0
0245.534,177.65,13.753846153846153,110.0,74.9044776119403,98.0
0245.567,96.6375,-2.5666666666666664,106.9375,74.80597014925374,98.0
0245.600,10.3375,-18.1,104.875,74.70746268656717,98.0
0245.633,-87.8,-29.849999999999998,102.0,74.6089552238806,98.0
0245.667,-187.77499999999998,-39.06666666666666,100.6875,74.50746268656717,98.0
0245.699,-286.3,-43.016666666666666,100.0,74.41194029850746,98.0
0245.731,-365.85,-46.0,100.0,74.31641791044777,98.0
0245.763,-449.8230769230769,-47.849999999999994,100.3125,74.22089552238805,98.0
0245.796,-520.6,-53.20769230769231,101.0,74.12238805970149,98.0
0245.828,-586.35,-54.55,101.0,74.02686567164179,98.0
0245.860,-634.2666666666667,-57.51666666666667,100.0,74.0,98.0
0245.900,-676.65,-57.392307692307696,100.0,74.0,98.0
0245.932,-690.05,-57.325,99.0625,74.0,98.0
0245.963,-695.1,-56.15,99.0,74.0,98.0
0245.996,-686.8999999999999,-52.8375,99.0,74.0,98.0
0246.029,-674.4250000000001,-48.5125,99.0,74.0,98.0
0246.063,-659.45,-44.2375,99.0,74.0,98.0
0246.096,-643.95,-41.525,98.0,74.0,98.0
0246.129,-627.9538461538461,-37.641666666666666,98.0,74.0,98.0
0246.162,-611.7916666666666,-36.125,97.0,74.0,98.0
0246.193,-590.8249999999999,-34.733333333333334,96.75,73.9375,98.0
0246.226,-564.5,-33.53333333333334,96.0,73.834375,98.0
0246.267,-529.0,-31.5,97.0,73.70625000000001,98.0
0246.300,-504.2,-29.6,99.9375,73.603125,98.0
0246.332,-485.7166666666667,-28.09166666666667,104.875,73.50312500000001,98.0
0246.364,-472.66666666666663,-26.241666666666667,109.9375,73.403125,98.0
0246.397,-461.27500000000003,-25.8875,110.0,73.3,98.0
0246.430,-456.725,-25.975,105.9375,73.196875,98.0
0246.462,-450.45,-25.753846153846155,103.9375,73.096875,98.0
0246.493,-445.54999999999995,-25.125,102.0,73.0,98.0
0246.535,-435.93333333333334,-23.416666666666664,100.0,73.0,98.0
0246.567,-429.39230769230767,-22.76666666666667,100.0,73.0,98.0
0246.598,-422.9,-23.215384615384615,100.0,73.0,98.0
0246.630,-414.525,-22.73846153846154,99.0,73.0,98.0
0246.664,-406.5166666666667,-25.291666666666664,98.0,73.0,98.0
0246.696,-398.0461538461538,-22.883333333333333,97.0,73.0,98.0
0246.728,-390.425,-21.946153846153848,96.0,73.0,98.0
0246.761,-383.625,-21.146153846153847,95.0,73.0,98.0
0246.803,-373.1,-21.576923076923077,95.0,73.0,98.0
0246.828,-372.2923076923077,-21.791666666666668,95.0,73.0,98.0
0246.870,-362.7692307692308,-20.5,95.0,73.0,98.0
0246.894,-354.9916666666667,-18.53333333333333,95.0,73.0,98.0
0246.934,-339.95,-17.6,96.0,73.0,98.0
0246.965,-332.1,-16.53333333333333,96.0,73.0,98.0
0246.998,-325.17499999999995,-16.25,96.0,73.0,98.0
0247.031,-315.9333333333334,-15.25,95.0,73.0,98.0
0247.064,-300.27777777777777,-14.95,95.0,73.0,98.0
0247.096,-275.87499999999994,-14.78888888888889,95.0,73.0,98.0
0247.128,-253.3,-14.137500000000001,96.6875,73.0,98.0
0247.161,-231.1,-13.891666666666667,102.25,73.0,98.0
0247.194,-218.33846153846156,-13.791666666666668,107.625,72.94246031746032,98.0
0247.226,-213.7,-12.100000000000001,111.0,72.87896825396825,98.0
0247.265,-210.95,-12.592307692307692,108.75,72.8015873015873,98.00000000000001
0247.297,-206.08333333333331,-12.350000000000001,105.75,72.73809523809524,98.0
0247.329,-195.46923076923076,-12.358333333333334,104.0,72.67460317460318,98.0
0247.361,-175.53333333333336,-12.066666666666666,103.0,72.61111111111111,98.0
0247.393,-161.475,-9.092307692307692,101.0,72.54761904761905,98.00000000000001
0247.434,-147.64166666666668,-7.4,100.0,72.46626984126985,98.0
0247.465,-144.025,-6.1499999999999995,99.0,72.4047619047619,98.0
0247.496,-135.53076923076924,-5.95,99.0,72.34325396825398,98.00000000000001
0247.528,-129.75,-6.05,98.0,72.2797619047619,98.0
0247.560,-123.0,-6.607692307692307,97.0,72.21626984126985,98.0
0247.603,-119.5,-7.833333333333333,96.3125,72.13095238095238,98.0
0247.628,-120.73333333333333,-8.916666666666666,96.0,72.08134920634922,98.0
0247.669,-125.0,-8.812500000000002,95.0,72.0,98.0
0247.702,-128.64999999999998,-9.041666666666666,95.0,71.93452380952381,98.0
0247.735,-134.89999999999998,-7.469230769230769,96.0,71.86904761904762,98.0
0247.766,-137.44166666666666,-6.5,96.0,71.80753968253968,98.0
0247.798,-134.8615384615385,-6.8500000000000005,96.0,71.74404761904762,98.0
0247.829,-128.72500000000002,-5.4875,96.0,71.68253968253968,98.0
0247.861,-115.03333333333333,-5.1,97.0,71.61904761904762,98.0
0247.894,-82.66666666666667,-3.8875,97.0,71.55357142857143,98.0
0247.927,-38.93333333333334,-3.0375,96.375,71.48809523809524,98.0
0247.968,18.06153846153846,-1.6250000000000002,97.1875,71.40674603174602,98.0
0248.000,40.766666666666666,-1.3,100.375,71.34325396825398,98.0
0248.032,46.12500000000001,0.1,107.375,71.27976190476191,98.0
0248.063,45.31666666666666,1.2833333333333334,109.0,71.21825396825398,98.0
0248.095,50.66153846153847,2.65,107.875,71.1547619047619,98.0
0248.127,57.9,2.9,105.875,71.09126984126985,98.0
0248.159,69.85,1.3,104.0,71.02777777777779,98.0
0248.201,81.23333333333333,0.09166666666666669,102.25,71.0,98.0
0248.235,86.275,-0.75,101.0,71.0,98.0
0248.269,83.02222222222223,1.2583333333333333,99.0,71.0,98.0
0248.301,81.6,1.2923076923076922,99.0,71.0,98.0
0248.334,79.4,1.123076923076923,98.9375,71.0,98.00000000000001
0248.365,73.13333333333334,0.31666666666666665,98.0,71.0,98.0
0248.397,68.38461538461539,0.7,97.0,71.0,98.0
0248.430,56.66666666666667,-0.7,96.0,71.0,98.0
0248.461,49.26666666666667,0.15000000000000002,96.0,71.0,98.0
0248.493,42.13333333333334,0.35000000000000003,96.0,71.0,98.0
0248.533,38.8,1.0916666666666666,96.0,71.0,98.0
0248.565,36.2,1.25,96.0,71.0,98.0
0248.597,32.3,1.246153846153846,96.0,71.0,98.0
0248.629,33.60909090909091,0.7000000000000001,97.0,71.0,97.99999999999999
0248.661,49.133333333333326,0.2,96.0,71.0,98.0
0248.693,76.58888888888889,1.6583333333333334,96.0,71.0,98.0
0248.727,119.05,5.816666666666666,96.0,71.0,98.0
0248.767,162.84166666666667,11.76153846153846,97.13333333333333,71.0,98.0
0248.800,185.6833333333333,17.125,100.4,71.0,98.0
0248.833,195.88333333333333,21.025,108.625,71.0,98.0
0248.865,197.8818181818182,25.6625,112.0,71.0,98.0
0248.898,195.64999999999998,25.6,110.64705882352942,71.0,98.0
0248.931,189.83333333333331,26.075,108.25,71.0,98.0
0248.963,205.23076923076923,25.1,105.625,71.0,98.0
0248.998,231.45000000000002,25.8,103.4375,71.0,98.0
0249.030,262.725,29.130769230769232,102.4375,71.0,98.0
0249.061,278.5083333333333,35.1,101.5,71.0,98.0
0249.101,278.5833333333333,40.28333333333333,101.0,71.0,98.0
0249.133,269.16666666666663,45.233333333333334,100.0,71.0,98.0
0249.165,269.3,45.838461538461544,98.0,71.0,98.0
0249.199,272.73333333333335,48.630769230769225,97.0,71.0,98.0
0249.232,284.45384615384614,49.90833333333333,96.0,71.0,98.0
0249.264,293.21666666666664,52.56666666666666,96.0,71.0,98.0
0249.297,298.2833333333333,54.925000000000004,96.0,71.0,98.0
0249.328,297.23333333333335,56.24444444444444,96.0,71.0,98.0
0249.359,299.25,56.425,96.0,71.0,98.0
0249.400,288.82500000000005,57.55,95.0,71.0,98.0
0249.433,282.43333333333334,58.525000000000006,95.0,71.0,98.0
0249.467,288.29999999999995,61.4,95.0,71.0,98.0
0249.499,309.04999999999995,65.6,95.0,71.0,98.0
0249.530,343.10833333333335,67.9,96.0,71.0,97.99999999999999
0249.562,379.4,72.0,96.8125,71.0,98.0
0249.594,410.1,78.75384615384615,99.625,71.0,98.00000000000001
0249.634,432.425,87.56923076923077,108.625,71.0,98.0
0249.667,442.875,91.53333333333335,111.375,71.0,98.0
0249.698,440.69230769230774,90.46666666666667,109.6875,71.0,98.0
0249.731,436.54999999999995,89.33333333333334,107.625,71.0,98.0
0249.763,425.16249999999997,86.9,106.0,71.0,98.0
0249.795,415.2,84.6923076923077,104.0,71.0,98.0
0249.828,401.6,82.625,103.0,71.0,98.0
0249.861,389.61538461538464,79.30000000000001,101.5,71.0,98.0
0249.892,382.4916666666667,79.14615384615385,101.0,71.0,98.00000000000001
0249.933,378.75,78.02222222222223,100.0,71.0,98.0
0249.967,384.3333333333333,78.875,99.0,71.0,98.0
0250.001,388.9846153846154,79.05,98.0,71.0,98.0
0250.035,386.96666666666664,80.5,97.0,71.0,98.0
0250.068,380.725,82.57692307692308,96.5625,71.0,98.0
0250.101,371.525,82.96923076923076,96.0,71.0,98.0
0250.133,365.6615384615385,91.59166666666667,96.0,71.0,98.0
0250.167,359.7846153846154,108.0,96.0,71.0,98.0
0250.198,349.51666666666665,126.45384615384614,96.0,71.0,98.0
0250.229,344.5,141.5875,96.0,71.0,98.0
0250.262,340.34444444444443,143.975,95.0,71.0,98.0
0250.294,336.65,140.5,95.0,71.0,98.0
0250.334,345.9,133.83749999999998,95.0,71.0,98.0
0250.365,360.5916666666667,130.34615384615384,96.0,71.0,98.0
0250.398,377.04999999999995,126.55000000000001,100.19999999999999,71.0,98.0
0250.429,388.83076923076925,122.63333333333334,108.0,71.0,98.0
0250.461,387.2416666666667,119.52499999999999,110.0,71.0,98.0
0250.493,379.45,116.16153846153846,109.0,71.0,98.0
0250.533,369.57500000000005,111.33076923076923,106.4375,71.11940298507463,98.0
0250.564,361.2769230769231,106.2,104.5,71.21194029850747,98.0
0250.598,350.05384615384617,101.19999999999999,102.375,71.31343283582089,98.0
0250.629,348.6916666666667,97.64615384615385,101.0,71.40597014925373,98.0
0250.660,343.875,95.57500000000002,100.0,71.49850746268658,98.0
0250.700,337.6666666666667,92.64166666666667,100.0,71.61791044776119,98.0
0250.731,332.5384615384615,90.68333333333334,100.0,71.71044776119403,98.0
0250.762,320.6666666666667,88.08333333333333,98.125,71.80298507462687,98.0
0250.795,307.625,83.02307692307693,97.0625,71.90149253731343,98.0
0250.828,291.27500000000003,79.5,97.0,72.0,98.0
0250.860,280.723076923077,77.25,96.0,72.0,98.0
0250.900,270.25,75.8,95.0,72.0,98.00000000000001
0250.932,261.1875,73.9,95.0,72.0,98.0
0250.963,255.33749999999998,71.13333333333334,95.0,72.0,98.0
0250.995,248.1,66.55000000000001,96.4375,72.0,98.0
0251.027,243.2,64.1,97.0,72.0,98.0
0251.059,241.01666666666665,60.81111111111112,98.0,72.0,98.0
0251.100,252.1,57.65384615384615,98.0,72.0,98.0
0251.132,267.7,55.37499999999999,98.0,72.0,98.0
0251.165,285.09230769230766,55.4,100.125,72.00297619047619,98.0
0251.198,290.4416666666666,55.45384615384616,104.25,72.10119047619048,98.00000000000001
0251.231,285.06666666666666,56.0,111.1875,72.19940476190476,98.00000000000001
0251.264,275.43333333333334,54.8,112.0,72.29761904761904,98.0
0251.297,255.56923076923078,52.1,110.6875,72.39583333333334,98.0
0251.329,229.72499999999997,44.983333333333334,107.6875,72.49107142857142,98.0
0251.360,184.575,33.42307692307692,105.75,72.58333333333333,98.0
0251.392,122.6,18.925,103.75,72.67857142857142,98.0
0251.431,31.825,-3.4250000000000003,102.0,72.79464285714286,98.0
0251.464,-59.337500000000006,-23.35,101.25,72.89285714285715,98.0
0251.496,-134.9,-49.400000000000006,101.0,72.98809523809524,98.0
0251.527,-215.56666666666666,-77.53846153846155,100.3125,73.0,98.0
0251.566,-321.55,-113.875,99.0,73.0,98.0
0251.601,-425.2,-137.45,98.0,73.0,98.0
0251.626,-501.33846153846156,-150.0,98.0,73.0,98.0
0251.669,-593.1666666666667,-158.48749999999998,97.0,73.0,98.0
0251.693,-626.9307692307692,-158.25,96.9375,73.0,98.00000000000001
0251.732,-647.1,-155.55,96.5,73.0,98.0
0251.763,-653.05,-150.13333333333333,97.0,73.0,98.0
0251.794,-644.5625,-139.92307692307693,97.0,73.0,98.0
0251.834,-628.1666666666667,-128.77499999999998,96.0,73.0,98.0
0251.866,-595.6538461538462,-120.31538461538462,96.0,73.0,98.0
0251.897,-550.4076923076923,-115.05000000000001,96.0,73.0,98.0
0251.929,-497.59999999999997,-108.25384615384615,95.40625,73.0,98.0
0251.961,-438.6,-102.13076923076925,97.8125,73.0,98.0
0251.994,-380.84615384615387,-95.76666666666665,101.75,73.0,98.0
0252.034,-331.86923076923074,-88.2,107.4,73.0,98.0
0252.065,-303.9,-82.60000000000001,107.625,73.0,98.0
0252.096,-279.4,-76.025,105.6875,73.0,98.0
0252.127,-254.8846153846154,-70.3,102.75,73.0,98.0
0252.167,-214.7846153846154,-66.56666666666666,100.25,73.0,98.0
0252.198,-183.53333333333336,-63.7,98.0,73.0,98.0
0252.229,-161.43076923076922,-62.38461538461539,97.0,73.0,98.0
0252.260,-152.2,-59.30833333333334,97.5625,73.0,98.00000000000001
0252.300,-149.0923076923077,-54.2,98.0,73.0,98.0
0252.332,-152.08333333333334,-51.61666666666666,97.0,73.0,98.0
0252.364,-154.0,-47.84615384615384,95.9375,73.0,98.0
0252.396,-154.125,-46.68333333333333,95.0,73.0,98.0
0252.429,-153.6,-41.325,95.0,73.0,98.0
0252.461,-146.8,-39.16666666666667,95.0,73.0,98.0
0252.501,-133.86249999999998,-35.475,95.0,73.0,98.0
0252.533,-123.07500000000002,-35.26923076923077,95.0,73.0,98.0
0252.564,-120.0,-32.24999999999999,95.0,73.0,98.0
0252.595,-118.06666666666666,-28.675,95.0,73.0,98.0
0252.627,-121.05,-28.05,95.0,73.0,98.0
0252.660,-104.0,-29.49230769230769,95.0,73.0,98.0
0252.702,-74.5,-30.933333333333337,94.0,73.0,98.0
0252.733,-45.79230769230769,-30.433333333333337,95.0,73.0,98.0
0252.764,-27.03333333333333,-28.4,98.0,73.0,98.0
0252.796,-16.60833333333333,-25.176923076923078,104.0,73.0,98.0
0252.827,-17.716666666666665,-24.933333333333334,108.875,73.0,98.0
0252.867,-20.9,-25.566666666666663,110.5625,73.11607142857142,98.0
0252.899,-26.4,-27.03333333333334,108.5625,73.21130952380952,98.0
0252.930,-22.316666666666666,-26.46666666666667,105.625,73.30357142857143,98.0
0252.962,-24.0875,-26.146153846153847,103.625,73.39880952380952,98.0
0252.994,-22.4,-24.0,101.625,73.49404761904762,98.0
0253.033,-28.408333333333335,-23.7625,100.1875,73.61011904761905,98.0
0253.065,-36.23333333333333,-23.2,100.0,73.70535714285714,98.0
0253.097,-41.625,-23.42222222222222,100.0,73.80059523809524,98.0
0253.130,-40.650000000000006,-23.224999999999998,99.0,73.89880952380953,98.0
0253.163,-43.86923076923077,-24.0,98.0,73.99702380952381,98.0
0253.196,-46.1,-24.783333333333335,97.0,74.0,98.0
0253.228,-45.9,-25.225,96.0,74.0,98.0
0253.262,-45.1,-23.638461538461538,95.0,74.0,98.0
0253.295,-49.12307692307692,-21.85,95.0,74.0,98.0
0253.326,-66.0,-17.641666666666666,95.0,74.0,98.0
0253.368,-87.3,-11.8,95.0,74.0,98.0
0253.400,-100.00833333333333,-9.23076923076923,95.0,74.0,98.0
0253.432,-95.60000000000001,-7.0625,95.0,74.0,98.0
0253.465,-86.24615384615386,-5.925,95.0,74.0,98.0
0253.496,-70.125,-4.4833333333333325,95.0,74.0,98.0
0253.528,-55.6,-3.1769230769230767,95.75,74.0,98.0
0253.560,-43.775,-2.1750000000000003,101.25,74.0,98.0
0253.601,-32.46666666666667,-2.1500000000000004,107.625,74.0,98.0
0253.633,-29.4375,-2.0749999999999997,110.0,74.0,98.0
0253.666,-28.633333333333333,-2.315384615384615,108.625,74.0,98.0
0253.699,-30.741666666666664,-1.8923076923076925,106.5625,74.0,98.0
0253.731,-37.0,-2.0,103.5625,74.0,98.0
0253.763,-41.46666666666667,-1.4666666666666668,102.0,74.0,98.0
0253.797,-44.28333333333333,-2.723076923076923,100.0,74.0,98.0
0253.831,-45.6,-3.8,99.0,74.0,98.0
0253.864,-47.1,-3.283333333333333,99.0,74.0,97.99999999999999
0253.897,-51.238461538461536,-4.991666666666666,98.125,74.0,98.0
0253.929,-54.5,-5.175000000000001,97.125,74.0,98.0
0253.961,-55.141666666666666,-5.933333333333333,96.1875,74.0,98.0
0253.994,-53.858333333333334,-6.25,96.0,74.0,98.0
0254.027,-53.30769230769231,-6.975,95.0,74.0,98.0
0254.068,-56.03846153846154,-6.2,94.0,74.0,98.0
0254.099,-50.6,-6.7,94.5,74.0,98.0
0254.131,-46.31250000000001,-5.8,95.0,74.0,98.0
0254.162,-39.43333333333333,-3.45,95.0,74.0,98.0
0254.193,-36.2,-1.9666666666666668,95.0,74.0654761904762,98.0
0254.232,-30.783333333333335,-1.7666666666666666,95.0,74.18154761904762,98.0
0254.263,-20.833333333333336,-2.653846153846154,95.0,74.27380952380952,98.0
0254.296,-1.9000000000000004,-1.9307692307692308,94.0,74.37202380952381,98.0
0254.328,18.46153846153846,-1.3,95.8125,74.46726190476191,98.0
0254.360,35.6,-0.55,101.625,74.5625,98.0
0254.403,50.28333333333333,-0.41666666666666663,109.0,74.69047619047619,98.0
0254.428,53.766666666666666,1.35,110.0,74.76488095238095,98.0
0254.468,56.323076923076925,3.2,108.4375,74.88392857142857,98.0
0254.499,61.849999999999994,4.3125,106.5,74.97619047619047,98.0
0254.531,63.83333333333333,2.65,104.0,75.0,98.0
0254.563,69.23333333333333,3.3846153846153846,102.5,75.0,98.0
0254.593,72.33333333333334,3.875,100.0,75.0,98.0
0254.632,74.79166666666666,6.441666666666666,99.1875,75.0,98.0
0254.665,74.36666666666666,8.5,99.0,75.0,98.0
0254.698,75.225,9.815384615384616,99.0,75.0,98.0
0254.729,82.69999999999999,12.3,98.0,75.0,98.0
0254.762,89.6,15.033333333333335,97.0,75.0,98.0
0254.795,100.2,17.900000000000002,96.0,75.0,98.0
0254.828,103.1,21.46923076923077,95.0,75.0,98.0
0254.861,103.5,24.4,95.0,75.0,98.00000000000001
0254.894,98.1,23.91111111111111,95.0,75.0,98.00000000000001
0254.934,89.95,22.6,95.0,75.0,98.0
0254.966,83.86923076923077,18.9,95.0,75.0,98.0
0254.998,82.75,19.35,95.0,75.0,98.0
0255.031,92.0,19.546153846153846,95.25,75.0,98.0
0255.063,111.09166666666667,19.75,95.0,75.0,98.0
0255.095,132.0,21.09166666666667,95.0,75.0,98.0
0255.128,147.8,21.75,95.0,75.0,98.0
0255.160,154.0,24.80769230769231,99.4375,75.0,98.0
0255.201,163.8,27.184615384615388,106.125,75.0,97.99999999999999
0255.235,177.02499999999998,30.553846153846152,111.0,75.0,98.00000000000001
0255.269,198.76153846153844,31.700000000000003,109.375,75.0,98.0
0255.294,211.85,32.2375,107.8125,75.0,98.0
0255.335,235.9666666666667,31.825,105.25,75.0,98.0
0255.368,248.66153846153847,33.138461538461534,103.1875,75.0,98.0
0255.399,253.88461538461536,34.96666666666667,101.25,75.0,98.0
0255.432,255.84999999999997,35.31666666666666,100.1875,75.0,98.0
0255.464,264.575,37.44615384615385,100.0,75.0,98.0
0255.496,273.46666666666664,39.475,100.0,75.0,98.0
0255.529,273.1,44.4,99.125,75.0,98.0
0255.560,262.73333333333335,67.85,98.0,75.0,98.0
0255.594,251.2,90.44615384615385,97.0,75.0,98.0
0255.627,238.35,107.925,96.0,75.0,98.0
0255.661,227.76666666666665,110.88333333333334,95.0,75.0,98.0
0255.693,229.6375,103.55,95.0,75.0,98.0
0255.733,246.9,98.5,95.0,75.0,98.0
0255.766,260.6,93.82307692307694,95.6875,75.0,98.0
0255.798,262.03846153846155,91.46923076923076,96.0,75.0,98.0
0255.829,262.2166666666667,89.06666666666666,96.0,75.0,98.0
0255.861,272.79999999999995,86.66923076923077,96.0,75.0,98.0
0255.894,291.57500000000005,84.17692307692309,95.0,75.0,98.00000000000001
0255.926,322.7230769230769,82.85,95.0,75.0,97.99999999999999
0255.965,354.53076923076924,83.15,99.25,75.0,98.0
0255.997,372.7166666666667,83.30000000000001,104.52941176470587,75.0,98.0
0256.029,395.5083333333333,83.99166666666667,110.0,75.0,98.0
0256.062,408.55833333333334,81.46923076923078,109.8,75.0,98.0
0256.094,426.69230769230774,80.91666666666666,107.75,75.0,98.0
0256.134,421.46153846153845,81.0,104.25,75.0,98.0
0256.164,415.375,82.36666666666666,102.375,75.0,98.0
0256.197,404.85,82.84444444444445,100.0,75.0,98.0
0256.229,395.9,82.25555555555556,99.0,75.0,97.99999999999999
0256.262,393.2,80.95833333333333,99.0,75.0,98.0
0256.295,386.33750000000003,80.91666666666666,99.0,75.0,98.0
0256.327,381.6,80.2,98.1875,75.0,98.0
0256.367,360.99999999999994,77.0,97.0,75.0,98.0
0256.399,351.0,73.6625,96.0,75.0,98.0
0256.432,336.0666666666666,69.96249999999999,96.0,75.0,98.0
0256.464,324.29999999999995,68.44999999999999,96.0,75.0,98.0
0256.497,311.7,65.3,96.4,75.0,98.0
0256.530,292.4076923076923,63.40833333333333,97.0,75.0,98.0
0256.562,261.6923076923077,61.15,98.0,75.0,98.0
0256.594,221.64166666666665,61.06666666666666,97.0,75.0,98.0
0256.639,136.7833333333333,58.28333333333333,96.6875,75.0,98.0
0256.665,73.90769230769232,56.958333333333336,96.0,75.0,98.0
0256.697,-9.66923076923077,51.03333333333334,95.0,75.0,98.0
0256.729,-89.75,35.425,94.0,75.0,98.0
0256.763,-163.23333333333332,12.399999999999999,98.125,75.0,98.0
0256.796,-235.52499999999998,-15.075,103.375,75.0,98.0
0256.829,-314.65,-41.30769230769231,109.0,75.0,98.0
0256.861,-395.8615384615385,-66.30000000000001,109.0,75.0,98.0
0256.893,-476.59166666666664,-94.69166666666666,107.8125,75.0,98.00000000000001
0256.926,-562.4416666666666,-124.54166666666666,104.76470588235293,75.0,98.0
0256.965,-659.4250000000001,-152.22307692307692,103.0,75.0,98.0
0256.997,-735.7166666666667,-164.70833333333334,101.0,75.0,98.0
0257.028,-794.7230769230769,-166.65,100.375,75.0,98.0
0257.061,-831.25,-166.8,100.6875,75.0,98.0
0257.092,-841.9916666666667,-165.6846153846154,100.375,75.0,98.0
0257.131,-834.6083333333333,-157.06923076923078,99.9375,75.0,98.0
0257.162,-822.1076923076923,-147.4,98.0,75.0,98.0
0257.194,-810.575,-138.8,98.0,75.0,98.0
0257.228,-799.3,-132.8,97.0,75.0,98.0
0257.259,-778.925,-129.34615384615384,97.0,75.0,98.0
0257.299,-739.5,-125.725,97.0,75.0,98.0
0257.332,-704.5153846153846,-121.775,97.0,75.0,98.0
0257.365,-668.55,-116.32499999999999,97.0,75.0,98.0
0257.397,-626.15,-110.8,97.0,75.0,98.0
0257.430,-570.2,-106.40769230769232,97.0,75.0,98.0
0257.464,-502.8333333333333,-102.45384615384614,97.0,75.0,98.0
0257.497,-447.225,-98.975,96.9375,75.0,98.0
0257.529,-411.9666666666667,-94.28333333333333,97.9375,75.0,98.0
0257.560,-379.6,-91.28461538461539,103.75,75.0,98.0
0257.593,-354.4,-89.05384615384617,107.875,75.0,98.0
0257.633,-329.4384615384615,-85.80000000000001,107.5625,75.0,98.0
0257.664,-313.2692307692308,-81.45,105.625,75.0,98.0
0257.696,-297.35833333333335,-78.325,103.25,75.0,98.0
0257.727,-277.92499999999995,-76.3,100.6875,75.0,98.0
0257.767,-271.41666666666663,-75.65384615384616,98.1875,75.0,98.0
0257.798,-269.63846153846157,-74.74166666666666,98.0,75.0,98.0
0257.829,-269.425,-73.35000000000001,98.0,75.0,98.0
0257.861,-267.25,-73.1,98.0,75.0,98.0
0257.894,-263.25,-69.46153846153845,98.0,75.0,98.0
0257.926,-258.90000000000003,-67.95384615384616,97.25,75.0,98.0
0257.967,-255.4,-65.78333333333333,96.0,75.0,98.0
0258.000,-249.60000000000002,-65.16666666666667,96.0,75.0,98.0
0258.034,-240.17499999999998,-62.284615384615385,95.0,75.0,98.0
0258.066,-232.47692307692307,-60.6125,95.0,75.0,98.0
0258.097,-231.35,-58.5125,95.0,75.0,98.0
0258.129,-231.33333333333331,-57.5,94.0,75.0,98.0
0258.159,-229.7,-56.48888888888889,94.0,75.0,98.0
0258.199,-201.5,-53.66153846153847,94.0,75.0,97.99999999999999
0258.230,-160.72307692307692,-51.90833333333334,94.0,75.0,98.0
0258.262,-111.5,-47.8,94.0,75.0,98.0
0258.293,-75.3,-45.77692307692308,95.6875,75.0,98.0
0258.332,-43.58333333333333,-41.95,101.375,75.0,98.0
0258.364,-32.05384615384615,-41.266666666666666,109.125,75.0,98.0
0258.396,-35.9923076923077,-39.625,109.875,75.0,98.0
0258.428,-52.3,-41.300000000000004,106.875,75.0,98.0
0258.461,-80.1,-43.5125,105.8125,75.0,98.0
0258.501,-116.56666666666666,-49.184615384615384,104.0,75.0,98.0
0258.533,-160.86666666666667,-53.150000000000006,102.3125,75.0,98.0
0258.566,-214.4625,-54.224999999999994,101.0,75.0,98.0
0258.598,-260.84999999999997,-53.28333333333333,100.0,75.0,98.0
0258.631,-285.025,-52.09166666666667,100.0,75.0,98.0
0258.663,-295.5111111111111,-50.516666666666666,100.0,75.0,98.0
0258.694,-300.3769230769231,-46.13333333333333,98.25,75.0,98.0
0258.727,-311.5,-39.06666666666666,97.1875,75.0,98.0
0258.767,-304.9666666666667,-31.825,95.6875,75.0,98.0
0258.798,-287.4666666666667,-29.0875,95.0,75.0,98.0
0258.832,-264.1,-24.861538461538462,95.0,74.99999999999999,98.0
0258.864,-248.91538461538465,-21.53333333333334,95.0,75.0,97.99999999999999
0258.897,-233.89999999999998,-19.733333333333334,95.0,75.0,98.0
0258.929,-203.89999999999998,-19.73333333333333,95.0,75.0,98.0
0258.961,-162.6,-19.169230769230772,95.0,75.0,98.0
0258.994,-115.1222222222222,-16.0,95.0,75.0,98.0
0259.028,-79.8,-14.549999999999999,95.625,75.0,98.0
0259.060,-64.14166666666665,-14.299999999999999,98.25,75.0,98.0
0259.099,-54.5875,-14.3,106.0625,75.0,98.0
0259.132,-53.9125,-13.42222222222222,108.0,75.0,98.0
0259.166,-40.45384615384616,-11.644444444444444,106.75,75.01190476190476,98.00000000000001
0259.200,-10.049999999999999,-10.125,105.0,75.11309523809524,97.99999999999999
0259.234,36.5,-8.6375,103.0,75.21428571428572,98.00000000000001
0259.268,85.5,-4.946153846153846,101.375,75.31547619047619,98.0
0259.301,112.2,0.8249999999999997,100.0,75.41369047619047,98.0
0259.335,122.12307692307692,9.616666666666667,99.0,75.51488095238096,98.0
0259.368,112.89999999999999,16.2,98.125,75.61309523809524,98.0
0259.400,96.41666666666666,18.453846153846154,97.125,75.70833333333334,98.0
0259.431,72.3,17.633333333333333,97.0,75.80059523809524,98.0
0259.462,62.925,18.25,96.0,75.89285714285714,98.0
0259.493,67.30000000000001,22.266666666666666,95.0,75.98511904761905,98.0
0259.532,75.66666666666667,30.675000000000004,95.0,76.0,97.99999999999999
0259.565,78.50000000000001,34.98888888888889,95.0,76.0,98.0
0259.599,65.87692307692308,35.7,95.0,76.0,98.0
0259.632,53.4,32.7,95.0,76.0,98.00000000000001
0259.666,54.35,31.299999999999997,95.0,76.0,98.0
0259.698,72.3,30.93333333333333,95.0,76.0,98.0
0259.730,110.44615384615385,32.12307692307692,94.5,76.0,98.0
0259.763,156.43846153846152,34.800000000000004,95.0,76.0,98.0
0259.795,190.7,37.575,99.125,76.0,98.0
0259.828,202.63333333333335,39.866666666666674,103.875,76.0,98.0
0259.861,204.975,42.253846153846155,109.375,76.0,98.0
0259.894,201.95384615384617,46.300000000000004,113.0,76.0,98.0
0259.934,200.1307692307692,50.175000000000004,111.75,76.0,98.0
0259.965,197.77499999999998,52.59166666666667,108.625,76.0,98.0
0259.997,195.93333333333334,53.2,106.0,76.0,98.0
0260.030,188.90000000000003,56.325,104.0,76.0,98.0
0260.063,187.7,57.550000000000004,103.0,76.0,98.0
0260.096,180.7222222222222,58.175000000000004,102.0,76.0,98.0
0260.130,175.9,59.016666666666666,101.5,76.0,98.0
0260.164,172.225,58.64615384615385,101.0,76.0,98.0
0260.198,167.95,56.315384615384616,99.25,76.0,98.0
0260.229,162.44615384615383,53.225,98.3125,76.0,98.00000000000001
0260.261,153.88333333333333,51.78333333333334,97.3125,76.0,97.99999999999999
0260.301,148.05,51.608333333333334,96.0,76.0,98.0
0260.333,142.36666666666667,51.03333333333333,96.0,76.0,98.0
0260.366,133.89999999999998,48.31666666666666,96.0,76.0,98.0
0260.399,129.3,46.25833333333333,96.0,76.0,98.0
0260.432,145.375,44.791666666666664,96.0,76.0,98.0
0260.465,181.36923076923077,46.36666666666667,96.0,76.0,98.0
0260.497,227.1153846153846,51.1875,96.0,76.0,98.0
0260.527,266.29999999999995,66.28333333333333,96.0,76.06875000000001,98.0
0260.568,288.25,101.70000000000002,97.9375,76.196875,98.0
0260.599,293.5,121.06923076923077,104.75,76.29375,98.0
0260.631,291.44444444444446,134.5,107.75,76.39375,98.0
0260.664,283.9,127.46666666666667,108.0,76.496875,98.0
0260.696,279.2,118.4,105.0625,76.596875,98.0
0260.729,267.975,111.33076923076922,103.0,76.7,98.0
0260.761,263.91538461538465,104.15,102.0,76.8,98.0
0260.802,261.8,100.25,100.4375,76.92812500000001,98.0
0260.828,260.8333333333333,99.6,99.0,77.0,98.0
0260.868,254.3,96.26153846153846,98.0,77.0,98.0
0260.898,247.6,96.08888888888889,98.0,77.0,98.0
0260.929,243.325,94.1625,98.0,77.0,98.0
0260.961,239.03333333333333,93.75,97.0,77.0,98.0
0260.993,224.3,92.39166666666665,96.0,77.0,98.0
0261.033,200.03333333333336,89.1,95.0,77.0,98.0
0261.065,173.04999999999998,83.47692307692307,95.0,77.0,98.0
0261.098,140.47500000000002,76.93076923076924,95.0,77.0,98.0
0261.130,84.68461538461537,68.975,95.0,77.0,98.0
0261.164,21.876923076923077,61.66666666666667,96.0,77.0,98.0
0261.197,-37.99230769230769,51.366666666666674,96.0,77.0,98.0
0261.230,-66.83333333333334,38.4,96.0,77.0,98.0
0261.264,-80.9125,21.776923076923076,96.0,77.0,98.0
0261.297,-96.67500000000001,8.007692307692308,96.0,77.0,98.0
0261.329,-123.44615384615385,-6.625,98.875,77.0,98.0
0261.361,-164.02307692307693,-22.0,103.3125,77.0,98.0
0261.393,-211.20833333333334,-39.0,109.4375,77.0,98.0
0261.431,-267.8666666666667,-57.1,109.13333333333333,77.0,98.0
0261.463,-321.90000000000003,-69.1,108.125,77.0,98.0
0261.496,-374.86923076923074,-82.1,105.0625,77.0,98.0
0261.528,-435.34999999999997,-90.18333333333334,104.0625,77.0,98.0
0261.560,-501.8,-99.73846153846154,102.0,77.0,98.0
0261.601,-572.3666666666667,-107.02307692307691,100.5,77.0,98.0
0261.634,-617.9461538461538,-111.66153846153846,100.0,77.0,98.0
0261.666,-645.875,-115.75,100.0,77.0,98.0
0261.698,-670.3625,-118.58333333333331,99.0,77.0,98.0
0261.731,-688.2,-117.275,98.0,77.0,98.0
0261.763,-700.2,-116.90769230769232,97.375,77.0,98.0
0261.794,-697.6666666666666,-115.47500000000001,97.0,77.0,98.0
0261.825,-695.9999999999999,-111.8875,96.5,77.0,98.0
0261.865,-695.0,-109.20000000000002,96.0,77.0,98.0
0261.896,-693.85,-105.57692307692307,96.0,77.0,98.0
0261.927,-693.9230769230769,-102.47500000000001,96.0,77.0,98.0
0261.968,-677.1769230769232,-100.4375,95.5625,77.0,98.0
0262.001,-644.075,-98.1,95.0,77.0,98.0
0262.033,-607.1,-94.43333333333334,95.0,77.0,98.0
0262.065,-567.5923076923076,-89.53846153846155,96.0,77.0,98.0
0262.096,-535.55,-85.35,98.875,77.0,98.0
0262.128,-508.5,-81.59166666666667,105.875,77.0,98.0
0262.158,-485.85,-75.86923076923077,108.3125,77.0,98.0
0262.199,-452.78333333333336,-68.66153846153847,107.125,77.08928571428571,98.0
0262.232,-422.5230769230769,-64.05833333333334,104.0625,77.1875,98.0
0262.265,-386.95384615384614,-60.31666666666666,102.0,77.28571428571428,98.0
0262.296,-355.75,-58.0625,100.0625,77.37797619047619,98.0
0262.329,-328.1,-56.3375,98.0,77.47619047619048,98.0
0262.361,-296.0923076923077,-53.33333333333333,98.0,77.57142857142857,98.0
0262.402,-263.83333333333337,-48.55384615384616,98.0,77.69345238095238,98.0
0262.434,-243.36666666666667,-46.2,97.4375,77.78869047619048,98.0
0262.465,-233.8,-44.5,96.5,77.88095238095238,98.0
0262.496,-227.7,-42.86153846153846,95.5625,77.97321428571428,98.0
0262.528,-225.10000000000002,-40.866666666666674,94.5625,78.0,98.0
0262.561,-220.6,-38.666666666666664,94.0,78.0,98.0
0262.594,-221.3,-36.366666666666674,94.5625,78.0,98.0
0262.639,-222.1,-35.56666666666667,95.0,78.0,98.0
0262.666,-223.35000000000002,-34.17692307692308,95.0,78.0,98.0
0262.698,-217.65384615384613,-33.71666666666667,96.0,78.0,98.0
0262.729,-202.3,-32.9,95.0,78.0,98.0
0262.761,-169.37499999999997,-30.3875,95.0,78.0,98.0
0262.801,-118.975,-28.366666666666667,95.5,78.0,98.0
0262.834,-83.65555555555555,-26.12307692307692,97.125,78.0,98.0
0262.868,-60.1,-25.0,103.375,78.0,98.0
0262.900,-54.199999999999996,-23.408333333333335,107.6875,78.0,98.0
0262.934,-55.666666666666664,-22.5,109.0,78.0,98.0
0262.967,-59.900000000000006,-21.115384615384617,107.125,78.0,98.0
0262.998,-61.5,-22.05,105.1875,78.0,98.0
0263.032,-65.73333333333333,-21.5,103.0625,78.0,98.0
0263.064,-62.61666666666666,-21.015384615384615,102.0625,78.0,98.0
0263.097,-68.975,-22.3,100.0,78.0,98.0
0263.130,-73.53846153846153,-20.2,100.0,78.0,98.0
0263.162,-84.06666666666666,-19.1625,99.9375,78.0,98.0
0263.194,-92.4,-16.775,99.0,78.00000000000001,98.0
0263.240,-89.56666666666666,-14.625,98.0,78.0,98.0
0263.266,-81.7,-12.88888888888889,97.0,78.0,98.0
0263.298,-67.6,-10.0,96.4375,78.0,98.0
0263.331,-42.8,-4.800000000000001,96.0,78.0,98.0
0263.364,-26.7,-3.3,96.0,78.0,98.0
0263.397,-13.5,-1.411111111111111,95.25,78.0,98.0
0263.430,-9.5,2.3750000000000004,95.0,78.0,98.0
0263.463,-9.6,6.2375,95.0,78.0,98.0
0263.495,3.9666666666666663,9.6,95.0,78.0,98.0
0263.527,32.54615384615384,10.9,95.0,78.0,98.0
0263.568,79.4,11.653846153846153,96.0,78.0,98.0
0263.603,110.25384615384615,14.833333333333334,98.25,78.0,98.0
0263.640,128.43076923076922,18.5,103.8125,78.0,98.0
0263.667,131.4,19.900000000000002,108.625,78.0,98.0
0263.699,136.20000000000002,21.323076923076922,110.0,78.0,98.0
0263.733,136.29166666666666,20.375,107.2,78.0,98.0
0263.766,144.54166666666666,20.16923076923077,105.125,78.0,98.0
0263.798,146.9666666666667,19.2875,103.125,78.0,98.0
0263.830,151.67692307692306,20.0,101.125,78.0,98.0
0263.862,158.04999999999998,19.674999999999997,99.125,78.00000000000001,98.0
0263.894,164.9666666666667,19.066666666666666,98.0,78.0,98.0
0263.933,180.15,17.661538461538463,98.0,78.0,98.0
0263.964,184.2,18.808333333333334,97.75,78.0,98.0
0263.997,191.03333333333333,18.56923076923077,96.6875,78.0,98.0
0264.029,192.175,18.3,95.6875,78.0,98.00000000000001
0264.060,193.6,17.346153846153847,94.75,78.0,98.0
0264.099,191.7076923076923,15.741666666666667,94.0,78.0,98.0
0264.131,203.69230769230768,15.866666666666665,95.0,78.0,98.0
0264.163,205.83333333333331,15.95,95.0,78.0,98.0
0264.195,204.70000000000002,17.3,96.0,78.0,98.0
0264.226,200.08461538461538,18.975,96.625,78.0,98.0
0264.267,186.47692307692307,19.5,96.40625,78.0,98.0
0264.297,193.23333333333335,20.9,95.9375,78.0,98.0
0264.330,209.2,24.233333333333334,95.0,78.0,98.0
0264.363,261.7,28.161538461538463,95.1875,78.0,98.0
0264.395,314.3076923076923,33.96666666666667,97.375,78.0,98.0
0264.426,358.55,37.1,101.375,78.0,98.0
0264.465,376.2,41.9,108.5625,78.0,98.0
0264.497,371.84999999999997,43.22307692307693,109.0,78.0,98.0
0264.529,361.39230769230767,44.416666666666664,106.4375,78.0,98.0
0264.561,346.79999999999995,43.65,105.4375,78.0,98.0
0264.594,332.1,41.4,104.375,78.0,97.99999999999999
0264.626,323.79166666666663,39.599999999999994,101.375,78.0,98.0
0264.667,313.2,39.14615384615385,99.0,78.0,98.0
0264.700,305.7769230769231,39.5,98.0,78.0,98.0
0264.734,289.67499999999995,37.2375,99.0,78.0,98.0
0264.766,274.0666666666667,36.550000000000004,99.0,78.0,98.0
0264.799,256.75,36.71666666666667,98.5625,78.0,98.0
0264.832,248.66923076923075,37.830769230769235,98.0,78.0,98.0
0264.863,245.98333333333332,39.31666666666666,96.5625,78.0,98.0
0264.895,258.0,41.2,96.0,78.0,98.0
0264.928,269.1,43.5,96.0,78.0,98.0
0264.960,275.79999999999995,47.6,96.0,78.0,98.0
0265.001,283.22222222222223,88.16666666666667,97.0,78.0,98.0
0265.033,296.8666666666667,119.24166666666667,97.0,78.0,98.0
0265.064,327.1083333333333,146.7833333333333,97.0,78.0,98.0
0265.095,361.8076923076923,150.53076923076924,96.0,78.0,98.0
0265.128,410.7,150.3,96.0,78.0,98.0
0265.160,457.53333333333336,147.54999999999998,96.0,78.0,98.0
0265.201,484.19166666666666,145.45000000000002,100.8,78.0,98.0
0265.234,484.70833333333337,140.53076923076924,106.0625,78.0,98.0
0265.265,455.45384615384614,135.04615384615383,110.0,78.0,98.0
0265.296,417.70000000000005,127.76666666666668,109.4375,78.0,98.0
0265.328,369.07499999999993,121.64999999999999,107.47058823529412,78.0,98.0
0265.359,318.9,116.6,105.5625,78.0,98.0
0265.400,258.8923076923077,102.45384615384617,104.0,78.0,98.0
0265.432,212.7153846153846,82.43333333333332,102.05882352941177,78.0,98.0
0265.463,168.65,60.599999999999994,101.0625,78.0,98.0
0265.494,129.1,41.3,101.0,78.0,98.0
0265.538,56.224999999999994,11.850000000000001,101.0,78.0,98.0
0265.566,10.32222222222222,-3.5750000000000006,99.625,78.0,98.0
0265.598,-44.95,-19.35,99.0,77.99999999999999,98.0
0265.630,-95.61666666666667,-31.5375,98.625,78.0,98.00000000000001
0265.662,-150.73333333333335,-41.03076923076923,97.66666666666666,78.0,98.0
0265.694,-209.52222222222224,-48.833333333333336,97.0,78.0,98.0
0265.735,-273.2,-60.9,97.0,78.0,98.0
0265.767,-325.16666666666663,-71.38333333333333,97.0,78.0,98.0
0265.797,-375.1333333333333,-83.23333333333333,97.0,78.0,98.0
0265.829,-431.8333333333333,-94.83333333333333,96.1875,78.0,98.0
0265.860,-482.55,-102.0,96.0,78.0,98.0
0265.899,-528.5,-106.6,96.0,78.0,98.0
0265.930,-559.0166666666667,-107.975,96.0,78.0,98.0
0265.961,-584.9692307692308,-107.95,98.0625,78.0,98.0
0265.993,-612.7,-109.35,101.1875,78.0,98.0
0266.033,-643.1307692307691,-111.75,107.125,78.0,98.0
0266.063,-672.8,-112.6,110.0,78.0,98.0
0266.095,-691.275,-111.24615384615385,108.5625,78.0,98.0
0266.126,-700.4692307692308,-110.55,104.625,78.0,98.0
0266.167,-699.6777777777778,-107.21666666666668,103.0,78.0,98.0
0266.199,-693.025,-105.05833333333332,101.0625,78.0,98.0
0266.232,-688.5250000000001,-103.62499999999999,99.0,78.0,98.0
0266.264,-682.5,-100.9,99.0,78.0,98.0
0266.297,-672.0384615384617,-98.21538461538461,99.0,78.0,98.0
0266.330,-657.9875000000001,-93.5846153846154,99.0,78.0,98.0
0266.362,-637.6,-89.7,97.875,78.0,98.0
0266.395,-616.8,-84.7,96.8125,78.0,98.0
0266.427,-587.1,-79.1,96.0,78.0,98.0
0266.460,-556.3,-73.9,95.0,78.0,98.0
0266.501,-510.1333333333333,-67.46666666666667,95.0,78.0,98.0
0266.533,-466.2166666666667,-62.69166666666666,95.0,78.0,97.99999999999999
0266.565,-421.25,-59.7,95.0,78.0,98.0
0266.596,-365.2076923076923,-56.3875,95.0,78.0,98.0
0266.627,-302.47499999999997,-52.166666666666664,95.0,78.0,98.0
0266.667,-191.57500000000002,-44.175000000000004,94.0,78.0,98.0
0266.699,-115.82499999999999,-38.530769230769224,95.0,78.0,98.0
0266.732,-48.93333333333334,-33.1,96.25,78.0,98.0
0266.763,-6.633333333333335,-27.866666666666667,102.375,78.0,98.0
0266.797,35.83333333333333,-22.741666666666664,106.625,78.0,98.0
0266.830,64.29166666666666,-17.4,108.0,78.0,98.0
0266.862,94.35384615384615,-12.207692307692309,106.625,77.99999999999999,97.99999999999999
0266.894,118.04615384615386,-9.633333333333333,103.625,78.0,98.0
0266.925,143.76666666666668,-8.866666666666667,101.6875,78.0,98.0
0266.965,157.75,-8.95,100.0,78.0,98.0
0266.996,162.70833333333334,-7.322222222222223,99.0,78.0,98.0
0267.029,157.44615384615383,-4.65,99.0,78.0,98.0
0267.061,153.825,-2.8,99.0,78.0,98.0
0267.094,146.0,-3.3,98.125,78.0,98.0
0267.127,135.5625,-3.375,97.0625,78.0,98.0
0267.166,128.15,-3.6333333333333333,96.0,78.0,98.0
0267.199,112.01666666666667,-2.5999999999999996,96.0,78.0,98.0
0267.231,101.55384615384615,-3.392307692307692,96.0,78.0,98.0
0267.263,85.78571428571428,-5.507142857142858,96.0,78.0,98.0
0267.296,59.56666666666666,-7.3,96.0,78.0,98.0
0267.328,22.5,-10.215384615384615,96.5,78.0,98.0
0267.360,-18.761538461538464,-13.3,97.0,78.0,98.0
0267.399,-61.03076923076923,-22.353846153846156,96.0,78.0,98.0
0267.431,-82.6,-29.8,96.0,78.0,98.0
0267.463,-102.94999999999999,-35.975,95.0625,78.0,98.0
0267.494,-123.73846153846154,-37.86153846153846,96.875,78.0,98.0
0267.526,-145.9625,-40.20833333333333,100.75,77.99999999999999,98.0
0267.567,-187.80833333333334,-42.325,109.875,78.0,98.0
0267.600,-233.33333333333331,-45.0875,112.0,78.0,98.0
0267.632,-273.4666666666667,-48.5,111.0,78.0,98.0
0267.664,-305.3,-48.2,107.5,78.0,98.0
0267.696,-318.875,-51.3,106.0,78.0,98.0
0267.728,-327.6333333333333,-50.03333333333333,104.0,78.0,98.0
0267.761,-339.25,-47.7,102.4375,78.0,98.0
0267.799,-349.025,-46.48461538461539,101.0625,78.0,98.0
0267.831,-346.65,-43.24999999999999,100.0625,78.0,98.0
0267.861,-343.6,-42.4,100.0,78.0,98.0
0267.894,-333.6,-38.6,98.125,78.0,98.0
0267.926,-333.7076923076923,-34.42307692307692,97.0,78.0,98.0
0267.965,-335.20769230769224,-29.41,95.0,78.0,98.0
0267.997,-332.79166666666663,-25.56153846153846,95.0,78.0,98.0
0268.030,-330.3833333333333,-24.28333333333333,95.0,78.0,98.0
0268.062,-323.43333333333334,-22.1,95.0,78.0,98.0
0268.093,-321.2166666666667,-22.533333333333335,96.0,78.0,98.0
0268.134,-302.3076923076923,-23.2,96.0,78.0,98.0
0268.166,-275.79999999999995,-22.35,95.11764705882354,78.0,98.0
0268.197,-235.6,-22.5,95.0,78.0,98.0
0268.229,-193.525,-19.75384615384615,95.0,78.0,98.0
0268.261,-153.1,-17.407692307692308,96.3125,78.0,98.0
0268.300,-117.0,-17.11111111111111,103.9375,78.0,98.0
0268.332,-96.3,-16.7,108.3125,78.0,98.0
0268.365,-90.66666666666667,-16.0,108.625,78.0,98.0
0268.398,-88.76923076923077,-15.600000000000001,106.5625,78.0,98.0
0268.430,-90.63333333333334,-13.666666666666668,104.5625,78.0,98.0
0268.463,-87.96666666666667,-13.966666666666669,102.5,78.0,98.0
0268.497,-83.2,-13.633333333333333,101.375,78.0,98.0
0268.528,-82.37692307692308,-13.855555555555556,100.0,78.0,98.00000000000001
0268.559,-84.99230769230769,-12.992307692307692,100.0,78.0,98.0
0268.600,-90.01538461538462,-12.016666666666667,99.0,78.0,98.0
0268.633,-87.01666666666667,-11.383333333333333,98.875,78.0,98.0
0268.666,-90.19999999999999,-11.49230769230769,97.8125,78.0,98.0
0268.699,-93.51666666666667,-10.26923076923077,96.0,78.0,98.0
0268.730,-96.94615384615386,-11.05,96.0,78.0,98.0
0268.762,-99.8,-9.5,96.0,78.0,98.0
0268.794,-108.50833333333333,-6.3538461538461535,95.8125,78.0,98.0
0268.828,-125.83846153846153,-4.388888888888889,95.0,78.0,98.0
0268.861,-143.14999999999998,-0.575,95.0,78.0,98.0
0268.901,-143.35,3.4333333333333336,95.0,78.0,98.0
0268.933,-113.925,6.983333333333333,95.0,78.0,98.0
0268.964,-72.4375,10.338461538461539,95.0,78.0,98.0
0268.995,-35.2,14.5,95.0,78.0,98.0
0269.026,-9.316666666666666,15.55,97.375,78.0,98.0
0269.069,11.884615384615383,17.1,103.125,78.0,98.0
0269.100,42.75,18.133333333333333,109.3125,78.0,98.0
0269.132,70.0,27.53333333333333,110.0,78.0,98.0
0269.163,92.16923076923077,33.7,107.75,78.0,98.0
0269.195,92.76923076923076,39.04166666666667,105.75,78.0,98.0
0269.229,91.06666666666668,36.6,104.625,78.0,98.0
0269.262,92.83333333333334,33.6,101.5625,78.0,98.0
0269.295,98.13333333333334,30.792307692307695,100.5,78.0,98.0
0269.327,111.5,31.033333333333335,100.0,78.0,98.0
0269.368,122.1,32.357142857142854,99.0,78.0,98.0
0269.401,126.6,33.45,98.0,78.0,98.0
0269.439,128.7125,34.224999999999994,97.5,78.0,98.0
0269.464,131.03076923076924,34.233333333333334,96.9375,78.0,98.0
0269.495,125.23333333333335,36.1,96.0,78.0,98.0
0269.526,122.56666666666666,35.53333333333333,95.0,78.0,98.0
0269.567,104.7,36.45,96.0,78.0,98.0
0269.599,96.52307692307691,35.37692307692308,96.0,78.0,98.0
0269.633,86.93333333333334,35.791666666666664,96.0,78.0,98.0
0269.665,77.13333333333334,37.35,96.375,78.0,98.0
0269.696,78.83333333333333,37.266666666666666,96.0,78.0,98.0
0269.727,90.03846153846155,35.87692307692308,95.0,78.0,98.0
0269.760,121.26666666666665,36.49166666666667,95.0,78.0,98.0
0269.794,160.5,37.9,95.6875,78.0,98.0
0269.826,198.35,40.9,100.375,78.0,98.0
0269.867,238.45,46.7875,107.75,78.00000000000001,98.0
0269.898,265.89230769230767,50.12307692307692,112.0,78.0,98.00000000000001
0269.930,294.8769230769231,55.475,111.8125,78.0,98.0
0269.962,322.56666666666666,58.0,107.8125,78.0,98.0
0269.997,347.55,59.45,105.625,78.0,98.0
0270.030,356.9,62.330769230769235,103.5625,78.0,98.0
0270.063,350.25,69.60833333333333,101.0,78.0,98.0
0270.095,343.2833333333333,86.55,100.0,78.0,98.0
0270.127,329.075,97.61666666666666,100.0,78.0,98.0
0270.167,312.23333333333335,105.4,100.0,78.0,98.0
0270.200,291.10769230769233,91.33846153846154,98.9375,78.0,98.0
0270.233,257.225,77.21666666666665,97.875,78.0,98.0
0270.265,214.33333333333334,65.16666666666667,97.0,78.0,98.0
0270.297,168.57500000000002,49.141666666666666,96.0,78.0,98.0
0270.331,123.46923076923078,35.51538461538462,96.0,78.0,98.0
0270.364,84.46923076923078,22.975,96.0,78.0,98.0
0270.398,29.49230769230769,11.983333333333333,96.0,78.0,98.0
0270.429,-26.46666666666667,-0.19999999999999973,96.0,78.0,98.0
0270.461,-78.18461538461538,-10.515384615384615,96.0,78.0,98.0
0270.499,-129.3111111111111,-21.638461538461538,96.0,78.0,98.0
0270.531,-153.5,-26.2,96.0,78.0,97.99999999999999
0270.562,-173.425,-30.925000000000004,96.0,78.0,98.0
0270.594,-197.51666666666665,-35.93333333333333,97.75,78.0,98.0
0270.626,-236.56153846153848,-45.5375,104.25,78.0,98.0
0270.667,-304.17499999999995,-57.541666666666664,109.3125,78.0,98.0
0270.699,-365.1333333333333,-62.8,109.6875,78.0,98.0
0270.732,-419.5,-65.5,107.625,78.0,98.0
0270.764,-466.62307692307695,-66.30769230769232,104.625,78.0,98.0
0270.797,-497.18461538461537,-67.3,102.5625,78.0,98.0
0270.829,-521.8,-68.75833333333333,101.5625,78.0,98.0
0270.860,-538.125,-70.125,100.0,78.0,98.0
0270.899,-553.3666666666667,-69.82499999999999,100.0,78.0,98.0
0270.931,-556.5777777777778,-69.2076923076923,99.0,78.0,98.0
0270.963,-555.75,-68.78333333333333,98.1875,78.0,98.0
0270.995,-550.6375,-64.975,98.0,78.0,98.0
0271.026,-540.6,-61.56923076923077,96.25,78.0,98.0
0271.067,-519.1,-57.96153846153847,96.0,78.0,98.0
0271.098,-501.8666666666667,-56.2,95.0,78.0,98.0
0271.128,-483.6916666666666,-54.825,95.0,78.0,98.0
0271.159,-464.2083333333333,-52.175,95.0,78.0,98.0
0271.200,-436.49999999999994,-48.675,95.0,78.0,98.0
0271.232,-392.9769230769231,-43.84444444444444,95.0,78.0,98.0
0271.264,-326.6,-39.8,95.0,78.0,98.0
0271.297,-230.6,-34.35,95.0,78.0,98.0
0271.328,-138.3846153846154,-30.983333333333334,95.0,78.0,98.0
0271.360,-58.35000000000001,-27.33076923076923,97.25,78.0,98.0
0271.399,8.666666666666668,-23.6,104.1875,78.0,98.0
0271.430,33.53333333333333,-19.55,108.0,78.0,98.0
0271.462,59.54166666666667,-16.091666666666665,109.0,78.0,98.0
0271.496,92.79230769230769,-11.692307692307693,105.875,78.0,98.0
0271.529,117.41666666666667,-7.216666666666667,103.8125,78.0,98.0
0271.562,146.99166666666665,-2.6166666666666667,101.75,78.0,98.00000000000001
0271.594,157.91666666666666,0.7250000000000001,100.0,78.0,97.99999999999999
0271.627,156.77692307692308,2.85,99.0,78.0,98.0
0271.669,145.65555555555557,3.861538461538462,99.0,78.0,98.0
0271.699,139.7875,5.253846153846155,99.0,78.0,98.0
0271.731,124.13333333333334,3.7,98.0,78.0,98.0
0271.763,98.15,-1.1166666666666667,97.1875,78.0,98.0
0271.794,58.91666666666666,-7.266666666666666,97.0,78.0,98.0
0271.826,7.2,-14.200000000000003,96.0,78.0,98.0
0271.859,-45.57692307692307,-22.415384615384617,96.0,78.0,98.0
0271.899,-125.87692307692309,-31.2,96.0,78.0,98.0
0271.931,-194.80833333333334,-36.58333333333333,96.0,78.0,98.0
0271.964,-266.9416666666666,-38.983333333333334,96.0,78.0,98.0
0271.998,-321.2,-39.5,96.0,78.0,98.0
0272.030,-351.6,-40.9,96.0,78.0,98.0
0272.063,-366.45,-40.3,96.0,78.0,98.0
0272.096,-367.0,-42.7,96.0,78.0,98.0
0272.128,-359.9375,-43.62307692307692,98.25,78.0,98.0
0272.161,-351.4769230769231,-44.03333333333333,102.375,78.0,98.0
0272.193,-340.34999999999997,-44.78333333333333,107.375,78.0,98.0
0272.233,-316.73333333333335,-40.675,111.0,78.0,98.0
0272.264,-297.46666666666664,-37.6,109.875,78.0,98.0
0272.295,-274.776923076923,-33.800000000000004,105.9375,78.0,98.0
0272.327,-253.2,-30.05,104.9375,78.0,98.0
0272.359,-238.10833333333332,-25.574999999999996,101.9375,78.0,98.0
0272.401,-230.55,-23.6,100.3125,78.0,98.0
0272.433,-227.6,-20.975,99.3125,78.0,98.0
0272.465,-210.37692307692308,-18.953846153846154,99.0,78.0,98.0
0272.496,-172.225,-16.025000000000002,99.0,78.0,98.0
0272.528,-120.375,-13.933333333333334,98.0,78.0,98.0
0272.560,-69.36666666666666,-11.984615384615385,97.0,78.0,98.0
0272.592,-34.4375,-9.125,96.0,78.0,98.0
0272.634,-7.144444444444445,-4.25,96.0,78.0,98.0
0272.666,4.7875,-0.9125000000000001,97.0,78.0,98.0
0272.698,14.4,1.4333333333333333,97.0,78.0,98.0
0272.729,22.315384615384612,3.6615384615384614,98.0,78.0,98.0
0272.760,30.174999999999997,5.038461538461539,97.875,78.0,98.0
0272.794,56.81666666666666,6.633333333333333,97.0,78.0,98.0
0272.826,84.10000000000001,7.966666666666667,96.75,78.0,98.0
0272.868,113.69999999999999,10.466666666666665,96.0,78.0,98.0
0272.893,122.99166666666666,12.461538461538462,97.4375,78.0,98.0
0272.932,121.45833333333333,15.150000000000002,105.625,78.0,98.0
0272.964,118.93076923076924,16.5,109.75,78.0,98.0
0272.995,113.85,16.75,111.0,78.0,98.0
0273.026,105.03076923076924,17.211111111111112,108.25,78.0,98.0
0273.066,93.26666666666667,15.0,105.75,78.0,98.0
0273.098,82.93333333333334,12.866666666666667,103.75,78.0,98.0
0273.130,80.9,9.975000000000001,101.75,78.0,98.0
0273.162,81.5875,10.615384615384617,100.0,78.0,98.0
0273.196,81.86666666666667,10.684615384615384,99.625,78.0,98.00000000000001
0273.228,77.875,13.0,99.0,78.0,98.0
0273.261,70.98333333333333,14.3,98.0,78.0,98.0
0273.293,58.65833333333333,17.823076923076922,97.5,78.0,98.0
0273.333,49.33846153846154,21.1,96.0,78.0,98.0
0273.367,45.95,25.346153846153847,95.0,78.0,98.0
0273.399,47.175000000000004,27.833333333333336,95.0,78.0,98.0
0273.431,56.22307692307692,30.3,95.125,78.0,98.0
0273.462,69.31538461538462,33.12222222222222,96.0,78.0,98.0
0273.494,80.85,37.525000000000006,96.0,77.99702380952381,98.0
0273.539,88.9,44.06666666666666,95.125,77.86309523809524,98.00000000000001
0273.568,98.15,48.5,95.0,77.77678571428572,98.0
0273.601,124.05000000000001,51.47500000000001,94.0,77.67857142857143,98.0
0273.634,155.39230769230767,55.63333333333333,94.0,77.58035714285714,98.0
0273.666,193.60769230769233,58.8,95.8125,77.48511904761904,98.0
0273.698,216.23076923076925,74.8625,100.4375,77.38988095238096,98.0
0273.730,233.0,91.0,110.4375,77.29464285714286,98.0
0273.763,244.5,109.0,113.875,77.19642857142857,98.0
0273.794,249.89166666666665,117.34166666666667,114.1875,77.10416666666666,98.0
0273.834,245.70000000000002,111.37272727272727,109.375,77.0,98.0
0273.865,239.4,105.83333333333334,105.75,77.0,97.99999999999999
0273.896,231.75384615384615,100.89230769230768,102.8125,77.0,98.0
0273.928,230.49999999999997,98.85384615384615,101.0,77.0,98.0
0273.959,239.53846153846155,97.1,101.0,77.0,98.0
0274.000,266.8,92.35384615384615,101.0,77.0,98.0
0274.031,278.23846153846154,88.92499999999998,100.4375,77.0,98.0
0274.062,267.8,86.0,98.5,77.0,98.0
0274.093,241.44444444444443,83.03846153846155,97.5625,77.0,98.0
0274.133,200.8,78.375,95.0,77.0,98.0
0274.165,178.77777777777777,72.80000000000001,94.0625,77.0,98.0
0274.197,161.9,65.83333333333334,94.0,77.0,98.0
0274.229,144.725,56.725,95.0,77.0,98.0
0274.261,125.83333333333334,48.266666666666666,95.0,77.0,97.99999999999999
0274.299,103.51111111111112,35.223076923076924,96.0,77.0,98.0
0274.330,70.8,23.05,95.75,77.0,98.00000000000001
0274.363,23.299999999999997,6.3,95.0,77.0,98.0
0274.395,-26.012500000000003,-6.6875,93.0,77.0,98.0
0274.426,-61.4,-16.2,93.3125,77.0,98.0
0274.466,-70.075,-21.2375,98.625,77.0,98.0
0274.497,-77.05,-22.6,104.25,77.0,98.0
0274.528,-107.725,-25.999999999999996,110.0625,77.0,98.0
0274.561,-168.6769230769231,-34.96153846153846,113.0,77.0,98.0
0274.594,-225.04615384615386,-42.638461538461534,111.1875,77.0,98.0
0274.627,-257.3,-48.96666666666667,109.0,77.0,98.0
0274.669,-261.76666666666665,-49.98333333333333,109.0,77.0,98.0
0274.693,-254.76666666666668,-50.00769230769231,108.0,77.0,98.0
0274.735,-274.31666666666666,-49.36666666666667,102.75,77.0,98.0
0274.767,-300.7,-46.5,99.375,77.0,98.0
0274.801,-310.06666666666666,-40.233333333333334,99.75,77.0,98.0
0274.836,-280.29999999999995,-31.430769230769236,101.0,77.0,98.0
0274.861,-245.55,-27.1,101.5625,77.0,98.0
0274.901,-235.97499999999997,-23.199999999999996,98.125,77.0,98.00000000000001
0274.933,-249.24166666666665,-22.161538461538463,95.0,77.0,98.0
0274.966,-252.47500000000002,-21.007692307692306,94.0,77.0,98.00000000000001
0275.000,-214.0,-15.7,95.375,77.0,98.0
0275.032,-158.15384615384616,-6.3076923076923075,98.1875,77.0,98.0
0275.064,-125.7923076923077,2.138461538461539,98.8125,77.0,97.99999999999999
0275.097,-119.00833333333334,8.638461538461538,95.80000000000001,77.0,98.0
0275.129,-130.28333333333333,8.766666666666666,93.75,77.0,98.0
0275.162,-128.21666666666667,9.633333333333333,93.0,77.0,98.0
0275.196,-105.14444444444443,10.907692307692308,93.4375,77.0,98.0
0275.229,-50.0,13.7,94.5,77.0,98.0
0275.262,2.6,16.8,96.125,77.0,98.0
0275.295,41.0,20.3,100.25,77.0,98.0
0275.328,73.1,25.23076923076923,105.0625,77.0,98.0
0275.361,93.05,28.925,109.0,77.0,98.0
0275.394,117.15,33.8,109.0,77.0,98.0
0275.429,143.5,34.3,106.9375,77.0,98.0
0275.462,162.5,37.0,105.88235294117648,77.0,98.0
0275.495,185.52307692307693,36.99230769230769,102.75,77.0,98.0
0275.529,203.5222222222222,39.56153846153847,99.75,77.0,98.0
0275.562,229.29166666666666,41.0,97.6875,77.0,98.0
0275.596,277.1333333333333,44.21666666666667,96.0,77.0,98.0
0275.630,339.675,48.650000000000006,96.5625,77.0,98.0
0275.662,392.2769230769231,52.46153846153846,98.5625,77.0,98.0
0275.694,414.30000000000007,55.28333333333334,99.0,77.0,98.0
0275.727,407.03333333333336,55.71666666666667,98.375,77.0,98.0
0275.761,379.04999999999995,50.625,93.5,77.0,98.0
0275.793,345.53846153846155,44.40769230769231,91.25,77.0,98.0
0275.833,304.6666666666667,34.4,90.0,77.00000000000001,98.00000000000001
0275.865,239.8625,28.15,90.25,77.0,98.0
0275.898,156.8125,21.9125,92.3125,77.0,98.0
0275.929,61.511111111111106,13.725,94.0,77.0,98.0
0275.961,-25.733333333333334,1.7846153846153845,95.0,77.0,98.0
0276.002,-112.125,-18.53333333333333,95.0,77.0,98.0
0276.033,-170.85,-30.349999999999998,94.25,77.0,98.0
0276.067,-220.91666666666669,-38.666666666666664,94.0,77.0,98.0
0276.099,-256.5769230769231,-41.3,96.75,77.0,98.0
0276.132,-286.28333333333336,-42.266666666666666,101.8125,77.0,98.0
0276.164,-305.7,-41.95,107.9375,77.0,98.0
0276.197,-318.375,-39.6,108.0,77.0,98.0
0276.231,-317.79230769230765,-39.176923076923075,104.875,77.0,98.0
0276.263,-310.3833333333333,-36.430769230769236,102.875,77.0,98.0
0276.295,-294.7153846153846,-33.55555555555556,100.0,77.0,98.0
0276.334,-275.325,-31.500000000000004,99.0,77.0,98.0
0276.367,-259.875,-31.183333333333334,99.0,77.0,97.99999999999999
0276.400,-249.2,-29.807692307692307,100.6875,77.0,98.0
0276.432,-239.08461538461538,-30.008333333333333,101.0,77.0,98.0
0276.465,-231.86666666666667,-27.69166666666667,101.0,77.0,98.0
0276.497,-223.21666666666667,-26.166666666666668,99.25,77.0,98.0
0276.529,-216.0923076923077,-25.307692307692307,98.25,77.0,98.0
0276.560,-193.5333333333333,-22.933333333333334,97.0,77.0,98.0
0276.599,-157.225,-19.816666666666666,96.0,77.0,98.0
0276.631,-131.21666666666667,-16.75,96.0,77.0,98.0
0276.662,-123.70769230769231,-13.837499999999999,95.0,77.0,98.0
0276.701,-125.96153846153845,-12.76923076923077,94.5,77.0,98.0
0276.733,-127.0923076923077,-12.407692307692308,94.0,77.0,98.0
0276.765,-113.0,-10.666666666666668,94.0,77.0,98.0
0276.797,-83.77499999999999,-8.608333333333333,94.0,77.0,98.0
0276.829,-46.73333333333334,-5.230769230769231,94.0,77.0,98.0
0276.861,-9.546153846153846,-1.3384615384615384,96.5,77.0,98.0
0276.895,11.925,2.1333333333333333,101.25,77.0,98.0
0276.926,15.124999999999998,4.3,106.125,77.0,98.0
0276.965,14.391666666666666,6.925,108.0,77.0,98.0
0276.996,23.955555555555556,8.083333333333332,106.125,77.0,98.0
0277.027,39.1,10.7,103.125,77.0,98.0
0277.060,56.4,12.5,102.0,77.0,98.0
0277.101,59.0,14.7,101.0,77.0,98.0
0277.133,47.184615384615384,16.441666666666666,101.0,77.0,98.0
0277.166,35.353846153846156,17.146153846153847,100.4375,77.0,98.0
0277.198,31.25,17.975,99.0,77.00000000000001,98.00000000000001
0277.230,31.7,16.599999999999998,98.0,77.00000000000001,98.0
0277.263,42.0,17.275,97.0,77.0,98.0
0277.296,57.11538461538461,19.73846153846154,97.0,77.0,98.0
0277.330,83.0,23.83076923076923,96.0,77.0,98.0
0277.362,103.275,28.549999999999997,95.0,77.0,98.0
0277.401,133.9333333333333,35.7,95.0,77.0,98.0
0277.433,149.4,40.60769230769231,95.0,77.0,98.0
0277.465,164.1,46.06153846153846,95.0,77.0,98.0
0277.497,173.45,48.366666666666674,96.0,77.0,98.0
0277.528,177.3375,48.8,96.0,77.0,98.0
0277.560,191.7375,47.983333333333334,96.0,77.0,98.0
0277.600,216.43333333333334,45.8,96.0,77.0,98.0
0277.631,229.54615384615386,45.75000000000001,96.6875,77.0,98.0
0277.663,235.90769230769232,42.6,101.0625,77.0,98.0
0277.695,221.875,37.611111111111114,107.0625,77.0,98.0
0277.727,185.10000000000002,29.533333333333335,111.375,77.0,98.0
0277.767,122.65,15.175,112.8125,77.0,98.0
0277.798,67.99999999999999,-1.3000000000000003,110.75,77.0,98.0
0277.831,15.576923076923077,-16.9,107.8125,77.0,98.0
0277.864,-38.6,-29.83076923076923,105.75,77.0,98.0
0277.896,-96.99166666666667,-39.849999999999994,103.75,77.0,98.0
0277.928,-152.6,-47.199999999999996,103.0,77.0,98.0
0277.961,-208.8615384615385,-53.44615384615385,102.0,77.0,98.0
0277.995,-265.9666666666667,-59.425,101.5625,77.0,98.0
0278.028,-330.06666666666666,-64.725,100.5,77.0,98.0
0278.061,-404.6307692307692,-70.55,99.0,77.0,98.0
0278.093,-473.05,-75.16666666666667,98.4375,77.0,98.0
0278.133,-542.0375,-81.70769230769231,97.0,77.0,98.0
0278.166,-582.1875,-84.4625,96.875,77.0,98.0
0278.198,-613.9,-87.9,96.0,77.0,98.00000000000001
0278.229,-642.5333333333333,-88.75384615384615,97.0,77.0,98.0
0278.261,-672.6461538461539,-87.48333333333335,97.0,77.0,98.0
0278.301,-704.325,-88.98333333333333,96.0,77.0,98.0
0278.333,-707.3,-87.08888888888889,95.0,77.0,98.0
0278.365,-693.8,-86.80000000000001,95.0,77.0,98.0
0278.398,-663.5615384615385,-83.33076923076923,95.0,77.0,98.0
0278.430,-623.45,-79.61538461538461,95.625,77.0,98.0
0278.463,-582.2,-75.63333333333334,101.375,77.0,98.0
0278.495,-535.6916666666666,-70.41666666666667,105.375,77.0,98.0
0278.527,-493.4307692307693,-66.4,107.0,76.91964285714286,98.0
0278.567,-444.6,-61.95384615384616,104.8125,76.80059523809524,98.00000000000001
0278.600,-407.7,-60.099999999999994,102.75,76.70238095238095,98.0
0278.634,-373.95,-56.7125,99.625,76.60119047619048,98.0
0278.666,-338.2692307692308,-54.45,98.625,76.50595238095238,98.0
0278.698,-307.23333333333335,-51.733333333333334,98.0,76.41071428571428,98.0
0278.731,-278.6666666666667,-47.650000000000006,98.0,76.3125,98.0
0278.764,-255.86666666666667,-44.0,98.0,76.21428571428572,98.0
0278.797,-228.76153846153846,-40.733333333333334,97.0,76.11607142857143,98.0
0278.829,-202.2923076923077,-38.76923076923077,96.0,76.02083333333333,98.0
0278.862,-171.46666666666667,-38.266666666666666,95.0,76.0,98.0
0278.893,-141.55,-37.800000000000004,94.4375,76.0,98.0
0278.932,-102.6,-34.4,94.0,76.0,98.0
0278.964,-74.15384615384615,-30.208333333333336,94.0,76.0,98.0
0278.996,-62.68333333333333,-25.761538461538464,95.0,76.0,98.0
0279.027,-50.575,-22.133333333333333,95.0,76.0,98.0
0279.068,-28.9,-18.48333333333333,96.0,76.0,98.0
0279.101,7.433333333333334,-14.683333333333334,96.0,76.0,98.0
0279.132,41.525,-10.133333333333333,96.0,76.0,98.0
0279.163,76.46666666666667,-5.484615384615385,96.0,76.0,98.0
0279.197,102.26666666666665,1.0666666666666667,98.5625,76.078125,98.0
0279.232,124.0,6.375,103.5,76.1875,98.0
0279.263,144.08461538461538,10.776923076923076,109.6875,76.284375,98.0
0279.294,155.41666666666666,14.476923076923077,109.375,76.38125,98.0
0279.334,163.45833333333331,16.315384615384616,106.0,76.50625,98.0
0279.366,163.26666666666665,17.1,104.875,76.60625,98.0
0279.398,157.60000000000002,16.125,102.875,76.70625,98.0
0279.431,152.62307692307692,18.96923076923077,100.0,76.809375,98.0
0279.462,144.08333333333334,18.833333333333332,100.0,76.90625,98.0
0279.494,141.825,16.9375,100.0,77.0,98.0
0279.526,137.1,16.25,99.0,77.0,98.00000000000001
0279.568,133.3,12.799999999999999,99.0,77.0,98.0
0279.601,127.43333333333334,12.777777777777779,97.1875,77.0,98.0
0279.640,123.30000000000001,14.5,96.75,77.0,98.0
0279.666,118.8875,16.700000000000003,96.0,77.0,98.0
0279.698,110.15,17.6,96.0,77.0,98.0
0279.730,100.1,16.9,95.1764705882353,77.0,98.0
0279.761,88.225,16.93333333333333,95.8125,77.0,98.0
0279.794,79.125,13.166666666666666,96.0,77.0,98.0
0279.826,65.51666666666667,11.45,97.0,77.0,98.0
0279.867,54.65384615384615,8.308333333333334,97.0,77.0,98.0
0279.899,56.825,8.223076923076924,97.0,77.0,98.0
0279.932,61.5,5.258333333333333,97.0,77.0,98.0
0279.965,66.225,2.358333333333333,98.5625,77.0,98.0
0279.999,55.39230769230769,-0.15,105.0625,77.0,98.0
0280.032,35.25833333333333,-2.566666666666667,109.5,77.0,98.0
0280.065,8.491666666666667,-5.3625,111.0,77.0,98.0
0280.097,-22.71666666666667,-12.1,108.375,77.0,98.0
0280.128,-53.96153846153846,-17.6,106.25,77.0,98.0
0280.168,-96.55384615384615,-26.807692307692307,102.75,77.0,98.0
0280.200,-150.725,-30.623076923076923,101.0,77.0,98.0
0280.232,-210.66666666666669,-36.25,99.0,77.0,98.0
0280.263,-273.7,-40.300000000000004,99.0,77.0,98.0
0280.294,-324.3076923076923,-44.0076923076923,99.0,77.0,98.0
0280.335,-387.6,-46.392307692307696,98.0,77.0,98.0
0280.367,-427.15,-46.916666666666664,97.25,77.0,98.0
0280.400,-460.15000000000003,-49.83333333333333,97.0,77.0,98.0
0280.432,-486.93749999999994,-52.1375,96.0,77.0,98.0
0280.464,-518.0923076923077,-53.022222222222226,96.0,77.0,98.0
0280.495,-545.6500000000001,-54.525,96.75,77.0,98.0
0280.527,-572.2833333333333,-53.68333333333334,97.0,77.0,98.0
0280.560,-592.4888888888889,-53.28333333333333,97.0,77.0,98.0
0280.602,-602.5769230769231,-53.607692307692304,97.0,77.0,98.0
0280.634,-592.5916666666666,-52.93333333333333,96.0,77.0,98.0
0280.666,-565.4,-48.96666666666666,95.0,77.0,98.0
0280.697,-525.2333333333333,-44.56666666666666,94.375,77.0,98.0
0280.730,-491.9307692307692,-38.599999999999994,95.4375,77.0,98.0
0280.763,-456.4416666666666,-34.88461538461539,98.0,77.0,98.0
0280.795,-429.73333333333335,-33.5,105.0,77.0,98.0
0280.827,-398.5153846153846,-31.65833333333333,107.5,77.0,98.0
0280.868,-345.9125,-28.749999999999996,106.9375,77.0,98.0
0280.899,-312.40000000000003,-25.4,105.0,77.0,98.0
0280.931,-289.84166666666664,-21.176923076923078,103.0,77.0,98.0
0280.962,-267.525,-17.1375,102.0,77.0,98.0
0280.993,-245.70833333333334,-14.575,100.125,77.0,98.0
0281.033,-214.23076923076923,-12.066666666666668,100.0,77.0,98.0
0281.064,-184.99166666666667,-11.658333333333333,100.0,77.0,98.0
0281.096,-163.5,-9.433333333333334,99.6875,77.0,98.0
0281.129,-146.39999999999998,-7.066666666666667,99.0,77.0,98.0
0281.161,-144.33846153846153,-4.369230769230769,98.0,77.0,98.0
0281.193,-132.3125,-3.8000000000000003,97.0,77.0,98.0
0281.235,-108.3,-3.076923076923077,97.0,77.0,98.0
0281.269,-85.65,-1.8666666666666667,97.0,77.0,98.0
0281.293,-74.93333333333334,0.4923076923076923,97.625,77.0,98.0
0281.332,-69.13846153846154,5.2,99.0,77.0,98.0
0281.365,-73.24166666666666,9.476923076923077,99.0,77.0,98.0
0281.398,-64.40833333333333,12.216666666666667,98.8125,77.0,98.0
0281.429,-32.849999999999994,14.808333333333334,96.875,77.0,98.0
0281.460,3.5307692307692315,17.407692307692308,95.0,77.0,98.0
0281.501,66.65555555555557,22.566666666666666,95.625,77.0,98.0
0281.534,90.175,28.074999999999996,99.375,77.0,98.0
0281.566,96.95833333333331,31.883333333333333,104.0625,77.0,98.0
0281.597,97.58461538461538,33.675000000000004,109.625,77.0,98.0
0281.630,103.34615384615385,35.025,109.3125,77.0,98.0
0281.663,113.6,35.150000000000006,107.25,77.0,98.0
0281.696,122.5,37.238461538461536,105.1875,77.0,98.0
0281.728,123.61666666666667,37.475,104.1875,77.0,98.0
0281.760,120.72222222222223,38.91666666666667,102.1875,77.0,98.0
0281.799,110.63076923076923,39.166666666666664,100.75,77.0,98.0
0281.830,107.56666666666668,39.6,100.0,77.0,98.0
0281.863,114.07499999999999,41.625,99.75,77.0,98.0
0281.895,134.68333333333334,42.474999999999994,98.75,77.0,98.0
0281.927,152.8153846153846,43.849999999999994,97.0,77.0,98.0
0281.960,172.43333333333334,47.1,96.0,77.0,98.0
0282.000,184.16666666666666,48.69230769230769,94.1875,77.0,98.0
0282.031,178.3625,49.375,94.0,77.0,98.0
0282.063,172.75,49.8,94.0,77.0,98.0
0282.094,162.83846153846156,48.5,94.0,77.0,98.0
0282.126,162.4,47.315384615384616,95.0,77.0,98.0
0282.167,168.66666666666669,47.8,96.0,77.00000000000001,98.00000000000001
0282.199,183.55833333333334,49.125,96.0,77.0,98.0
0282.231,210.5923076923077,52.483333333333334,95.75,77.0,98.0
0282.263,242.39999999999998,58.56666666666666,95.0,77.0,98.0
0282.295,266.29999999999995,62.4625,95.25,77.0,98.0
0282.326,277.425,66.15,98.375,77.0,98.0
0282.367,272.1666666666667,66.7,104.5,77.0,98.0
0282.398,261.325,67.375,108.6470588235294,77.0,98.0
0282.429,251.56666666666666,66.75384615384615,108.375,77.0,98.0
0282.461,244.95000000000002,67.6923076923077,106.375,77.0,98.0
0282.500,236.3,67.09166666666667,104.9375,77.0,98.0
0282.533,233.025,67.99166666666666,101.875,76.99999999999999,97.99999999999999
0282.565,230.09230769230768,67.2,100.0,77.0,98.0
0282.598,227.56153846153848,66.7,99.0,77.0,98.0
0282.631,228.375,65.99230769230769,98.0,77.0,98.0
0282.662,234.35000000000002,66.26666666666667,98.0,77.0,97.99999999999999
0282.692,239.73333333333335,66.35,98.0,77.0,98.0
0282.733,241.37692307692308,66.80000000000001,97.0,77.0,98.0
0282.766,235.36153846153846,65.96666666666667,96.3125,77.0,98.0
0282.798,231.0,66.1,96.0,77.0,98.0
0282.832,225.54999999999998,62.675,96.0,77.0,98.0
0282.865,226.7846153846154,61.412499999999994,96.0,77.0,98.0
0282.896,230.0,59.8,96.0,77.0,98.0
0282.927,226.45,59.5,96.0,77.0,98.0
0282.959,222.0,61.175000000000004,96.0,77.0,98.0
0282.999,240.33333333333337,58.2,96.0,77.0,98.0
0283.031,266.8923076923077,57.525000000000006,95.0,77.0,98.0
0283.064,314.87777777777774,54.24545454545455,95.0,77.0,98.0
0283.096,346.4,54.875,96.33333333333334,77.0,98.0
0283.130,358.3,56.366666666666674,99.875,77.0,98.0
0283.160,355.8461538461538,57.108333333333334,104.625,77.0,98.0
0283.200,341.4666666666667,55.900000000000006,109.8125,77.00000000000001,98.0
0283.233,322.48461538461544,54.27777777777778,109.125,77.0,98.0
0283.266,297.23333333333335,53.284615384615385,107.0625,77.0,98.0
0283.297,263.47499999999997,50.075,106.0,77.0,98.0
0283.328,215.54166666666666,46.574999999999996,104.1875,77.0,98.0
0283.367,144.1153846153846,39.737500000000004,101.75,77.0,98.0
0283.400,85.69999999999999,32.6,101.0,77.0,98.0
0283.433,28.900000000000002,21.233333333333334,101.0,77.0,98.0
0283.465,-22.325,7.258333333333333,101.0,77.0,98.0
0283.498,-79.34444444444446,-8.35,100.0,77.0,98.0
0283.530,-130.875,-21.923076923076927,99.5625,77.0,98.0
0283.561,-169.4125,-35.516666666666666,98.625,77.0,98.0
0283.601,-225.9,-50.7,97.125,77.0,98.0
0283.632,-268.325,-62.733333333333334,97.0,77.0,98.0
0283.666,-325.4333333333334,-72.4,96.0,77.0,98.0
0283.697,-381.04999999999995,-79.375,96.0,77.0,98.0
0283.729,-432.5076923076923,-86.525,96.0,77.0,98.0
0283.762,-479.25,-91.7,96.0,77.0,98.0
0283.795,-507.85,-96.65,95.0,77.0,98.0
0283.827,-522.5333333333333,-98.78333333333333,95.0,76.99703264094956,98.0
0283.873,-518.0999999999999,-97.625,95.0,76.86053412462908,98.0
0283.897,-508.65,-95.98461538461538,95.4375,76.78931750741839,98.0
0283.928,-493.0,-93.06666666666666,97.375,76.6973293768546,97.99999999999999
0283.960,-474.7625,-90.23333333333333,101.75,76.60237388724036,98.0
0284.002,-454.0,-85.86666666666667,109.0,76.47774480712167,98.0
0284.026,-449.0125,-82.25384615384615,109.0,76.40652818991097,98.0
0284.066,-446.53333333333336,-75.53333333333333,105.125,76.28783382789317,98.0
0284.097,-447.2230769230769,-71.5,103.125,76.19584569732937,98.0
0284.129,-446.0333333333333,-67.6,102.125,76.10089020771514,98.0
0284.161,-442.78333333333336,-64.3625,100.0,76.00593471810089,98.0
0284.194,-438.7307692307692,-62.212500000000006,99.0,76.00000000000001,98.0
0284.226,-431.9769230769231,-58.22222222222223,99.0,76.0,98.0
0284.268,-415.23333333333335,-54.875,100.0,76.0,98.0
0284.298,-400.075,-51.21111111111111,99.0,76.0,98.0
0284.329,-380.15,-45.891666666666666,98.5625,76.0,98.0
0284.359,-362.96923076923076,-41.0,97.6875,76.0,98.0
0284.399,-353.4230769230769,-34.625,97.0,76.0,98.0
0284.431,-347.09999999999997,-31.24615384615384,97.0,76.0,98.0
0284.463,-344.6333333333334,-30.166666666666664,96.0,76.0,98.0
0284.495,-337.94166666666666,-28.216666666666665,96.0,76.0,98.0
0284.528,-331.7692307692308,-25.483333333333334,96.0,76.0,98.0
0284.560,-327.275,-24.861538461538462,95.0,76.0,98.0
0284.592,-321.3,-23.7,95.0,76.0,98.0
0284.633,-296.45000000000005,-26.15,94.5625,76.0,98.0
0284.664,-260.77500000000003,-27.15,94.0,76.0,98.0
0284.695,-208.66250000000002,-24.744444444444444,95.3125,76.0,98.0
0284.726,-164.40833333333333,-22.433333333333334,98.5,76.0,98.0
0284.765,-120.275,-15.35833333333333,104.375,76.0,98.0
0284.798,-86.44166666666666,-9.925,109.75,76.0,98.0
0284.831,-55.11538461538461,-5.341666666666667,110.0,76.0,98.0
0284.865,-22.738461538461536,-1.5846153846153845,107.0625,76.0,98.0
0284.898,-10.666666666666668,0.7666666666666667,105.0,76.0,98.0
0284.930,-0.8,3.75,104.0,76.0,98.0
0284.962,7.669230769230769,4.983333333333333,101.0,76.0,98.0
0284.993,13.153846153846155,5.730769230769231,100.0,76.0,98.0
0285.034,11.8,6.1,99.0,76.0,98.0
0285.065,6.574999999999999,6.999999999999999,99.0,76.0,98.0
0285.098,0.5111111111111106,6.824999999999999,97.5,76.0,98.0
0285.130,-0.8999999999999999,5.966666666666667,96.5,76.0,98.0
0285.162,-3.5125,5.1,96.0,76.0,98.0
0285.195,-9.05,4.7,95.0,76.0,98.0
0285.227,-14.444444444444445,4.233333333333333,95.0,76.0,98.0
0285.266,-17.53076923076923,2.4615384615384617,95.0,76.0,98.0
0285.298,-20.733333333333334,1.1615384615384614,95.0,76.0,98.0
0285.330,-24.375,2.075,95.0,76.0,98.0
0285.363,-24.615384615384613,1.9,96.0,76.0,98.0
0285.395,-17.215384615384615,2.684615384615385,96.0,76.0,98.0
0285.428,-0.9250000000000007,3.3692307692307693,95.0,76.0,98.0
0285.462,27.71666666666667,3.8166666666666664,95.0,76.0,98.0
0285.493,55.766666666666666,5.6923076923076925,95.0,76.0,98.0
0285.526,88.33333333333334,7.366666666666667,96.25,76.0,98.0
0285.559,120.33333333333334,9.0,99.625,76.0,98.0
0285.601,149.60833333333335,12.299999999999999,108.875,76.0,98.0
0285.639,163.80769230769232,15.55,110.0,76.0,98.0
0285.673,171.4,18.177777777777777,107.5625,76.0,98.0
0285.699,181.39999999999998,18.45,105.9375,76.0,98.0
0285.734,199.5,20.1,103.0,76.0,98.0
0285.766,216.675,20.85,101.6875,76.0,98.0
0285.799,224.95555555555558,21.4,100.625,76.0,98.0
0285.832,232.20000000000002,22.49230769230769,100.0,75.99999999999999,98.0
0285.865,238.76666666666668,21.60769230769231,100.0,76.0,98.0
0285.897,252.925,24.275000000000002,99.5,76.0,98.0
0285.930,262.5846153846154,26.224999999999998,98.4375,76.0,98.0
0285.962,262.57692307692304,28.707692307692305,97.47058823529412,76.0,98.0
0285.996,255.77499999999998,30.625,96.0,76.0,98.0
0286.030,246.60000000000002,31.800000000000004,95.0,76.0,98.0
0286.063,234.03076923076927,31.6,95.0,76.0,98.0
0286.097,230.5,31.255555555555556,95.0,76.0,98.0
0286.130,226.27692307692308,31.11111111111111,95.0,76.0,98.0
0286.162,225.14999999999998,31.062500000000004,95.0,76.0,98.0
0286.194,221.5,30.9,95.0,76.0,98.0
0286.228,213.65,28.51538461538462,95.0,76.0,98.0
0286.269,218.92307692307693,27.06153846153846,95.0,76.0,98.0
0286.300,234.10000000000002,25.83333333333333,95.0,76.0,98.0
0286.331,262.55,25.8,96.0,76.0,98.0
0286.364,285.45384615384614,27.25,98.25,76.0,98.0
0286.397,283.9666666666667,28.56923076923077,105.0625,76.0,98.0
0286.430,264.20000000000005,27.75,108.75,76.0,98.0
0286.461,237.175,27.125,109.3125,76.0,98.0
0286.501,208.1,24.5,106.8125,76.0,98.0
0286.532,190.78333333333333,22.522222222222222,104.875,76.0,98.00000000000001
0286.564,167.08333333333334,17.95,102.875,76.0,98.0
0286.596,144.60000000000002,12.341666666666667,101.0,76.0,98.0
0286.628,120.22307692307692,6.2666666666666675,100.0,76.0,98.0
0286.660,96.9,-0.425,100.0,76.0,98.0
0286.700,64.35,-9.823076923076924,100.0,76.0,98.0
0286.731,28.35833333333333,-16.95,99.0,76.0,98.0
0286.763,-8.7,-23.566666666666666,98.0,76.0,98.0
0286.796,-55.2923076923077,-30.0,96.375,76.0,98.0
0286.829,-95.53846153846155,-35.41538461538462,96.0,76.0,98.0
0286.861,-131.70000000000002,-39.35,96.0,76.00000000000001,98.0
0286.894,-172.03333333333333,-42.85,96.0,76.0,98.0
0286.927,-211.5,-46.4,95.0,76.0,98.00000000000001
0286.960,-263.05,-49.855555555555554,96.0,76.0,98.0
0287.000,-332.03333333333336,-56.176923076923075,96.0,76.0,98.0
0287.032,-390.07500000000005,-58.9,96.0,76.0,98.0
0287.065,-436.95,-62.016666666666666,96.0,76.0,98.0
0287.098,-463.3666666666667,-63.03846153846154,96.0,76.0,98.0
0287.131,-476.1666666666667,-62.8,95.0,76.0,98.0
0287.163,-487.3285714285714,-63.04615384615385,96.0,76.0,98.0
0287.195,-501.9666666666667,-61.800000000000004,101.6875,75.92559523809524,98.00000000000001
0287.229,-513.9923076923078,-63.46666666666666,107.375,75.82440476190476,97.99999999999999
0287.264,-524.9222222222222,-64.59166666666667,110.875,75.7202380952381,98.0
0287.296,-534.0583333333333,-64.8,109.125,75.625,98.0
0287.327,-534.75,-64.2,107.1875,75.5327380952381,98.0
0287.368,-530.0625,-62.083333333333336,103.625,75.41071428571428,98.0
0287.400,-517.5500000000001,-61.349999999999994,102.0,75.31547619047619,98.0
0287.432,-502.57500000000005,-60.90833333333333,101.0,75.22023809523809,98.0
0287.465,-488.1,-57.988888888888894,100.0,75.12202380952381,98.0
0287.497,-471.4,-51.925000000000004,100.0,75.02678571428572,98.0
0287.527,-444.5,-46.81666666666666,100.0,75.0,98.0
0287.567,-408.82307692307694,-42.675,99.1875,75.0,98.0
0287.600,-361.9833333333333,-38.64615384615385,97.125,75.0,98.0
0287.631,-321.79999999999995,-35.86153846153846,96.1764705882353,75.0,98.0
0287.663,-270.55833333333334,-31.063636363636363,96.0,75.0,98.0
0287.696,-214.6,-26.0,95.0,75.0,98.0
0287.729,-159.10000000000002,-24.65,95.0,75.0,98.0
0287.761,-110.1625,-20.79230769230769,95.0,75.0,98.0
0287.793,-63.025,-17.53333333333333,95.0,75.0,98.0
0287.835,-3.025,-9.625000000000002,95.0,75.0,98.0
0287.868,54.39999999999999,-5.5125,95.0,75.0,98.0
0287.900,109.56666666666668,-0.6615384615384616,95.0,75.0,98.0
0287.934,172.86666666666667,3.4,96.0,75.0,98.0
0287.968,210.07500000000002,7.116666666666666,97.9375,75.0,98.0
0288.003,234.1625,10.450000000000001,105.375,75.0,98.0
0288.028,247.26666666666668,12.892307692307693,108.6875,75.0,98.0
0288.061,258.8666666666667,18.166666666666668,110.0,75.0,98.0
0288.094,267.44615384615383,23.166666666666668,107.1875,75.0,98.0
0288.128,271.48333333333335,24.766666666666666,105.0625,75.0,98.0
0288.162,272.625,23.115384615384613,101.9375,75.0,98.0
0288.195,265.1333333333333,21.34166666666667,100.0,75.0,97.99999999999999
0288.227,260.025,21.950000000000003,100.0,75.0,98.0
0288.259,253.03333333333333,22.1,100.0,75.0,98.0
0288.299,247.70769230769235,24.6,99.375,75.0,98.0
0288.332,240.625,24.36923076923077,98.3125,75.0,98.0
0288.364,231.8,25.0,97.3125,75.0,98.0
0288.397,228.5,22.1,96.25,75.0,98.0
0288.430,223.6222222222222,23.2,96.0,75.0,98.0
0288.461,218.54166666666666,21.65,96.0,75.0,98.0
0288.500,207.60833333333332,23.3,95.8125,75.0,98.0
0288.532,199.26666666666668,22.5,95.0,75.0,98.0
0288.565,192.56666666666666,22.6,96.0,75.0,98.0
0288.598,183.62307692307692,20.7,96.0,75.0,98.0
0288.632,174.5,20.03333333333333,96.0,75.0,98.0
0288.665,173.65,19.56923076923077,96.0,75.0,98.0
0288.697,190.925,20.33846153846154,95.0,75.0,98.0
0288.728,221.3,21.8,95.4375,75.0,98.0
0288.767,262.13076923076926,23.53333333333333,97.875,75.0,98.0
0288.800,277.83333333333337,23.5,105.8125,75.0,98.0
0288.833,281.03333333333336,25.246153846153845,111.0,75.0,98.0
0288.865,272.5125,25.6125,112.0,75.0,98.0
0288.896,270.825,24.84166666666667,109.0625,75.0,98.0
0288.928,272.23333333333335,25.415384615384614,107.0625,75.0,98.0
0288.961,267.7375,25.6,104.0,75.0,98.0
0288.994,269.5375,26.96666666666667,102.0,75.0,98.0
0289.027,264.875,31.325000000000003,100.875,75.0,98.0
0289.066,257.3,29.85,100.0,75.0,98.0
0289.097,240.5,29.675000000000004,100.0,75.0,98.0
0289.128,227.95,24.746153846153845,99.5625,75.0,98.0
0289.159,211.83333333333337,25.3,98.625,75.0,98.0
0289.199,187.10769230769233,24.90833333333333,97.0,75.0,98.0
0289.230,152.75384615384615,23.6,96.0,75.0,98.0
0289.262,113.05,20.130769230769232,96.0,75.0,98.0
0289.295,70.8,16.3125,95.0,75.0,98.0
0289.327,38.792307692307695,7.4,95.0,75.0,98.0
0289.360,1.1500000000000012,1.3,95.9375,75.0,98.0
0289.400,-49.06666666666667,-7.641666666666666,96.0,75.0,98.0
0289.431,-90.63333333333334,-14.853846153846153,96.0,75.0,98.0
0289.463,-124.33333333333333,-23.333333333333332,96.0,75.0,98.0
0289.494,-140.6153846153846,-27.999999999999996,96.0,75.0,98.0
0289.534,-160.60000000000002,-33.116666666666674,96.0,74.99999999999999,98.0
0289.566,-174.70000000000002,-36.69230769230769,97.8125,75.0,98.0
0289.599,-196.65,-42.016666666666666,105.625,75.0,98.0
0289.632,-219.42499999999998,-47.199999999999996,109.875,75.0,98.0
0289.666,-251.15384615384613,-50.59166666666667,110.9375,75.0,98.0
0289.699,-277.8666666666667,-54.96153846153847,108.875,75.0,98.0
0289.733,-301.3166666666666,-55.746153846153845,106.75,75.0,98.0
0289.764,-314.25,-57.5,103.8125,75.0,98.0
0289.795,-327.7230769230769,-58.108333333333334,102.86666666666666,75.0,98.0
0289.828,-345.5666666666667,-58.15,100.75,75.0,98.00000000000001
0289.860,-362.23846153846154,-56.77499999999999,100.0,75.0,98.0
0289.901,-382.58333333333337,-53.849999999999994,100.0,75.0,98.0
0289.933,-398.35,-53.17777777777778,99.0,75.0,98.0
0289.965,-413.6,-53.8,98.1875,75.0,98.0
0289.999,-426.24615384615385,-54.8,97.0,75.0,98.0
0290.033,-428.625,-55.85,96.0,75.0,98.0
0290.066,-428.1375,-53.98461538461538,96.0,75.0,98.0
0290.097,-425.1666666666667,-51.0923076923077,96.0,75.0,98.0
0290.128,-415.0153846153846,-46.3125,96.0,75.0,98.0
0290.159,-405.26923076923083,-42.7125,96.0,75.0,98.0
0290.199,-373.90000000000003,-38.675,96.0,75.0,98.0
0290.232,-323.2,-36.3,95.0,75.0,98.0
0290.264,-251.40833333333336,-33.50833333333333,95.0,75.0,98.0
0290.295,-179.94615384615383,-28.200000000000003,95.0,75.0,98.0
0290.327,-115.26666666666665,-22.961538461538463,96.375,75.0,98.0
0290.367,-64.4,-15.446153846153846,99.75,75.0,98.0
0290.400,-23.0,-10.05,107.8125,75.0,98.0
0290.434,7.574999999999999,-4.633333333333333,110.0,75.0,98.0
0290.466,36.23846153846154,0.8333333333333333,107.9375,75.0,98.0
0290.499,53.275000000000006,4.646153846153846,105.875,75.0,97.99999999999999
0290.531,74.0,5.9,103.875,75.0,98.0
0290.563,94.35555555555557,6.324999999999999,101.875,75.0,98.0
0290.594,108.1,7.266666666666667,100.9375,75.0,98.0
0290.635,118.85,11.523076923076923,100.0,75.0,98.0
0290.668,121.0,15.415384615384614,100.0,75.0,98.0
0290.699,125.1,18.05,100.0,75.0,98.0
0290.730,127.20769230769233,19.975,99.0,75.0,98.0
0290.762,121.26666666666667,21.687500000000004,98.0,75.0,98.0
0290.794,113.4,23.533333333333335,97.0,75.0,98.0
0290.833,111.38461538461539,24.325,96.0,75.0,98.0
0290.866,110.39999999999999,23.541666666666664,96.0,75.0,98.0
0290.898,110.43846153846154,23.35,96.0,75.0,98.0
0290.930,100.16666666666667,23.238461538461536,96.0,75.0,98.0
0290.963,89.08333333333333,23.23076923076923,96.0,75.0,98.0
0290.995,69.925,21.9,96.0,75.0,98.0
0291.028,65.86923076923077,19.28333333333333,96.0,75.0,98.0
0291.061,68.16666666666667,16.753846153846155,96.0,75.0,98.0
0291.094,81.45,14.3,96.0,75.0,98.0
0291.139,95.11666666666667,13.361538461538462,99.5625,75.0,98.0
0291.169,96.11111111111111,9.3,104.1875,75.0,98.0
0291.201,81.74999999999999,6.130769230769231,111.0625,75.0,98.0
0291.234,60.46666666666667,0.7500000000000001,111.875,75.0,98.0
0291.267,25.0,-5.824999999999999,108.8125,75.0,98.0
0291.300,-0.4,-11.058333333333334,106.75,75.0,98.0
0291.334,-26.325,-17.944444444444443,105.625,75.0,98.0
0291.366,-62.43333333333334,-24.8,102.625,75.0,98.0
0291.398,-99.65384615384616,-29.758333333333333,101.625,75.0,98.0
0291.430,-140.69166666666666,-35.03846153846154,100.625,75.0,98.0
0291.462,-173.45,-38.050000000000004,100.0,75.0,98.0
0291.494,-204.125,-39.675,99.625,75.0,98.0
0291.535,-232.70833333333331,-40.58333333333333,98.0625,75.0,98.0
0291.568,-252.73076923076923,-40.55833333333334,97.0,75.0,98.0
0291.601,-259.93333333333334,-40.46923076923077,96.0,75.0,98.0
0291.633,-257.42499999999995,-40.20769230769231,96.0,75.0,98.0
0291.667,-254.25,-39.1,96.0,75.0,98.0
0291.701,-247.7,-37.2875,96.0,75.0,98.0
0291.734,-240.7,-35.1375,96.0,75.0,98.0
0291.767,-230.4,-31.822222222222223,96.0,75.0,98.0
0291.799,-210.04615384615383,-25.775,96.0,75.0,98.0
0291.832,-169.5076923076923,-21.650000000000002,95.0,75.0,98.0
0291.867,-104.0,-15.55,95.0,75.0,98.0
0291.900,-47.075,-10.453846153846154,95.76470588235294,75.0,98.0
0291.934,-0.012500000000000178,-4.875,100.76470588235294,75.0,98.0
0291.968,25.266666666666666,0.9333333333333333,106.125,75.0,98.0
0292.003,35.69230769230769,6.716666666666668,111.0,75.0,98.0
0292.028,39.55833333333333,7.769230769230768,110.1875,75.0,98.0
0292.062,40.7,8.4,108.0625,75.0,98.0
0292.097,37.733333333333334,8.275,105.875,75.0,98.0
0292.131,34.53076923076924,9.175,103.75,75.0,98.0
0292.163,25.849999999999998,10.450000000000001,101.75,75.0,98.00000000000001
0292.195,17.046153846153846,12.011111111111111,100.75,75.0,97.99999999999999
0292.227,7.392307692307692,9.741666666666665,100.0,75.0,98.0
0292.261,-6.523076923076923,11.116666666666667,100.0,75.0,97.99999999999999
0292.301,-23.749999999999996,9.85,99.0,75.0,98.0
0292.334,-32.746153846153845,11.792307692307693,97.0625,75.0,98.0
0292.365,-34.475,14.775000000000002,97.0,75.0,98.0
0292.399,-35.43333333333334,20.0,96.0,75.0,98.0
0292.432,-33.48461538461538,25.4,95.0,75.0,98.0
0292.465,-35.141666666666666,29.092307692307692,95.0625,75.0,98.0
0292.498,-32.6,29.68888888888889,96.0,75.0,98.0
0292.530,-25.433333333333334,29.85,96.125,75.0,98.00000000000001
0292.562,-15.853846153846153,31.5125,97.0,75.0,98.0
0292.594,5.074999999999999,34.3,97.0,75.0,98.0
0292.635,45.025,37.616666666666674,96.0,75.0,98.0
0292.665,78.6,38.66666666666667,95.4375,75.0,98.0
0292.698,116.52222222222221,43.36666666666667,95.0,75.0,98.0
0292.731,162.2875,49.61538461538461,98.375,75.0,98.0
0292.763,203.64999999999998,56.02307692307693,103.0625,75.0,98.0
0292.797,245.1125,62.3,109.8125,75.0,98.0
0292.830,274.3666666666667,65.1,111.0,75.0,98.0
0292.863,284.8833333333333,66.51538461538462,110.0625,75.0,98.0
0292.896,286.45,65.68461538461538,107.0,75.0,98.0
0292.929,286.85,65.7,105.9375,75.0,97.99999999999999
0292.963,284.4230769230769,63.5375,103.8125,75.0,98.00000000000001
0292.994,278.4,61.20833333333333,102.0,75.0,98.0
0293.033,261.2,59.76923076923077,100.4375,75.0,98.0
0293.065,239.16666666666669,58.26153846153846,100.0,75.0,98.0
0293.097,214.55384615384617,56.246153846153845,99.4375,75.0,98.0
0293.129,196.13333333333333,53.825,98.4375,75.0,98.0
0293.160,174.16666666666666,48.50769230769231,97.5,75.0,98.0
0293.202,130.76666666666665,39.6,96.0,75.0,98.0
0293.226,99.2,35.43333333333334,96.0,75.0,98.0
0293.267,45.266666666666666,24.833333333333336,96.0,75.0,98.0
0293.298,5.369230769230768,17.833333333333336,95.875,75.0,98.0
0293.331,-24.383333333333333,7.55,95.0,75.0,98.0
0293.364,-68.59166666666665,-2.0153846153846153,95.0,75.0,98.0
0293.395,-104.01538461538462,-10.758333333333333,95.0,75.0,98.0
0293.426,-140.6,-19.6625,95.0,75.0,98.0
0293.465,-173.4714285714286,-29.233333333333327,95.0,75.0,98.0
0293.496,-188.9,-33.723076923076924,95.0,75.0,98.0
0293.527,-186.83846153846156,-35.75,95.0,75.07210031347962,98.0
0293.567,-184.04615384615386,-37.2125,96.875,75.1974921630094,98.0
0293.598,-184.75384615384615,-38.3625,103.625,75.29467084639498,98.0
0293.630,-189.07500000000002,-39.40769230769231,108.75,75.3949843260188,98.0
0293.662,-194.28333333333333,-37.1,111.0,75.49529780564264,98.0
0293.694,-196.71666666666667,-34.34166666666667,109.125,75.59561128526646,98.0
0293.733,-191.8153846153846,-30.366666666666667,106.66666666666666,75.71786833855799,98.0
0293.765,-171.35,-27.853846153846156,104.66666666666667,75.81818181818181,98.0
0293.797,-149.675,-24.93076923076923,102.625,75.91849529780563,98.0
0293.830,-125.6,-21.15,101.0,75.99999999999999,98.0
0293.863,-112.35384615384615,-13.55,100.0,76.0,98.0
0293.894,-105.5,-10.3,100.0,76.0,98.0
0293.927,-92.15,-4.3,99.0,76.0,98.0
0293.967,-77.56666666666666,-1.025,98.0,76.0,98.0
0293.999,-72.30833333333334,1.775,97.0,76.0,98.0
0294.031,-66.75,4.025,96.0,76.0,98.0
0294.063,-62.13846153846154,6.691666666666666,95.0,76.0,98.0
0294.096,-51.8,9.858333333333333,94.0,76.0,98.0
0294.129,-37.0,11.746153846153845,94.0,76.0,98.0
0294.162,-21.950000000000003,12.85,94.0,76.0,98.00000000000001
0294.194,-10.358333333333334,16.708333333333332,94.0,76.0,97.99999999999999
0294.227,0.3,22.091666666666665,95.0,76.0,98.0
0294.260,10.925,26.06923076923077,95.0,76.0,98.0
0294.300,41.80833333333333,29.469230769230773,95.0,76.0,98.0
0294.331,81.4,30.2125,95.0,76.0,98.0
0294.363,131.5375,32.400000000000006,95.0,76.0,98.0
0294.396,173.15833333333333,37.00000000000001,97.625,76.0,98.0
0294.428,204.03076923076924,42.975,102.625,76.0,98.0
0294.460,226.5,46.725,108.4375,76.0,98.0
0294.500,232.34166666666667,50.3,111.0,75.99255952380952,98.00000000000001
0294.533,222.4,52.144444444444446,109.625,75.94345238095238,98.0
0294.566,205.0125,51.33333333333333,106.5625,75.89434523809524,98.00000000000001
0294.598,181.81538461538463,47.9,105.0,75.84672619047619,98.0
0294.630,156.4,43.646153846153844,102.5625,75.79910714285714,98.0
0294.663,126.2,33.7,101.0,75.75,98.0
0294.695,81.36153846153846,22.975,100.0,75.70238095238095,98.0
0294.726,25.716666666666665,11.675,100.0,75.65625,98.0
0294.766,-31.915384615384617,-4.300000000000001,99.0625,75.59672619047619,98.0
0294.798,-76.86666666666667,-15.846153846153847,98.0625,75.54910714285714,98.0
0294.831,-123.30000000000001,-27.56666666666667,97.0,75.5,98.0
0294.862,-172.26923076923077,-34.55,97.0,75.45386904761904,98.0
0294.893,-215.1,-43.44615384615384,96.0,75.40773809523809,98.0
0294.933,-275.9,-51.177777777777784,96.0,75.34821428571428,98.0
0294.964,-320.975,-57.325,95.0,75.30208333333334,98.0
0294.996,-375.5875,-60.083333333333336,95.0,75.25446428571428,98.0
0295.029,-448.9461538461539,-64.6,95.0,75.20535714285714,98.0
0295.061,-520.2666666666667,-66.4,95.0,75.15773809523809,98.0
0295.092,-589.0666666666667,-67.75,95.0,75.11160714285714,98.0
0295.132,-643.175,-70.25,95.0,75.05208333333334,98.0
0295.163,-664.1769230769231,-70.4,95.0,75.00595238095238,98.0
0295.196,-674.3666666666666,-71.86666666666667,94.8125,74.91369047619047,97.99999999999999
0295.230,-682.0307692307692,-70.03076923076924,95.9375,74.8125,98.0
0295.264,-694.3538461538462,-71.1,102.375,74.71130952380952,98.0
0295.296,-713.3153846153846,-73.08571428571429,108.13333333333333,74.61607142857143,98.0
0295.328,-738.3666666666667,-74.5,112.0,74.52083333333333,98.0
0295.359,-767.9999999999999,-77.36666666666667,111.0,74.42857142857143,98.0
0295.400,-778.8307692307692,-77.05,107.47058823529412,74.30654761904762,98.0
0295.432,-782.9666666666667,-76.25,104.4375,74.21130952380952,98.0
0295.464,-771.7750000000001,-76.25833333333333,103.0,74.11607142857143,98.0
0295.495,-758.75,-73.71538461538462,101.5,74.02380952380953,98.0
0295.527,-745.8538461538461,-71.98461538461538,100.0,74.0,98.0
0295.560,-730.2846153846153,-70.375,100.0,74.0,98.0
0295.595,-709.7846153846153,-68.82499999999999,99.25,74.0,98.0
0295.628,-691.0,-66.55384615384615,98.1875,74.0,98.0
0295.659,-668.1,-63.7,97.0,74.0,98.0
0295.700,-640.7,-59.9,95.6875,74.0,98.0
0295.732,-619.2,-56.349999999999994,95.0,74.0,98.0
0295.765,-594.8,-54.46923076923076,95.0,74.0,98.0
0295.798,-572.7,-52.3,95.0,74.0,98.0
0295.829,-543.3230769230769,-49.775,95.0,74.0,98.0
0295.860,-513.0,-46.3,95.0,74.0,98.0
0295.900,-474.7692307692308,-44.541666666666664,95.0,74.0,98.0
0295.932,-434.90000000000003,-42.34615384615385,94.0,74.0,98.0
0295.964,-388.3,-40.78333333333334,94.0,74.0,98.0
0295.997,-333.51666666666665,-37.5,94.0,74.0,98.0
0296.029,-294.3923076923077,-33.475,94.0,74.0,98.0
0296.063,-274.93333333333334,-30.23846153846154,96.0,74.0,98.0
0296.096,-260.0,-25.925,103.125,74.0,98.0
0296.130,-252.3,-24.5,108.1875,74.0,98.0
0296.163,-245.64615384615385,-23.0,109.0,74.0,98.00000000000001
0296.195,-241.2,-22.562500000000004,106.75,74.0,98.0
0296.228,-234.7,-21.1,103.6875,74.0,98.0
0296.261,-229.4,-21.1,101.625,74.0,98.0
0296.294,-222.80000000000004,-20.2,100.5625,74.0,98.0
0296.334,-218.11538461538458,-20.7375,99.0,74.0,98.0
0296.365,-215.0,-21.025000000000002,99.0,74.0,98.0
0296.397,-208.875,-20.44444444444444,99.0,74.0,98.0
0296.429,-207.3769230769231,-20.4,99.0,74.0,98.0
0296.461,-207.775,-18.333333333333332,98.0,74.0,98.0
0296.500,-206.73076923076923,-17.391666666666666,96.0,74.00000000000001,98.0
0296.533,-205.2,-16.133333333333333,95.0,74.0,97.99999999999999
0296.565,-195.775,-16.46923076923077,95.0,74.0,98.0
0296.596,-185.8875,-14.549999999999999,95.0,74.0,97.99999999999999
0296.629,-164.8,-12.875000000000002,95.0,74.0,98.0
0296.662,-148.10000000000002,-11.825,95.0,74.0,98.0
0296.694,-139.1,-10.316666666666668,95.0,74.0,98.0
0296.735,-127.3,-9.953846153846154,95.0,74.0,98.0
0296.768,-99.74615384615385,-8.937500000000002,94.0,74.0,98.0
0296.801,-50.03076923076923,-6.5625,94.0,74.0,98.0
0296.834,10.8,-3.95,94.0,74.00000000000001,98.0
0296.865,62.28333333333334,0.7769230769230769,96.125,74.0,98.00000000000001
0296.895,98.72307692307692,4.074999999999999,100.0,74.0,98.0
0296.927,126.36666666666666,7.116666666666667,106.0,74.0,98.0
0296.967,136.8,6.8500000000000005,112.0,74.0,98.0
0296.997,136.98749999999998,7.969230769230769,111.625,74.0,98.0
0297.028,131.26666666666665,8.308333333333332,107.6875,74.0,98.0
0297.059,131.55,10.8,105.75,74.0,98.0
0297.100,136.8,10.625,103.1875,74.0,98.0
0297.130,142.1923076923077,11.955555555555556,101.0,74.0,98.0
0297.162,143.43333333333334,13.2,100.0,74.0,98.0
0297.194,136.7153846153846,13.05,99.0,74.0,98.0
0297.234,130.96666666666667,13.483333333333334,99.0,74.0,98.00000000000001
0297.267,115.8375,11.950000000000001,98.0,74.0,98.0
0297.298,109.6125,11.476923076923075,97.8125,74.0,98.0
0297.330,99.2,10.266666666666666,97.0,74.0,98.0
0297.362,92.32307692307693,8.633333333333333,97.0,74.0,98.0
0297.394,84.91666666666667,6.9,97.0,74.0,98.0
0297.427,81.25,7.115384615384616,97.0,74.0,98.0
0297.470,69.65,7.192307692307693,97.0,74.0,98.0
0297.494,64.8,8.033333333333333,97.0,74.0,98.0
0297.527,57.24615384615385,8.3,96.0,74.00000000000001,98.0
0297.568,65.25,11.666666666666668,95.0,74.0,98.0
0297.601,80.275,14.0,94.875,74.0,98.0
0297.633,104.75,18.015384615384615,94.0,74.0,98.0
0297.665,140.9111111111111,21.575,93.125,74.0,98.0
0297.697,176.33333333333334,25.233333333333334,94.1875,74.0,98.0
0297.731,211.5,28.946153846153845,97.9375,74.0,98.0
0297.763,224.0375,30.8,106.625,74.0,98.0
0297.796,214.84615384615387,30.625,110.375,74.0,98.0
0297.830,197.8615384615385,29.0,110.0,74.0,98.0
0297.864,181.0,26.88181818181818,106.8,73.92163009404389,98.00000000000001
0297.898,168.0,24.9,104.25,73.81504702194357,98.0
0297.930,164.0333333333333,23.833333333333336,102.25,73.71473354231975,98.0
0297.962,162.25,22.976923076923075,101.0,73.61442006269593,98.0
0297.995,155.55,24.150000000000002,100.0,73.51097178683386,98.0
0298.028,152.9083333333333,23.6,99.125,73.40752351097179,98.0
0298.061,143.30833333333334,24.21666666666667,99.0,73.30407523510972,98.0
0298.093,140.975,23.838461538461537,98.0625,73.20376175548589,98.0
0298.133,138.34166666666664,22.55,97.0,73.07836990595611,98.0
0298.164,134.56666666666666,22.325,96.0,73.0,98.0
0298.196,126.4375,21.824999999999996,95.625,73.00000000000001,98.00000000000001
0298.227,121.90833333333333,21.0,95.0,73.0,98.0
0298.260,118.43333333333334,20.275,95.0,73.0,98.0
0298.293,111.94615384615383,19.087500000000002,95.0,73.0,98.0
0298.334,101.3,17.05,95.0,73.0,98.0
0298.366,91.825,16.3,95.0,73.0,98.0
0298.400,89.625,17.361538461538462,95.0,73.0,98.0
0298.433,96.03333333333333,17.883333333333333,95.0,73.0,98.0
0298.467,122.73846153846154,20.65,94.625,73.0,98.0
0298.498,158.66666666666669,19.974999999999998,95.0,73.0,98.0
0298.529,190.5,23.184615384615384,96.25,73.0,98.0
0298.561,206.56153846153848,23.90833333333333,102.70588235294117,73.0,98.0
0298.593,206.61666666666667,27.7375,108.375,73.0,98.0
0298.632,198.46666666666667,28.975,111.0,73.0,98.0
0298.663,191.3909090909091,30.925,108.4,73.0,98.0
0298.696,184.95000000000002,31.16923076923077,105.625,73.0,98.0
0298.729,181.9923076923077,30.566666666666663,103.29411764705883,73.0,98.0
0298.760,183.88333333333333,30.6,101.3125,73.0,98.0
0298.801,193.29999999999998,30.987499999999997,100.0,73.0,98.0
0298.834,189.025,33.074999999999996,100.0,73.0,98.00000000000001
0298.866,181.56666666666666,32.60769230769231,100.0,73.0,97.99999999999999
0298.898,171.81538461538463,34.2,98.6875,73.0,98.0
0298.930,157.03333333333333,34.61666666666667,97.6875,73.0,98.0
0298.962,146.975,36.03846153846154,96.6875,73.0,98.0
0298.993,136.23333333333332,36.625,96.0,73.0,98.0
0299.033,126.85384615384616,36.266666666666666,95.25,73.0,98.0
0299.065,124.36153846153847,33.6,95.0,73.0,98.0
0299.098,117.72307692307692,33.40769230769231,95.0,73.0,98.0
0299.130,114.3,33.861538461538466,95.0,73.0,98.0
0299.162,106.94166666666666,33.4,96.0,73.0,98.0
0299.195,109.74615384615385,33.7,96.0,73.0,98.0
0299.227,124.6,33.43333333333333,96.0,73.0,98.0
0299.267,156.9,37.050000000000004,96.0,73.0,98.0
0299.300,185.5,44.57692307692308,96.0,73.0,98.0
0299.331,201.57777777777778,67.6,97.3125,73.0,98.0
0299.362,199.91666666666663,83.46153846153847,102.75,73.0,98.0
0299.393,185.1,92.25,108.375,73.0,98.0
0299.433,153.675,78.3,111.0,73.0,98.0
0299.464,128.175,64.96666666666667,109.33333333333333,73.0,98.0
0299.496,100.7,50.88461538461539,107.3125,73.0,98.0
0299.527,74.84615384615384,41.00000000000001,104.375,73.0,98.0
0299.566,37.892307692307696,23.95,102.0,73.0,98.0
0299.599,0.6749999999999998,10.35,101.0,73.0,98.0
0299.633,-44.35,-3.658333333333333,101.0,73.0,98.0
0299.666,-84.85,-13.753846153846155,101.0,73.0,98.0
0299.697,-126.5,-22.16666666666667,100.0,73.0,98.0
0299.729,-175.1,-28.150000000000002,99.0,73.0,98.0
0299.760,-220.825,-33.36666666666667,97.8125,73.0,98.0
0299.799,-289.26666666666665,-42.30769230769231,96.41176470588235,73.0,98.0
0299.830,-344.28333333333336,-51.7,96.0,73.0,98.0
0299.862,-404.86153846153843,-59.24166666666667,96.0,73.0,98.0
0299.893,-451.26666666666665,-63.650000000000006,96.0,73.0,98.0
0299.933,-512.925,-63.823076923076925,96.0,73.0,98.0
0299.964,-546.5374999999999,-63.6625,96.0,73.0,98.0
0299.995,-568.4,-64.4875,96.0,73.0,98.0
0300.026,-577.7833333333334,-66.73333333333332,96.0,73.0,98.0
0300.066,-575.9166666666666,-70.41538461538461,96.0,73.0,98.0
0300.097,-570.825,-71.20833333333333,96.25,73.0,98.0
0300.130,-573.9499999999999,-71.025,98.625,73.0,98.0
0300.162,-589.3307692307692,-69.15,105.9375,73.0,98.00000000000001
0300.196,-617.8000000000001,-67.51538461538462,110.4375,73.0,98.0
0300.227,-635.5166666666668,-67.92307692307692,111.0,73.00000000000001,98.0
0300.268,-640.1,-67.26153846153846,108.0625,73.0,98.0
0300.299,-632.1222222222221,-67.1,105.125,73.0,98.0
0300.330,-613.8625,-65.475,102.1875,73.0,98.0
0300.362,-590.4749999999999,-60.93333333333334,101.1875,73.0,98.0
0300.395,-553.05,-56.45,101.0,73.0,98.0
0300.427,-513.4444444444445,-51.3875,101.0,73.0,98.0
0300.468,-450.90000000000003,-45.74166666666667,100.5625,73.0,98.0
0300.500,-411.1333333333333,-44.03333333333334,98.5625,73.0,98.0
0300.532,-377.73333333333335,-41.05384615384615,97.5625,73.0,98.0
0300.564,-346.1307692307692,-38.199999999999996,96.5625,73.0,98.0
0300.597,-310.39230769230767,-35.175,96.0,73.0,98.0
0300.629,-269.18333333333334,-29.815384615384616,96.0,73.0,98.0
0300.662,-223.69166666666666,-26.28333333333333,95.4375,73.0,98.0
0300.696,-176.13846153846154,-22.5,95.0,73.0,98.0
0300.727,-131.7,-19.925,95.0,73.0,98.0
0300.767,-51.18333333333333,-15.5,95.0,73.0,98.0
0300.798,19.5,-10.625,95.0,73.0,98.0
0300.829,86.95,-5.641666666666667,96.0,73.0,98.0
0300.861,141.25,-0.5153846153846154,96.0,73.0952380952381,98.0
0300.900,187.17499999999998,5.75,102.3125,73.21130952380952,98.0
0300.933,218.15384615384616,10.1125,107.0,73.30952380952381,98.0
0300.966,234.5,14.425,109.0,73.4077380952381,98.0
0300.997,250.38333333333333,17.7625,107.5,73.5,98.0
0301.027,271.5333333333333,18.958333333333332,105.625,73.58928571428572,98.0
0301.067,300.45000000000005,20.825,102.125,73.70833333333334,98.0
0301.098,314.1,20.9,101.0,73.80059523809524,98.0
0301.129,314.52500000000003,22.633333333333333,99.25,73.89285714285714,98.0
0301.161,306.6,23.78333333333333,99.0,73.98809523809524,98.0
0301.193,297.5230769230769,23.13846153846154,99.0,74.0,98.0
0301.233,288.2538461538462,22.8,98.75,74.0,98.00000000000001
0301.266,281.1923076923077,21.333333333333332,98.0,74.0,98.0
0301.298,271.60769230769233,20.9,97.0,74.0,98.0
0301.329,262.01666666666665,20.161538461538463,96.0,74.0,98.0
0301.359,250.57777777777778,20.133333333333336,96.0,74.0,98.0
0301.398,232.63076923076923,20.975,96.0,74.0,98.0
0301.430,215.1625,19.65,96.0,74.0,98.0
0301.464,189.075,18.35,96.0,74.0,98.0
0301.497,166.3,16.9,96.0,74.0,98.0
0301.528,145.08888888888887,14.4,96.0,74.0,98.0
0301.560,134.9,11.275,96.0,74.0,98.0
0301.602,134.575,5.4,96.0,74.0,98.0
0301.627,130.95,1.953846153846154,96.875,74.0,98.0
0301.668,113.225,-2.9000000000000004,101.875,74.0,98.0
0301.699,86.37692307692308,-6.216666666666668,109.75,74.0,98.0
0301.732,52.36666666666667,-13.225,112.0,74.0,98.0
0301.764,15.215384615384615,-19.041666666666668,110.5,74.0,98.0
0301.796,-22.26923076923077,-26.099999999999998,108.5,74.0,98.0
0301.828,-55.69166666666666,-29.8,106.5625,74.0,98.0
0301.868,-100.2,-36.30769230769231,104.0625,74.0,98.0
0301.899,-143.06923076923078,-37.15,102.125,74.0,98.0
0301.931,-193.97499999999997,-39.375,101.0,74.0,98.0
0301.962,-238.4,-40.016666666666666,101.0,74.0,98.0
0301.995,-273.1,-41.86153846153846,100.125,74.0,98.0
0302.027,-292.375,-43.108333333333334,100.0,74.0,98.0
0302.067,-297.6,-41.58333333333334,98.625,74.0,98.0
0302.098,-299.7,-37.9,96.6875,74.0,98.0
0302.131,-297.275,-31.7,96.0,74.0,98.0
0302.163,-296.24615384615385,-26.6,95.0,74.0,98.0
0302.196,-290.31538461538463,-22.2,95.0,73.99999999999999,98.0
0302.229,-272.375,-21.3,95.0,74.0,98.00000000000001
0302.263,-240.01666666666668,-19.974999999999998,95.0,74.0,98.0
0302.294,-187.8,-19.133333333333333,95.0,74.0,98.0
0302.326,-123.56923076923076,-15.941666666666666,94.4375,74.0,98.0
0302.366,-45.199999999999996,-9.649999999999999,94.0,74.0,98.0
0302.397,1.4916666666666665,-2.2,95.0,74.0,98.0
0302.428,35.15833333333334,3.7583333333333333,98.875,74.0,98.0
0302.460,62.288888888888884,9.166666666666666,102.875,74.0,98.0
0302.499,87.53076923076924,13.966666666666667,109.0,74.01785714285714,98.0
0302.531,97.16666666666667,16.6,108.625,74.11309523809524,97.99999999999999
0302.564,102.6,18.349999999999998,105.5625,74.21130952380952,98.0
0302.597,110.4,19.292307692307695,104.5,74.30952380952381,98.0
0302.628,118.53846153846153,17.933333333333334,103.0,74.40178571428571,98.0
0302.659,126.15,17.1,101.0,74.49404761904762,98.0
0302.699,137.53333333333333,18.4,100.0,74.61309523809524,98.0
0302.730,141.04999999999998,18.366666666666667,100.0,74.70535714285714,98.0
0302.761,157.1,18.0,99.25,74.79761904761905,98.0
0302.794,168.04615384615386,18.7,99.0,74.89583333333334,98.0
0302.827,182.975,21.0,97.0,74.99404761904762,98.0
0302.860,183.8083333333333,21.644444444444446,96.0625,75.0,98.0
0302.892,184.3,23.3,95.0,75.0,98.0
0302.933,176.37692307692308,22.184615384615384,95.0,75.0,98.0
0302.965,177.42222222222222,21.71666666666667,95.0,75.0,98.0
0302.996,176.85000000000002,23.946153846153845,95.0,75.0,98.0
0303.028,171.29166666666666,23.992307692307694,95.0,75.0,98.0
0303.060,164.97692307692307,24.233333333333334,95.0,75.0,98.0
0303.100,158.8,24.208333333333336,95.0,75.0,98.0
0303.131,162.77499999999998,25.325,95.0,75.0,98.0
0303.165,184.075,25.153846153846153,95.0,75.0,98.0
0303.197,214.5923076923077,26.900000000000002,95.0,75.0,98.0
0303.229,255.2,29.625,98.0,75.0,98.0
0303.261,281.34166666666664,33.25,103.0,75.0,98.0
0303.293,294.8666666666667,33.44444444444444,110.0,75.0,98.0
0303.334,298.1,33.01538461538462,111.4375,75.0,98.0
0303.367,297.3,31.4,108.375,75.0,98.0
0303.399,297.1,32.24166666666667,107.375,75.0,98.0
0303.430,291.46666666666664,30.36153846153846,106.0,75.0,98.0
0303.462,288.2,30.075000000000003,103.375,75.0,98.0
0303.492,280.2125,28.4,101.5,75.0,98.0
0303.532,262.9166666666667,26.791666666666664,100.0,75.0,98.0
0303.564,247.30833333333334,25.23846153846154,99.0,75.0,98.0
0303.597,225.43333333333334,21.866666666666667,98.9375,75.0,98.0
0303.630,183.4666666666667,18.633333333333333,98.0,75.0,98.0
0303.662,146.20833333333334,13.5,97.0,75.0,98.0
0303.695,102.175,7.953846153846154,95.8125,75.0,98.0
0303.729,67.3,2.1333333333333337,95.0,75.0,98.0
0303.762,22.84166666666667,-5.233333333333334,95.0,75.0,98.0
0303.794,-31.1,-12.123076923076923,95.0,75.0,98.0
0303.840,-114.96666666666667,-25.233333333333334,95.0,75.00609756097562,98.0
0303.867,-171.375,-31.838461538461537,95.0,75.04725609756098,98.0
0303.899,-257.63076923076926,-40.833333333333336,95.0,75.09603658536585,97.99999999999999
0303.930,-359.275,-47.91666666666667,94.125,75.14329268292683,98.0
0303.962,-460.91666666666663,-53.925,94.0,75.1920731707317,98.0
0303.996,-551.925,-58.25384615384615,95.0,75.2439024390244,98.0
0304.028,-606.8461538461538,-61.25000000000001,95.0,75.29268292682926,98.0
0304.068,-667.7750000000001,-65.03333333333333,97.875,75.35365853658536,98.0
0304.100,-723.4666666666667,-67.20833333333333,106.3125,75.40243902439025,98.0
0304.132,-776.45,-70.0,110.875,75.45121951219512,98.0
0304.166,-834.4444444444445,-72.35,112.0,75.5030487804878,98.0
0304.197,-870.5,-73.32499999999999,110.5,75.55030487804878,98.0
0304.229,-895.3,-75.825,108.5,75.59908536585365,98.0
0304.262,-908.3,-76.21111111111111,105.4375,75.64939024390245,98.0
0304.295,-904.625,-75.34615384615385,103.375,75.69969512195122,98.0
0304.326,-889.3750000000001,-73.2,101.4375,75.7469512195122,98.0
0304.366,-864.85,-71.1,100.0,75.8079268292683,98.0
0304.400,-839.3,-68.225,99.75,75.85975609756098,98.0
0304.432,-812.4999999999999,-65.10000000000001,99.0,75.90853658536585,98.0
0304.463,-787.9846153846154,-57.77692307692307,97.8125,75.95579268292683,98.0
0304.494,-762.4230769230769,-54.93333333333333,96.0,76.0,98.0
0304.526,-733.4666666666666,-51.20000000000001,95.0,76.0,98.00000000000001
0304.561,-696.9916666666667,-47.10000000000001,94.0,76.0,98.0
0304.593,-654.1500000000001,-43.62222222222222,94.0,76.0,97.99999999999999
0304.633,-605.1666666666667,-38.15384615384615,94.0,76.0,98.0
0304.665,-568.2384615384616,-35.1,94.0,76.0,98.0
0304.696,-534.0000000000001,-32.5,94.0,76.0,98.0
0304.727,-490.74285714285713,-30.56666666666667,93.0,76.0,98.0
0304.768,-415.0,-29.9,93.0,76.0,98.0
0304.800,-340.4,-27.884615384615383,93.25,76.0,98.0
0304.833,-269.3,-25.8,94.3125,76.0,98.0
0304.865,-223.6,-22.224999999999998,96.625,76.0,98.0
0304.897,-190.025,-21.076923076923077,103.625,76.0,98.0
0304.928,-162.85,-17.86153846153846,107.25,76.0,98.0
0304.962,-144.7846153846154,-16.700000000000003,107.0,76.0,98.0
0304.995,-129.10833333333335,-15.925,105.5625,76.0,98.0
0305.027,-118.55000000000001,-15.15,103.5625,76.0,98.0
0305.067,-106.04166666666666,-15.0,101.0625,76.0,98.0
0305.097,-102.21666666666667,-15.453846153846154,100.1875,76.0,98.0
0305.129,-106.85833333333333,-13.375,99.0,76.0,98.0
0305.161,-110.00000000000001,-13.433333333333334,99.0,76.0,98.0
0305.194,-112.39999999999999,-13.9,99.0,76.0,98.0
0305.234,-114.73333333333333,-12.75,98.0,76.0,98.0
0305.265,-117.60000000000001,-12.446153846153846,97.6875,76.0,97.99999999999999
0305.296,-120.07777777777777,-12.0,96.0,76.0,98.0
0305.327,-121.74166666666666,-12.45,95.00000000000001,76.0,98.0
0305.367,-120.14999999999999,-13.716666666666665,95.0,76.0,98.0
0305.397,-117.4,-14.184615384615384,95.0,76.0,98.0
0305.428,-115.1923076923077,-13.63076923076923,95.0,76.0,98.0
0305.459,-112.3,-12.862499999999999,95.0,76.0,98.0
0305.499,-111.41666666666666,-11.0,96.0,76.0,98.0
0305.530,-107.65833333333333,-7.700000000000001,96.0,75.91071428571428,98.0
0305.562,-101.76666666666668,-8.376923076923077,95.125,75.81547619047619,98.0
0305.595,-68.63333333333334,-8.700000000000001,95.0,75.7172619047619,98.0
0305.627,-14.023076923076921,-8.674999999999999,95.0,75.62202380952381,98.0
0305.666,56.666666666666664,-6.825,96.75,75.50595238095238,98.0
0305.697,99.46666666666667,-4.9,102.9375,75.41369047619048,98.0
0305.728,115.95,-4.276923076923077,108.5,75.32142857142857,98.0
0305.759,126.75,-4.0,111.0,75.22916666666666,98.0
0305.798,133.82500000000002,-4.050000000000001,109.375,75.11309523809524,98.0
0305.830,148.89999999999998,-4.25,106.375,75.01785714285714,98.0
0305.861,153.7,-4.769230769230769,104.4375,75.0,98.00000000000001
0305.894,156.63333333333333,-4.1,103.375,75.0,98.0
0305.934,145.5,-4.7749999999999995,101.0,75.0,98.0
0305.966,134.46666666666664,-5.05,100.0,75.0,98.0
0305.999,117.95833333333333,-5.107692307692308,99.8125,75.0,98.0
0306.032,108.29230769230769,-4.25,99.0,75.0,98.0
0306.066,90.84615384615385,-3.1,98.5625,75.0,98.0
0306.099,76.55833333333332,-3.1,97.0,75.0,98.0
0306.133,58.3,-3.8153846153846156,96.0,75.0,98.0
0306.165,44.66153846153846,-4.4,96.0,75.0,98.0
0306.198,37.215384615384615,-4.466666666666667,95.0,75.0,98.0
0306.230,33.1,-4.13076923076923,95.0,75.0,98.0
0306.262,32.0,-3.275,95.0,75.0,98.0
0306.293,24.249999999999996,-4.208333333333333,95.0,75.0,98.0
0306.334,14.75,-5.341666666666667,95.0,75.0,98.0
0306.365,11.192307692307692,-6.830769230769231,95.0,75.0,98.0
0306.396,19.946153846153845,-5.3999999999999995,95.0,75.0,98.0
0306.428,50.016666666666666,-3.7874999999999996,94.0,75.0,98.0
0306.460,86.32499999999999,-1.15,94.0,75.0,98.0
0306.500,149.95,1.625,97.0,75.0,97.99999999999999
0306.532,192.025,5.8076923076923075,102.0,75.0,98.0
0306.562,231.33076923076925,10.315384615384614,108.75,75.0,98.0
0306.595,260.5923076923077,16.03333333333333,110.0,75.0,98.0
0306.626,279.64166666666665,19.4,108.625,75.0,98.0
0306.665,306.3666666666667,21.8,105.1875,75.0,98.0
0306.695,332.2,23.866666666666667,104.3125,75.0,98.0
0306.728,346.36923076923074,26.75,102.0,75.0,98.0
0306.760,349.9166666666667,31.475,100.25,75.0,98.0
0306.803,344.6,34.35,99.5625,75.0,98.0
0306.826,339.8538461538462,34.824999999999996,99.0,75.0,98.0
0306.866,332.93333333333334,34.96923076923077,99.0,75.0,97.99999999999999
0306.897,322.79999999999995,33.650000000000006,97.6875,75.0,98.0
0306.927,311.12500000000006,34.6,96.8125,75.0,98.0
0306.967,296.1,33.723076923076924,95.3125,75.0,98.0
0306.999,280.44444444444446,31.85,95.0,75.0,98.0
0307.032,255.3,27.575,95.0,75.0,98.0
0307.066,223.175,20.733333333333334,95.0,75.0,98.0
0307.097,186.04166666666666,13.383333333333335,95.0,75.0,98.0
0307.128,141.55833333333334,4.946153846153846,95.0,75.0,98.0
0307.159,91.53333333333335,-2.5500000000000003,95.0,75.0,98.0
0307.200,29.6,-10.466666666666669,95.0,74.89253731343284,98.0
0307.231,-2.666666666666667,-14.224999999999998,95.0,74.8,98.0
0307.263,-22.992307692307694,-17.246153846153845,95.0,74.70447761194029,98.0
0307.295,-26.723076923076924,-17.333333333333332,95.0,74.6089552238806,98.0
0307.327,-25.4,-18.275,96.25,74.51343283582088,98.0
0307.368,-31.06666666666667,-16.325,103.4375,74.3910447761194,98.0
0307.399,-47.78333333333334,-14.433333333333334,108.25,74.29850746268656,98.0
0307.429,-63.73076923076923,-10.8625,110.0,74.2089552238806,98.0
0307.460,-77.8,-6.6125,108.4375,74.11641791044775,98.0
0307.499,-75.50769230769231,-1.5499999999999998,106.0,74.0,98.0
0307.530,-60.449999999999996,1.9333333333333336,104.0,74.0,98.0
0307.561,-46.90769230769231,6.0,102.13333333333334,74.0,98.0
0307.601,-26.722222222222225,10.733333333333334,100.0,74.0,98.0
0307.634,-18.549999999999997,14.966666666666665,99.5625,74.0,98.0
0307.666,-11.399999999999999,18.615384615384617,99.4375,74.0,98.0
0307.698,3.25,21.56923076923077,99.0,74.0,98.0
0307.730,7.092307692307693,23.25,98.5625,74.0,98.0
0307.762,8.623076923076924,23.366666666666667,97.0,74.0,98.0
0307.794,7.4,23.825,96.5625,74.0,98.0
0307.834,9.033333333333333,24.1,96.0,74.0,98.0
0307.865,20.183333333333334,25.792307692307695,95.0,74.0,98.0
0307.898,37.646153846153844,26.33846153846154,95.0,74.0,98.0
0307.931,54.349999999999994,27.858333333333334,96.0,74.0,98.0
0307.964,62.37500000000001,30.550000000000004,96.0,74.0,98.0
0307.997,58.87500000000001,33.37692307692308,95.0,74.0,98.0
0308.028,58.522222222222226,35.06666666666666,95.0,74.0,98.0
0308.068,83.8,35.125,95.0,74.0,98.0
0308.098,120.95833333333331,35.3,95.0,74.0,98.0
0308.131,165.75,37.8,95.5,74.0,98.0
0308.163,189.46153846153845,40.6,99.5,74.0,97.99999999999999
0308.195,200.43846153846152,41.33333333333333,104.5,74.0,98.0
0308.227,197.375,42.91666666666667,109.0,74.0,98.00000000000001
0308.260,193.0,41.24615384615385,110.4375,74.0,98.0
0308.293,183.39999999999998,42.2875,108.375,74.0,98.0
0308.331,175.15384615384616,41.06666666666667,105.0,74.0,98.0
0308.362,164.05,39.35,103.0625,74.0,98.0
0308.395,153.55,37.68333333333334,101.0,74.0,98.0
0308.434,139.11666666666665,36.349999999999994,100.0,74.0,98.0
0308.466,134.2,36.477777777777774,100.0,74.0,98.0
0308.498,126.2,36.8625,100.0,74.0,98.0
0308.531,122.7,34.5375,100.0,74.0,98.0
0308.562,123.125,35.391666666666666,99.0,74.0,98.0
0308.594,121.78181818181818,34.5,98.0,74.0,98.0
0308.626,124.68333333333332,34.5,97.0,74.0,98.0
0308.667,123.5,33.646153846153844,96.0,74.0,98.0
0308.698,122.11666666666667,33.1,96.0,74.0,98.0
0308.730,116.76666666666668,31.049999999999997,95.0,74.0,98.0
0308.761,106.96666666666667,30.224999999999998,95.0,74.0,98.0
0308.795,99.10000000000001,29.930769230769233,95.0,74.0,98.0
0308.827,90.73846153846154,29.6,95.0,74.0,98.0
0308.869,91.1076923076923,27.09166666666667,95.0,74.0,98.0
0308.901,94.4,24.641666666666666,94.6875,74.0,98.0
0308.933,103.46923076923078,24.614285714285714,95.0,74.0,98.0
0308.966,111.76666666666668,24.36923076923077,96.6875,74.0,98.0
0308.999,113.93076923076924,24.746153846153845,100.5,74.0,98.0
0309.032,106.30833333333332,24.46666666666667,106.4375,74.0,98.0
0309.065,92.95833333333331,24.7,111.875,74.0,98.0
0309.097,82.6,23.03076923076923,111.125,74.0,98.0
0309.130,81.4,20.592307692307692,108.0625,74.0,98.0
0309.163,82.91111111111111,17.533333333333335,107.0,74.0,98.0
0309.195,89.6,14.825,105.0,74.0,98.0
0309.227,93.20833333333334,16.075,103.0,74.0,98.0
0309.267,90.7,17.183333333333334,101.5,74.0,98.0
0309.301,87.75,16.315384615384612,101.0,74.0,98.0
0309.334,83.33333333333334,15.141666666666666,100.3125,74.0,98.0
0309.365,82.59166666666667,15.166666666666666,99.0,74.0,98.0
0309.397,79.25,15.525,98.0,74.0,98.0
0309.429,79.49166666666666,17.230769230769234,97.0,74.0,98.0
0309.461,79.88461538461539,17.26666666666667,96.0,74.0,98.0
0309.502,79.03846153846155,16.200000000000003,95.0,74.0,98.00000000000001
0309.533,70.7,16.700000000000003,95.0,74.0,98.0
0309.564,56.025000000000006,16.8,95.0,74.0,98.0
0309.597,45.63333333333333,18.13,95.0,74.0,98.0
0309.629,42.9125,19.6,95.0,74.0,98.0
0309.661,58.35,20.3875,95.0,74.0,98.0
0309.692,91.22500000000001,21.06666666666667,94.125,74.0,98.0
0309.732,141.81428571428572,24.26666666666667,95.0,74.0,98.0
0309.764,179.53333333333336,35.60833333333333,95.5625,74.0,98.0
0309.797,192.43333333333334,60.93333333333334,100.25,74.0,98.0
0309.831,185.65,81.0,105.5,74.0,98.0
0309.864,174.43846153846152,96.2,109.8125,73.95579268292684,98.0
0309.897,157.73846153846154,84.43076923076923,108.125,73.90548780487806,98.0
0309.930,137.93333333333334,77.20833333333334,107.0625,73.85518292682927,98.0
0309.961,124.56666666666666,71.225,104.125,73.80792682926828,98.0
0309.993,116.175,66.46923076923076,103.125,73.75914634146342,98.0
0310.033,121.85,62.95384615384615,100.625,73.69817073170732,98.0
0310.065,121.99230769230769,61.43333333333334,99.625,73.64939024390245,98.0
0310.096,125.9,59.300000000000004,99.0,73.60213414634146,98.0
0310.128,131.275,58.6,98.6875,73.5533536585366,98.0
0310.160,128.37777777777777,56.65384615384616,98.0,73.5045731707317,98.0
0310.200,131.43076923076922,56.86666666666667,97.0,73.4435975609756,98.0
0310.232,131.3,56.7,96.1875,73.39481707317073,98.0
0310.264,127.1,54.5125,96.0,73.34603658536585,98.0
0310.297,122.9,54.9375,96.0,73.29573170731707,98.0
0310.329,108.2,54.5625,96.875,73.2469512195122,98.0
0310.361,66.975,56.06666666666666,97.0,73.19817073170732,98.0
0310.393,18.0,55.275,97.0,73.14939024390245,98.0
0310.426,-38.849999999999994,44.49166666666667,97.0,73.09908536585365,98.0
0310.466,-96.725,19.23846153846154,97.0,73.03810975609755,98.0
0310.497,-141.40769230769232,-7.125,97.0,73.0,98.0
0310.529,-195.375,-32.85,97.375,73.0,97.99999999999999
0310.560,-257.19230769230774,-51.93333333333334,98.625,73.0,98.0
0310.600,-342.26666666666665,-73.93076923076924,106.4375,73.0,98.0
0310.632,-415.7666666666667,-86.55,109.8125,73.0,98.0
0310.666,-490.975,-97.7,111.0,73.0,98.0
0310.696,-543.75,-104.5375,109.1875,73.0,98.0
0310.727,-588.3,-106.8,106.25,73.0,98.0
0310.768,-635.9,-108.74615384615385,102.66666666666666,73.0,98.0
0310.799,-674.5333333333333,-108.03846153846153,101.73333333333335,73.0,98.0
0310.832,-720.0375,-108.66666666666667,101.0,73.00745156482861,98.0
0310.866,-768.5,-110.23333333333333,101.0,73.0581222056632,98.0
0310.899,-822.9230769230769,-108.53846153846155,101.0,73.10730253353205,98.00000000000001
0310.932,-870.8,-107.7,100.375,73.15648286140089,98.0
0310.964,-912.6333333333334,-105.47500000000001,99.375,73.20417287630403,98.0
0310.995,-940.7,-105.17499999999998,98.4375,73.25037257824143,98.0
0311.034,-975.6,-105.4,97.0,73.30849478390462,98.0
0311.065,-993.7769230769231,-104.56153846153848,97.0,73.35469448584203,98.0
0311.096,-1014.85,-103.2,96.0,73.40089418777944,98.0
0311.128,-1032.3,-99.60000000000001,96.0,73.44858420268255,98.0
0311.160,-1046.6125,-97.69230769230768,96.0,73.4962742175857,98.0
0311.194,-1045.2,-95.38461538461539,96.0,73.54694485842026,98.0
0311.227,-1024.95,-92.9,96.0,73.59612518628913,98.0
0311.260,-995.3249999999999,-90.4,96.0,73.64530551415797,98.0
0311.299,-961.8583333333333,-86.5,97.5625,73.70342771982116,98.0
0311.331,-933.1692307692308,-84.775,101.125,73.75111773472429,98.0
0311.364,-907.7583333333333,-82.34615384615384,105.25,73.80029806259314,98.0
0311.396,-885.0833333333334,-80.2,108.0,73.84798807749628,98.0
0311.428,-862.45,-78.3,106.375,73.89567809239941,98.0
0311.460,-842.3,-76.05384615384615,103.375,73.94336810730253,98.0
0311.493,-817.0384615384615,-72.7,101.3125,73.99254843517139,98.0
0311.526,-790.25,-71.6,100.0,74.04166666666667,98.0
0311.567,-754.0833333333333,-67.46666666666667,99.0,74.10267857142858,98.0
0311.600,-726.1583333333333,-66.9,99.375,74.15178571428571,98.0
0311.632,-699.7333333333333,-63.21111111111111,100.0,74.19940476190476,98.00000000000001
0311.664,-677.7846153846154,-61.5125,99.625,74.24702380952381,98.0
0311.697,-657.9666666666667,-59.9375,98.5625,74.29613095238095,98.0
0311.730,-636.4000000000001,-58.65,98.0,74.3452380952381,98.0
0311.764,-616.35,-56.269230769230774,97.0,74.39583333333334,98.0
0311.797,-599.4333333333334,-54.85,97.0,74.44494047619048,98.0
0311.828,-583.5,-53.425000000000004,97.0,74.49107142857142,98.0
0311.867,-562.275,-51.475,96.0,74.54910714285714,98.0
0311.898,-543.2,-48.90833333333334,96.0,74.5952380952381,98.0
0311.929,-518.9666666666667,-45.46923076923077,96.0,74.64136904761905,98.0
0311.961,-494.2833333333334,-43.06666666666666,96.0,74.6889880952381,98.0
0312.003,-466.15,-38.95,97.0,74.7514880952381,98.0
0312.040,-445.375,-35.2,101.75,74.80654761904762,98.0
0312.065,-431.23076923076917,-32.13333333333333,104.875,74.84375,98.0
0312.096,-419.33846153846156,-30.1,109.375,74.88988095238096,98.0
0312.127,-406.3692307692308,-26.875000000000004,109.0,74.9360119047619,98.0
0312.168,-377.0,-25.23333333333333,107.125,74.9970238095238,98.0
0312.200,-347.40833333333336,-23.4,104.125,75.0,98.0
0312.231,-323.53846153846155,-22.8,103.0,75.0,98.0
0312.264,-309.58333333333337,-21.8,101.125,75.0,98.0
0312.297,-304.375,-19.450000000000003,100.0625,75.0,98.0
0312.329,-295.4875,-17.9,100.0,75.0,97.99999999999999
0312.363,-281.52500000000003,-16.584615384615383,100.0,75.0,98.0
0312.396,-265.26250000000005,-15.2,99.0,75.0,98.0
0312.429,-249.96666666666667,-14.274999999999999,97.8125,75.0,98.0
0312.462,-228.425,-14.2,97.0,75.0,98.0
0312.494,-210.3,-13.7125,96.75,75.0,98.0
0312.526,-193.55384615384617,-13.353846153846154,96.0,75.0,98.0
0312.565,-180.8,-9.0,96.0,75.0,98.0
0312.596,-172.06666666666666,-7.533333333333333,96.0,75.0,98.0
0312.627,-149.2,-5.9,96.0,75.0,98.0
0312.666,-106.33333333333334,-7.6875,95.0,75.0,98.0
0312.697,-58.58461538461539,-8.9,95.9375,75.0,98.0
0312.728,-16.116666666666667,-7.816666666666667,96.875,75.0,98.0
0312.760,10.216666666666667,-5.7,101.75,75.0,98.0
0312.800,32.483333333333334,-4.166666666666667,107.80000000000001,75.0,98.0
0312.832,40.77692307692308,-2.546153846153846,110.6,75.00892857142857,98.0
0312.865,41.330769230769235,-2.3230769230769233,108.52941176470588,75.05803571428572,98.0
0312.896,43.425,-0.9,105.6,75.10416666666667,98.0
0312.927,41.175,-0.9,103.625,75.15029761904762,98.0
0312.966,41.875,-0.7230769230769231,102.0,75.20833333333333,98.0
0312.997,41.1,-0.7666666666666667,100.0,75.25446428571428,98.0
0313.029,37.7,-0.46923076923076923,99.0,75.30208333333334,98.0
0313.061,34.569230769230764,0.7583333333333334,99.0,75.34970238095238,98.0
0313.093,34.00833333333333,1.35,99.0,75.39732142857142,98.0
0313.132,33.916666666666664,1.2,97.93333333333334,75.45535714285714,98.0
0313.165,36.93333333333334,-1.0666666666666667,97.0,75.50446428571428,98.0
0313.197,34.733333333333334,-2.2,96.0,75.55208333333334,98.0
0313.228,34.475,-2.0500000000000003,96.0,75.59821428571429,98.0
0313.260,27.71666666666667,-0.1416666666666667,96.0,75.64583333333334,98.0
0313.299,27.566666666666666,1.4083333333333332,96.0,75.70386904761905,98.0
0313.329,25.907692307692308,2.0076923076923077,96.0,75.7485119047619,98.0
0313.360,33.2,2.7250000000000005,96.0,75.79464285714286,98.0
0313.400,62.39999999999999,2.716666666666667,95.0,75.85416666666667,98.0
0313.433,92.25,3.9499999999999997,95.0,75.90327380952381,98.0
0313.465,119.70000000000002,4.2333333333333325,95.9375,75.95089285714286,98.0
0313.496,138.875,6.45,99.75,75.99702380952381,98.0
0313.528,149.2,8.7625,104.625,76.04464285714286,98.0
0313.560,151.35,9.525,109.875,76.09226190476191,98.0
0313.603,143.0125,11.0,109.4375,76.15625,98.0
0313.628,135.73846153846154,11.230769230769232,107.875,76.19345238095238,98.0
0313.662,135.075,10.850000000000001,106.0,76.24404761904762,98.0
0313.695,140.475,9.850000000000001,103.6875,76.29315476190477,98.00000000000001
0313.728,142.25,8.2,102.625,76.34226190476191,98.0
0313.761,133.63846153846154,7.961538461538462,100.5625,76.39136904761905,98.0
0313.802,131.68461538461537,8.86923076923077,100.0,76.45238095238095,98.0
0313.834,138.75,9.933333333333334,99.0,76.5,98.0
0313.865,160.38461538461542,12.4,98.0,76.54613095238095,98.0
0313.898,188.81666666666666,10.8,97.0,76.5952380952381,98.0
0313.930,223.3,12.5,96.0,76.64285714285714,98.0
0313.962,245.2,13.387500000000001,95.0,76.69047619047619,98.0
0313.994,261.91666666666663,15.35,94.0,76.73809523809524,98.0
0314.035,284.2375,17.700000000000003,94.0,76.79910714285714,98.0
0314.066,294.4583333333333,19.5,94.0,76.8452380952381,98.0
0314.097,298.16153846153844,21.775000000000002,94.4375,76.89136904761904,98.0
0314.130,294.8,23.808333333333334,95.0,76.94047619047619,98.0
0314.161,283.35,22.5,95.0,76.98660714285715,98.0
0314.204,280.8272727272727,20.708333333333336,94.0,77.10625000000002,98.0
0314.227,277.6384615384615,19.33076923076923,94.0,77.17812500000001,98.0
0314.259,270.06666666666666,18.375,94.625,77.278125,98.0
0314.292,256.31666666666666,15.575,98.375,77.38125,98.0
0314.332,229.15833333333333,11.7,107.25,77.50625,98.0
0314.363,190.07500000000002,6.666666666666666,111.0,77.603125,98.0
0314.395,137.16666666666669,-0.3307692307692309,111.0,77.703125,98.0
0314.426,72.3846153846154,-6.333333333333333,109.0,77.8,98.0
0314.466,-3.6,-12.4375,107.46666666666667,77.925,98.0
0314.499,-55.150000000000006,-15.425,105.4375,78.00000000000001,98.0
0314.533,-103.525,-17.56666666666667,103.25,78.0,98.0
0314.566,-142.76666666666665,-21.253846153846155,101.1875,78.0,98.0
0314.598,-186.2888888888889,-23.833333333333336,100.0,78.0,98.0
0314.630,-224.76666666666665,-26.525000000000002,100.0,78.0,98.0
0314.661,-266.3,-28.483333333333334,99.0,78.0,98.0
0314.693,-300.46923076923076,-29.0,98.0,78.0,98.0
0314.739,-333.56666666666666,-29.975,97.0,78.0,98.0
0314.765,-349.3,-29.566666666666663,96.0,78.0,98.0
0314.797,-368.9083333333333,-31.425,96.0,78.0,98.0
0314.830,-393.0076923076923,-33.875,96.0,78.00000000000001,98.0
0314.863,-410.3,-34.475,95.0,78.0,97.99999999999999
0314.895,-420.0916666666667,-34.474999999999994,95.0,78.0,98.0
0314.926,-423.69999999999993,-33.8,95.0,78.0,97.99999999999999
0314.965,-414.925,-33.05,95.0,78.0,98.0
0314.996,-400.9,-30.633333333333333,95.0,78.0,98.0
0315.028,-368.23333333333335,-27.815384615384616,94.0,78.0,98.0
0315.060,-326.29999999999995,-22.825,94.0,78.0,98.0
0315.099,-283.2833333333333,-19.6,95.0,78.0,98.0
0315.130,-257.8666666666667,-18.566666666666666,99.125,78.0,98.0
0315.162,-233.85384615384612,-18.015384615384615,104.125,78.00149031296573,98.0
0315.194,-214.73333333333335,-15.55,108.0625,78.04918032786885,98.0
0315.234,-188.89999999999998,-12.315384615384616,109.4375,78.10879284649776,98.0
0315.265,-172.99166666666667,-11.3,107.5,78.15499254843517,98.0
0315.297,-157.5,-10.833333333333334,105.5,78.2026825633383,98.0
0315.329,-137.6769230769231,-11.055555555555557,104.0,78.25037257824143,98.0
0315.360,-131.54999999999998,-12.3125,102.5,78.29657228017885,98.0
0315.400,-129.3,-10.9,101.0,78.35618479880776,98.0
0315.431,-137.05384615384617,-9.616666666666667,100.0,78.40238450074516,98.0
0315.462,-142.35833333333332,-7.866666666666667,100.0,78.44858420268255,98.0
0315.495,-149.11666666666665,-7.933333333333334,99.0,78.49776453055142,98.0
0315.540,-156.09166666666667,-8.8,97.3125,78.56482861400895,98.0
0315.569,-159.32307692307694,-8.9,97.0,78.6080476900149,98.0
0315.603,-159.15,-8.1,96.1875,78.65871833084947,98.0
0315.627,-162.11666666666667,-7.725,95.875,78.69448584202682,98.0
0315.665,-155.8125,-7.5,95.0,78.75111773472429,98.0
0315.697,-153.8,-7.872727272727273,95.0,78.79880774962741,98.0
0315.728,-153.46666666666664,-8.0,95.0,78.84500745156483,98.0
0315.767,-155.075,-7.050000000000001,95.0,78.903129657228,98.0
0315.798,-151.375,-4.6000000000000005,95.0,78.94932935916543,98.0
0315.829,-145.91538461538462,-3.23076923076923,95.0,78.99552906110283,98.0
0315.861,-126.92500000000001,-2.9,95.0,78.91394658753708,98.0
0315.894,-87.525,-1.7999999999999998,94.0,78.8160237388724,98.0
0315.934,-29.016666666666666,-1.1,95.28571428571429,78.6973293768546,97.99999999999999
0315.965,14.723076923076922,0.4153846153846154,98.42857142857143,78.6053412462908,98.0
0315.999,47.86666666666667,2.5692307692307694,104.23529411764707,78.50445103857567,98.0
0316.031,65.0,4.633333333333334,110.4375,78.40949554896142,98.0
0316.063,75.93333333333334,6.725,111.0,78.31454005934718,98.0
0316.096,79.53333333333333,7.3999999999999995,108.5625,78.2166172106825,98.0
0316.129,74.75,8.175,106.5,78.1186943620178,98.0
0316.161,74.3,9.207692307692307,104.5,78.02373887240356,98.0
0316.193,69.3125,10.950000000000001,102.5,78.0,98.00000000000001
0316.232,63.06666666666667,12.833333333333332,101.0,78.0,98.0
0316.264,59.833333333333336,11.8,100.0,78.0,98.0
0316.297,69.11538461538461,9.866666666666667,100.0,78.0,98.0
0316.328,101.9846153846154,10.275,100.0,78.0,98.0
0316.367,166.7833333333333,10.866666666666667,100.0,78.0,98.0
0316.400,205.45,13.799999999999999,99.0,78.0,98.0
0316.433,226.675,14.2,98.4375,78.0,98.0
0316.465,211.1923076923077,14.83846153846154,98.0,78.0,98.0
0316.497,188.8,14.900000000000002,98.0,77.99999999999999,98.0
0316.529,160.675,15.100000000000001,99.0,78.0,98.0
0316.561,138.58888888888887,15.399999999999999,99.0,78.0,98.0
0316.593,131.32500000000002,16.684615384615384,100.0,78.0,98.0
0316.635,130.2,16.70769230769231,100.0,78.0,98.0
0316.666,127.99999999999999,17.3,100.0,78.0,98.0
0316.699,123.2,15.4,98.8125,78.0,98.0
0316.731,125.26363636363637,13.922222222222222,95.8125,78.0,98.0
0316.763,146.1,12.5,94.0,78.0,98.0
0316.797,175.17777777777775,12.0,93.0,78.0,98.0
0316.831,222.275,12.275,93.4375,77.95833333333333,98.0
0316.864,258.725,14.125,97.5,77.76190476190476,98.0
0316.897,297.3833333333334,14.592307692307692,104.125,77.56547619047619,98.0
0316.930,333.3230769230769,14.323076923076924,105.0,77.36904761904762,98.0
0316.963,355.45,13.666666666666668,104.3125,77.17261904761904,98.0
0316.996,372.375,12.4,102.0,76.97619047619048,98.0
0317.028,368.93333333333334,12.425,101.0,76.78571428571428,98.0
0317.061,367.2923076923077,10.95,99.1875,76.58928571428572,98.0
0317.102,349.0333333333333,8.6,96.625,76.3452380952381,98.0
0317.139,327.52500000000003,7.449999999999999,94.0,76.125,98.0
0317.166,313.0,6.466666666666667,93.0,76.0,98.0
0317.198,297.2,6.676923076923077,93.0,76.0,97.99999999999999
0317.229,286.4,8.683333333333334,93.0,76.0,98.0
0317.261,272.48333333333335,8.1,93.0,76.0,97.99999999999999
0317.294,262.33333333333337,7.575,93.0,76.0,98.0
0317.334,285.2,7.6,93.0,76.0,98.0
0317.366,314.55384615384617,7.6,93.0,76.0,98.0
0317.397,341.0,8.274999999999999,94.0,76.0,98.0
0317.428,353.76666666666665,7.4,94.0,76.0,98.0
0317.461,354.1916666666666,6.0,94.8125,76.0,98.0
0317.500,340.96153846153845,6.0,95.0,76.0,98.00000000000001
0317.531,315.0,5.830769230769231,95.0,76.00000000000001,98.0
0317.561,288.9666666666667,8.233333333333334,95.0,76.0,98.0
0317.603,270.8,12.733333333333334,95.0,76.0,98.0
0317.628,280.1538461538462,17.407692307692308,95.0,76.0,98.0
0317.669,313.33846153846156,27.2,95.0,76.0,98.0
0317.702,349.8,33.8,97.875,76.0,98.0
0317.736,373.8,39.58333333333333,103.0,76.0,98.0
0317.769,396.6,41.2,111.125,76.0,98.0
0317.803,409.73846153846154,43.0,114.0,76.0,98.0
0317.835,417.15,42.5,113.0,75.99107142857143,98.0
0317.868,421.55,42.26666666666667,110.75,75.89285714285714,98.0
0317.899,421.09166666666664,42.36666666666666,109.8125,75.80059523809524,98.00000000000001
0317.931,420.6461538461539,52.70769230769231,106.8125,75.70535714285714,98.0
0317.962,413.425,68.85,105.875,75.61309523809524,98.0
0317.994,400.2833333333333,82.32499999999999,103.875,75.51785714285714,98.0
0318.028,382.0692307692308,90.55,102.0,75.41666666666666,98.0
0318.060,349.1615384615385,84.88461538461539,101.75,75.32142857142857,98.0
0318.093,308.80833333333334,76.7,99.6875,75.22321428571428,98.0
0318.135,251.86666666666667,66.575,97.0625,75.09821428571429,98.0
0318.168,219.0333333333333,54.125,96.0,75.0,98.0
0318.200,188.04166666666666,45.776923076923076,94.0,75.0,98.0
0318.232,161.96923076923076,37.53076923076923,93.0,75.0,98.0
0318.265,127.35,33.375,93.0,75.0,98.0
0318.298,96.03333333333333,28.992307692307694,93.0,75.0,98.0
0318.331,56.9375,24.53333333333333,93.0,75.0,98.0
0318.363,9.975,20.475,93.0,75.0,98.0
0318.395,-34.425,17.966666666666665,93.0,75.0,98.0
0318.427,-73.15555555555555,13.623076923076923,92.0,75.0,98.0
0318.468,-106.475,8.092307692307692,92.0,75.0,98.0
0318.500,-128.76666666666668,3.4499999999999997,92.0,74.96428571428571,98.0
0318.531,-148.2,-0.09999999999999999,92.0,74.8720238095238,98.0
0318.563,-177.77692307692305,-4.1,94.375,74.77678571428571,98.0
0318.596,-217.4,-8.246153846153845,102.25,74.67857142857143,98.0
0318.629,-272.45000000000005,-10.525,107.625,74.58035714285714,98.0
0318.661,-329.8833333333333,-12.900000000000002,110.0,74.48511904761905,98.0
0318.693,-373.8538461538462,-15.938461538461537,108.1875,74.38988095238095,98.0
0318.735,-421.68333333333334,-21.422222222222224,104.5625,74.26488095238095,98.0
0318.766,-444.9,-23.425,103.625,74.17261904761905,98.0
0318.799,-471.3,-25.049999999999997,102.5625,74.07440476190477,98.0
0318.832,-488.4,-26.75,101.0,74.0,97.99999999999999
0318.867,-493.53333333333336,-29.924999999999997,101.0,74.0,98.0
0318.901,-496.46923076923076,-31.238461538461536,101.0,74.0,98.0
0318.933,-496.43333333333334,-32.1,101.0,74.0,98.0
0318.965,-495.5333333333333,-32.41538461538462,100.1875,74.0,98.0
0318.998,-492.6666666666667,-31.258333333333333,99.0,74.0,98.0
0319.030,-487.1,-32.1,98.0,74.0,98.0
0319.062,-476.5,-31.73846153846154,97.0,74.0,98.0
0319.093,-458.6333333333333,-31.2,97.0,74.0,98.0
0319.134,-427.425,-27.175,97.0,74.0,98.0
0319.165,-401.09166666666664,-22.933333333333334,97.0,74.00000000000001,98.0
0319.197,-370.7,-18.0,97.0,74.0,98.0
0319.230,-333.9,-15.369230769230768,97.0,74.0,98.0
0319.263,-278.5923076923077,-13.225,97.0,74.0,98.0
0319.297,-201.61666666666667,-9.899999999999999,96.0,74.0,98.0
0319.329,-120.06666666666666,-4.7,96.0,74.0,98.0
0319.360,-46.422222222222224,0.8500000000000001,97.0,74.0,98.0
0319.399,18.569230769230767,7.199999999999999,102.875,74.0,98.0
0319.430,47.733333333333334,9.583333333333332,107.64705882352942,74.0,98.0
0319.463,66.2,12.05,111.9375,74.0,98.0
0319.494,88.49230769230769,14.250000000000002,110.125,74.0,98.0
0319.533,126.94444444444446,14.777777777777779,106.6875,73.88988095238096,98.0
0319.564,152.67499999999998,17.7,104.75,73.79761904761905,98.0
0319.596,167.40000000000003,18.724999999999998,102.75,73.70238095238095,98.0
0319.628,172.09166666666667,21.133333333333333,100.75,73.60714285714286,98.0
0319.661,172.5,24.233333333333334,100.0,73.50892857142857,98.0
0319.702,176.85384615384615,24.0,100.0,73.38690476190476,98.0
0319.727,178.71666666666667,25.6,99.5625,73.3125,98.0
0319.767,178.65,22.5,99.0,73.19345238095238,98.0
0319.798,176.7,20.75,97.125,73.10119047619047,98.0
0319.829,175.7555555555556,21.422222222222224,96.1875,73.00892857142857,98.0
0319.861,169.53333333333333,21.200000000000003,96.0,73.0,97.99999999999999
0319.901,164.4,21.975,95.0,73.0,98.0
0319.931,159.2625,22.8,95.0,73.0,98.0
0319.963,153.6,22.577777777777776,95.1875,73.0,98.0
0319.994,147.325,22.3,96.0,73.0,98.0
0320.035,132.45,22.046153846153846,96.0,73.0,98.0
0320.069,137.71818181818182,20.833333333333336,95.1875,73.0,98.0
0320.107,158.95,19.0,95.0,73.0,98.0
0320.132,180.94615384615383,16.7,95.0,73.0,98.0
0320.164,208.65,19.9,96.0,73.0,98.0
0320.197,225.825,21.1,101.4375,73.0,98.0
0320.229,229.6,23.758333333333333,106.625,73.0,98.0
0320.262,223.4923076923077,23.453846153846154,111.875,73.0,98.0
0320.294,216.68461538461537,22.107692307692307,111.0625,73.0,98.0
0320.334,208.37499999999997,22.73846153846154,106.5625,73.0,98.0
0320.366,201.58181818181816,23.8,105.6,73.0,98.0
0320.399,193.475,25.200000000000003,103.5,73.0,98.0
0320.430,182.65,23.7,101.5625,73.0,98.0
0320.461,171.61538461538464,24.02307692307692,100.625,73.0,98.0
0320.494,163.76666666666668,20.116666666666667,100.0,72.99999999999999,98.0
0320.534,151.29999999999998,17.275,99.0,73.0,98.0
0320.564,146.1153846153846,17.85,98.25,73.0,98.0
0320.596,137.575,17.77777777777778,97.25,73.0,98.0
0320.628,130.88333333333333,18.541666666666664,97.0,73.0,98.0
0320.659,122.03333333333333,17.541666666666664,96.0,73.0,98.0
0320.699,113.85,15.55,95.0,73.0,98.0
0320.731,102.4,14.953846153846152,95.0,73.0,98.0
0320.763,91.13333333333333,12.161538461538463,95.0,73.0,98.0
0320.796,76.25,11.283333333333331,95.0,73.0,98.0
0320.828,69.20833333333333,10.633333333333333,95.0,73.0,98.0
0320.861,65.575,9.433333333333334,95.0,73.0,97.99999999999999
0320.893,71.87692307692308,6.7,95.0,73.0,98.0
0320.934,70.53076923076924,4.8,95.0,73.0,98.0
0320.966,73.26666666666668,4.0874999999999995,96.9375,73.0,98.0
0320.998,58.81666666666666,3.2,103.875,73.0,98.0
0321.030,49.266666666666666,-0.7333333333333335,108.875,73.0,98.0
0321.063,22.05,-5.15,111.0,73.0,98.0
0321.095,-10.366666666666667,-10.041666666666668,109.0,73.0,98.0
0321.128,-47.3,-15.183333333333334,105.9375,73.0,98.0
0321.161,-87.625,-20.3,104.875,73.0,98.0
0321.194,-124.75,-25.799999999999997,102.8125,73.00000000000001,98.0
0321.226,-167.4666666666667,-29.525,100.0,73.0,98.00000000000001
0321.266,-235.34615384615384,-33.4,99.0,73.0,98.0
0321.299,-302.4,-36.10769230769231,98.25,73.0,98.0
0321.330,-360.76666666666665,-37.95,98.0,73.0,98.0
0321.361,-413.6,-40.575,97.0,73.0,98.0
0321.393,-456.9307692307692,-42.45384615384616,96.0,73.0,98.0
0321.434,-498.84615384615387,-45.9,95.8125,73.0,98.0
0321.467,-520.0666666666666,-47.0375,95.0,73.0,98.0
0321.500,-536.7666666666667,-47.925000000000004,95.0,73.0,98.0
0321.533,-547.3333333333334,-47.6375,95.0,73.0,97.99999999999999
0321.567,-558.2153846153847,-48.733333333333334,95.0,73.0,98.00000000000001
0321.601,-561.5583333333333,-52.08461538461539,95.0,73.0,98.0
0321.634,-561.625,-56.3,95.0,73.0,98.0
0321.667,-548.3749999999999,-58.5,95.0,73.0,98.0
0321.699,-535.2,-58.8,95.0,73.0,98.0
0321.730,-509.94166666666666,-57.50769230769231,96.0,73.0,98.0
0321.761,-486.875,-56.9,99.25,73.0,98.0
0321.801,-457.6666666666667,-53.71666666666667,107.25,73.0,98.0
0321.833,-436.85,-50.625,111.0,73.0,98.0
0321.865,-413.0153846153846,-45.766666666666666,109.875,73.0,98.00000000000001
0321.896,-381.0,-41.4,107.9375,73.0,98.0
0321.927,-332.40000000000003,-37.78333333333333,106.0,73.0,98.0
0321.967,-274.6,-34.2,103.5,73.0,98.0
0321.999,-235.6583333333333,-32.366666666666674,101.5,73.0,98.0
0322.031,-200.64615384615388,-29.15,100.0,73.0,98.0
0322.063,-165.36666666666667,-23.053846153846152,100.0,73.0,98.0
0322.094,-129.35000000000002,-19.78333333333333,99.5625,73.0,98.0
0322.133,-92.75,-14.333333333333334,98.125,73.0,98.0
0322.164,-61.60000000000001,-12.1,98.0,73.0,98.0
0322.196,-31.933333333333337,-9.9,96.1875,73.0,98.0
0322.228,-4.0375000000000005,-5.961538461538462,96.0,73.0,98.0
0322.260,22.3,-3.65,95.1875,73.0,98.0
0322.300,40.13846153846154,1.2000000000000002,95.0,73.0,98.0
0322.331,50.599999999999994,3.8615384615384616,95.0,73.0,98.0
0322.363,56.575,6.25,95.0,73.0,98.0
0322.394,68.825,7.124999999999999,95.0,73.0,98.0
0322.435,105.55833333333334,10.466666666666667,95.0,73.0,98.0
0322.466,145.86153846153846,11.984615384615385,95.0,73.0,98.0
0322.497,183.03333333333336,16.925,95.6875,73.0,98.0
0322.528,204.45,18.333333333333336,99.25,73.08125,98.0
0322.560,218.6125,19.633333333333336,104.875,73.18124999999999,98.0
0322.606,209.7,19.475,111.0,73.325,98.0
0322.639,199.08461538461538,20.699999999999996,110.4375,73.428125,98.0
0322.665,193.3,20.575,107.8125,73.509375,98.0
0322.699,184.28333333333333,19.8,105.6875,73.615625,98.0
0322.731,181.8,17.762500000000003,103.6875,73.715625,98.0
0322.763,178.43333333333334,17.533333333333335,101.6875,73.815625,98.0
0322.797,167.375,16.8,100.0,73.921875,98.0
0322.828,149.63333333333333,17.0,100.0,74.0,98.0
0322.861,119.73076923076923,19.775,100.0,73.99999999999999,98.0
0322.894,87.7,19.96923076923077,99.0,74.0,98.00000000000001
0322.940,47.7,21.22222222222222,97.625,74.0,98.0
0322.958,33.7,21.73333333333333,97.0,74.0,98.0
0322.999,10.9,23.383333333333333,96.0,74.0,98.0
0323.033,7.8999999999999995,26.683333333333337,96.0,74.0,98.0
0323.066,8.484615384615385,29.900000000000002,96.25,74.0,98.0
0323.099,14.276923076923078,33.54615384615384,97.3125,74.0,98.0
0323.130,3.533333333333334,46.11666666666666,100.25,74.0,98.0
0323.161,-18.1,61.925,104.1875,74.00000000000001,98.0
0323.194,-35.58461538461538,74.88888888888889,106.0,74.0,98.0
0323.234,-26.407692307692308,86.29230769230769,104.25,74.0,98.0
0323.266,-4.091666666666666,86.3,101.5,74.0,98.0
0323.298,22.625,98.4875,100.0,74.0,98.0
0323.329,39.2,112.73076923076923,102.375,74.0,98.0
0323.361,60.5,130.09230769230768,106.375,74.0,98.0
0323.393,66.49166666666667,140.55,108.3125,74.0,98.0
0323.439,73.9,144.25833333333335,102.3125,74.0,98.0
0323.465,76.475,141.23333333333335,95.4375,74.0,98.0
0323.497,89.61538461538461,135.60000000000002,90.4375,74.00000000000001,98.0
0323.528,103.11538461538461,129.7076923076923,85.625,74.0,98.00000000000001
0323.559,109.83333333333333,124.3,76.875,74.0,98.0
0323.600,103.85,117.30000000000001,71.75,74.0,98.0
0323.631,102.46153846153847,112.6,68.4375,74.0,98.0
0323.665,108.7375,108.15555555555557,66.3125,74.0,98.0
0323.697,125.78888888888889,106.3625,64.3125,74.0,98.0
0323.729,143.93333333333334,104.2375,61.33333333333333,74.0,98.0
0323.761,149.525,101.05,59.3125,74.0,98.0
0323.793,131.1875,93.8,57.0,74.0,98.0
0323.834,80.60000000000001,77.83333333333334,54.25,74.0,98.00000000000001
0323.866,25.6,59.38333333333333,41.5,74.0,98.0
0323.899,-30.33846153846154,38.08461538461539,32.0625,74.0,98.0
0323.930,-87.83333333333333,15.7,29.0,74.0,98.0
0323.961,-146.55,-6.066666666666666,30.375,74.0,98.0
0323.993,-210.5076923076923,-24.799999999999997,34.375,74.0,98.0
0324.034,-275.03076923076924,-41.138461538461534,45.0,74.0,98.0
0324.066,-318.2,-46.333333333333336,53.0,74.0,98.0
0324.099,-353.8,-48.9125,62.0625,74.0,98.0
0324.131,-388.2846153846154,-51.37499999999999,81.5,74.0,98.0
0324.165,-431.4,-56.088888888888896,99.4375,74.0,98.0
0324.199,-460.1153846153846,-61.330769230769235,135.9375,74.0,98.0
0324.231,-484.49999999999994,-70.3,164.75,74.0,98.0
0324.262,-501.17499999999995,-74.85,183.0,74.0,98.0
0324.296,-514.3923076923077,-80.14166666666667,176.5,74.0,98.0
0324.328,-523.9333333333334,-81.30000000000001,167.5,74.0,98.0
0324.359,-524.45,-77.725,158.9375,74.0,98.0
0324.398,-520.7,-70.02499999999999,157.5,74.0,98.0
0324.430,-509.0,-63.11666666666666,158.5,74.0,98.0
0324.463,-492.1,-57.56923076923077,155.3125,74.0,98.0
0324.495,-466.40833333333336,-55.266666666666666,148.75,74.0,98.0
0324.526,-443.625,-55.05,138.5,74.0,98.0
0324.566,-410.4666666666667,-51.72500000000001,134.0,74.0,98.0
0324.599,-376.1461538461539,-49.16923076923077,131.9375,74.0,98.0
0324.631,-335.17692307692306,-45.108333333333334,128.8125,74.0,98.0
0324.663,-292.275,-41.43333333333333,119.75,74.0,98.0
0324.696,-252.89999999999998,-38.333333333333336,112.625,74.0,98.0
0324.728,-222.61666666666667,-34.12307692307692,106.75,74.0,98.0
0324.761,-186.4,-31.276923076923076,101.625,74.0,98.0
0324.794,-144.85000000000002,-27.5,98.75,74.0,98.0
0324.826,-82.45,-24.125,95.75,74.0,98.00000000000001
0324.865,-12.85,-16.7,94.0,74.0,98.0
0324.898,38.17777777777778,-11.725,95.75,74.0,98.0
0324.929,57.45,-6.084615384615384,103.0625,74.0,98.0
0324.961,69.71666666666667,-3.4416666666666664,108.375,74.0,98.0
0324.993,76.86666666666666,-1.3,111.0,74.0,98.0
0325.034,87.25384615384615,-2.3,108.75,74.0,98.0
0325.067,96.38333333333334,-0.9230769230769231,104.6875,74.0,98.0
0325.098,109.30000000000001,1.7,103.75,74.0,98.0
0325.129,116.25,5.1,101.86666666666667,74.0,98.0
0325.161,126.16153846153846,5.3,101.0,74.00000000000001,98.0
0325.203,137.5230769230769,3.8916666666666666,101.0,74.0,98.0
0325.227,146.5,2.730769230769231,100.6875,74.0,98.0
0325.269,165.38333333333335,1.825,99.0625,74.0,98.0
0325.293,175.95,2.5615384615384618,98.5625,74.0,98.0
0325.333,180.09166666666667,1.1,96.0625,74.0,98.0
0325.365,176.7,1.8083333333333336,95.0625,74.0,98.0
0325.399,175.89999999999998,1.5153846153846153,95.0,74.0,98.0
0325.432,180.5,2.85,95.0,74.0,98.0
0325.465,190.68333333333334,6.249999999999999,95.0,74.0,98.0
0325.498,196.45384615384614,10.55,95.0,74.0,98.00000000000001
0325.532,195.3,13.192307692307693,95.0,74.0,97.99999999999999
0325.564,204.50833333333333,13.249999999999998,95.0,74.0,98.0
0325.597,224.20000000000002,12.224999999999998,94.5625,74.0,98.0
0325.631,244.6,14.7125,94.0,74.0,98.0
0325.665,264.98333333333335,18.400000000000002,95.0,74.0,98.0
0325.699,269.00769230769225,21.930769230769233,97.625,74.0,98.0
0325.730,268.775,24.066666666666666,106.25,74.0,98.0
0325.762,267.2,24.90833333333333,110.75,74.0,98.0
0325.794,258.2111111111111,24.4,112.0,74.0,98.0
0325.827,249.9,24.3,109.375,74.0,98.0
0325.860,236.0,22.958333333333336,107.125,74.0,98.0
0325.893,225.6,22.75,105.0,74.0,98.0
0325.927,211.49166666666667,22.950000000000003,102.9375,74.0,97.99999999999999
0325.968,199.83333333333334,23.033333333333335,100.0,74.0,98.0
0326.001,180.75,25.092307692307692,99.3125,74.0,98.0
0326.034,148.9,30.900000000000002,99.0,74.0,98.0
0326.066,114.95,51.46666666666667,98.0,74.0,98.0
0326.098,85.65,66.55833333333332,97.25,74.0,98.0
0326.130,62.13333333333334,79.85384615384616,96.0,74.0,98.0
0326.163,36.766666666666666,78.85833333333333,95.125,74.0,98.0
0326.196,9.884615384615385,71.8153846153846,95.0,74.0,98.0
0326.228,-9.461538461538462,66.85833333333333,96.0,74.0,98.0
0326.261,-12.107692307692307,66.56666666666666,96.0,74.0,98.0
0326.294,-9.254545454545454,68.7,96.0,74.0,98.0
0326.334,-4.430769230769231,71.7,95.47058823529412,74.0,98.0
0326.366,3.0,70.13076923076923,95.0,74.0,98.0
0326.401,9.7,66.88461538461539,95.0,74.0,98.0
0326.434,22.9,64.48333333333333,95.0,74.0,98.0
0326.467,47.0,66.44166666666666,96.8125,74.0,98.0
0326.499,79.2,69.625,101.625,74.0,98.0
0326.532,107.3,75.9375,110.625,74.04573170731706,98.0
0326.565,125.7,82.875,112.0,74.09603658536585,97.99999999999999
0326.598,132.8230769230769,88.07499999999999,110.0,74.14634146341463,98.0
0326.629,127.95384615384616,93.76666666666667,107.125,74.1935975609756,98.0
0326.661,121.05000000000001,92.86153846153847,105.0625,74.2423780487805,97.99999999999999
0326.694,115.13846153846153,91.475,101.0,74.29268292682926,98.0
0326.740,108.8375,90.85,99.125,74.36280487804879,98.0
0326.768,106.68333333333332,92.99230769230769,99.0,74.40548780487805,98.0
0326.803,110.9,113.73076923076923,99.0,74.45884146341464,98.0
0326.827,118.83333333333334,123.65,99.0,74.4954268292683,98.0
0326.861,131.225,133.5,98.0,74.54725609756099,98.0
0326.895,146.2888888888889,134.125,97.0,74.59908536585365,98.0
0326.928,162.98888888888888,127.075,95.1875,74.64939024390245,98.0
0326.960,173.02499999999998,122.7,94.375,74.69817073170732,98.0
0327.007,194.4,118.23846153846154,94.5625,74.76981707317073,98.0
0327.039,211.1625,118.075,95.0,74.81859756097562,98.0
0327.064,219.55384615384617,121.05,96.0,74.85670731707317,98.0
0327.095,227.76666666666665,123.27692307692308,96.0,74.90396341463415,98.0
0327.128,232.06666666666666,123.13076923076925,96.0,74.95426829268293,98.0
0327.162,240.73333333333335,118.5,95.0,75.0,98.00000000000001
0327.194,254.23846153846154,113.35,94.0,75.0,98.0
0327.228,265.6,135.7,95.375,75.0,98.0
0327.260,275.625,177.2076923076923,99.125,75.0,98.0
0327.302,274.53333333333336,224.9,107.0,75.0,98.0
0327.335,267.3666666666667,241.33846153846153,112.0,75.0,98.0
0327.367,264.19166666666666,228.76666666666665,110.9375,75.0,98.0
0327.398,258.66923076923075,221.9,108.0,75.0,98.0
0327.429,252.36666666666667,211.825,106.0625,75.0,98.0
0327.460,250.0666666666667,202.875,104.125,75.0,98.0
0327.499,238.75,190.76666666666668,101.6875,75.0,98.0
0327.532,238.34444444444443,180.85384615384612,100.6,75.0,98.00000000000001
0327.563,237.3,172.18333333333334,100.0,75.0,98.0
0327.596,237.25,163.56666666666666,100.0,75.0,98.0
0327.628,233.27499999999998,154.025,98.5625,75.0,98.0
0327.660,210.27692307692308,138.04615384615386,97.5625,75.0,98.0
0327.701,165.15,111.80000000000001,96.0,75.0,98.0
0327.732,113.43333333333332,80.19230769230768,95.0,75.0,98.0
0327.764,54.9,47.266666666666666,94.0625,75.0,98.0
0327.796,-6.7538461538461565,11.266666666666666,94.0,75.0,98.0
0327.828,-66.7,-18.8,94.0,75.0,98.0
0327.861,-120.35,-52.684615384615384,94.0,75.0,98.0
0327.893,-165.2166666666667,-85.6,94.0,75.0,98.0
0327.939,-218.8,-129.575,94.0,75.0,98.0
0327.967,-252.48333333333332,-143.7,94.0,75.0,98.0
0328.000,-286.08333333333337,-158.5333333333333,94.6875,75.0,98.0
0328.031,-326.0,-164.9125,99.25,75.0,98.0
0328.063,-372.7666666666667,-168.675,104.875,75.0,98.0
0328.095,-428.23333333333335,-173.5,109.25,75.0,98.0
0328.126,-486.4916666666666,-176.8,110.4375,75.0,98.0
0328.167,-562.3375,-185.47692307692307,107.875,75.0,98.0
0328.198,-613.0538461538463,-189.65,104.9375,75.0,98.0
0328.231,-649.2230769230769,-193.85,102.875,75.0,98.0
0328.263,-682.5666666666667,-194.4,100.875,75.0,98.0
0328.297,-700.2,-194.99166666666667,100.0,75.0,98.0
0328.328,-712.8166666666667,-194.41666666666666,100.0,75.0,98.0
0328.360,-721.0384615384615,-193.9,99.0,75.0,98.0
0328.401,-738.5076923076923,-190.3,98.25,75.0,98.0
0328.433,-757.3076923076924,-189.76153846153846,97.25,75.0,98.0
0328.465,-770.5666666666667,-187.18461538461537,96.25,75.0,98.0
0328.497,-773.8499999999999,-184.05,95.25,75.0,98.0
0328.529,-770.1,-181.35,95.0,75.04274809160306,98.0
0328.561,-754.5583333333334,-177.43333333333334,94.25,75.09160305343512,98.00000000000001
0328.593,-739.4166666666666,-171.10000000000002,94.0,75.14045801526719,98.0
0328.631,-707.95,-163.05,94.0,75.19847328244275,98.0
0328.664,-667.0,-155.85,94.0,75.24885496183207,98.0
0328.696,-615.85,-147.7153846153846,94.0,75.29770992366412,98.00000000000001
0328.730,-553.375,-139.35000000000002,94.3125,75.34961832061069,98.0
0328.763,-501.20000000000005,-133.1,96.375,75.4,98.0
0328.798,-456.1615384615385,-126.7,100.125,75.45343511450382,98.0
0328.831,-413.95000000000005,-121.2,108.875,75.50381679389312,98.0
0328.863,-367.9916666666667,-115.06666666666666,111.3125,75.55267175572519,98.0
0328.895,-313.0,-108.63333333333333,111.33333333333334,75.60152671755725,98.0
0328.926,-254.71538461538458,-102.41666666666666,108.4375,75.64885496183206,98.0
0328.966,-182.68333333333334,-96.8,104.875,75.70992366412213,98.0
0328.997,-131.3,-89.77499999999999,101.9375,75.75725190839694,98.0
0329.028,-90.35,-83.85,100.0,75.80458015267176,98.0
0329.061,-53.675000000000004,-77.3,99.0,75.85496183206106,98.0
0329.093,-25.7,-73.06153846153846,99.0,75.90381679389313,98.0
0329.132,2.4,-66.71666666666667,99.0,75.96335877862596,98.0
0329.165,21.9,-61.87692307692308,97.4375,75.99999999999999,98.0
0329.199,54.724999999999994,-56.60000000000001,96.3125,76.0,98.0
0329.232,87.925,-51.76666666666667,94.29411764705883,76.0,98.0
0329.264,126.4,-46.725,93.25,76.0,98.0
0329.297,153.31666666666666,-42.3,93.0,76.0,98.0
0329.330,172.76153846153846,-37.24615384615385,93.0,76.0,98.0
0329.362,191.13333333333333,-32.8,93.0,76.0,98.0
0329.393,213.7,-29.875000000000004,93.0,76.0,98.0
0329.432,248.7,-26.6,93.0,76.0,98.0
0329.464,267.96923076923076,-24.883333333333333,92.0,76.0,98.0
0329.495,282.03333333333336,-23.5,92.125,76.0,98.0
0329.535,284.10833333333335,-21.646153846153844,95.25,76.0,98.0
0329.567,285.76666666666665,-21.141666666666666,103.875,76.0,98.0
0329.598,280.6166666666667,-21.924999999999997,108.125,76.0,98.0
0329.630,265.28333333333336,-23.633333333333336,110.0,76.0,98.0
0329.661,242.6,-26.138461538461534,108.5,76.0,98.0
0329.702,200.39999999999998,-28.677777777777777,105.9375,76.0,98.0
0329.734,153.7,-31.025000000000002,103.9375,76.0,98.0
0329.765,86.46666666666665,-34.349999999999994,102.0,76.0,98.0
0329.796,30.6,-35.983333333333334,100.0,76.0,98.0
0329.828,-31.624999999999996,-43.338461538461544,99.0,76.0,98.0
0329.867,-93.1,-49.3,99.0,76.0,97.99999999999999
0329.897,-143.45,-53.9625,98.75,76.0,98.0
0329.928,-205.3,-54.3,97.8125,76.0,98.0
0329.968,-296.7076923076923,-56.06153846153847,96.3125,76.0,98.0
0329.999,-362.85,-58.775000000000006,96.0,76.0,98.0
0330.031,-412.34166666666664,-64.1,96.0,76.0,98.0
0330.064,-451.57499999999993,-68.1,96.0,76.0,98.0
0330.096,-481.5153846153846,-68.68333333333334,96.0,76.0,98.0
0330.128,-506.83333333333337,-67.28333333333333,96.0,76.0,98.0
0330.167,-520.7833333333334,-67.38461538461539,96.125,76.00597014925374,98.00000000000001
0330.197,-523.875,-68.15,97.0,76.09552238805969,98.0
0330.230,-514.4444444444445,-68.55,98.0,76.19402985074628,98.0
0330.262,-504.2375,-67.76666666666667,99.125,76.28955223880598,98.0
0330.295,-492.9375,-65.07499999999999,103.35294117647058,76.38805970149254,98.0
0330.327,-483.0666666666667,-62.86666666666667,108.26666666666668,76.48358208955224,98.0
0330.368,-457.7615384615385,-59.35,113.0,76.60597014925374,98.0
0330.401,-436.1916666666666,-56.824999999999996,111.1875,76.70447761194029,98.0
0330.433,-407.93333333333334,-51.57692307692308,108.23529411764706,76.8,98.0
0330.465,-383.65,-49.6,106.1875,76.8955223880597,98.0
0330.497,-353.05384615384617,-45.425,104.1875,76.9910447761194,98.0
0330.529,-327.0090909090909,-44.230769230769226,102.0,77.00000000000001,98.0
0330.562,-305.76666666666665,-39.646153846153844,101.0,77.0,98.0
0330.594,-291.4916666666667,-36.55,101.0,77.0,98.0
0330.635,-277.55,-32.05,100.5625,77.0,98.0
0330.666,-263.9769230769231,-30.5,99.0,77.0,98.0
0330.697,-253.0,-28.03076923076923,97.6875,77.0,98.0
0330.728,-246.60000000000002,-25.25,97.0,77.0,98.0
0330.761,-237.7,-23.85,96.0,77.0,98.0
0330.795,-217.8,-22.15,95.0,77.0,98.0
0330.828,-204.6,-19.807692307692307,95.0,77.0,97.99999999999999
0330.860,-192.36666666666665,-15.183333333333334,95.0,77.0,98.0
0330.901,-165.3875,-9.5,95.0,77.0,98.0
0330.933,-128.35,-7.216666666666666,95.0,77.0,98.0
0330.964,-87.07692307692308,-3.5000000000000004,95.0,77.0,98.0
0330.996,-39.5,0.5230769230769231,96.0,77.0,98.0
0331.029,4.1,5.169230769230769,99.125,77.0,98.0
0331.062,35.7,6.025,106.375,77.0,98.0
0331.095,53.06153846153847,7.174999999999999,110.375,77.0,98.0
0331.128,47.976923076923086,8.153846153846153,112.0,77.0,98.0
0331.161,41.525,8.3,109.6875,77.01488095238096,98.0
0331.203,35.88333333333333,7.7153846153846155,108.0,77.13988095238096,98.0
0331.227,42.71666666666667,5.9,105.5625,77.21130952380952,98.0
0331.267,66.89230769230768,8.0875,104.0625,77.33035714285715,98.0
0331.300,91.10000000000001,13.8,102.0,77.42857142857143,98.0
0331.332,109.15,18.691666666666666,100.0,77.52380952380952,98.0
0331.364,127.61250000000001,21.950000000000003,99.0,77.61904761904762,98.0
0331.396,142.33333333333331,21.458333333333332,98.0,77.71428571428572,98.0
0331.429,158.075,19.815384615384616,96.9375,77.8125,98.0
0331.461,163.625,21.54615384615385,95.0,77.90773809523809,98.0
0331.500,160.10000000000002,22.341666666666665,93.5,78.0,97.99999999999999
0331.531,157.97692307692307,24.974999999999998,93.0,78.0,98.0
0331.562,156.9923076923077,24.9375,93.0,78.0,98.0
0331.594,152.7,25.575,93.375,78.0,98.0
0331.635,144.7,25.8,94.9375,78.0,98.0
0331.667,139.46923076923076,26.1,95.0,78.0,98.0
0331.698,164.22500000000002,28.46666666666667,95.0,78.0,98.0
0331.729,194.0333333333333,33.05384615384615,94.1875,78.0,98.0
0331.762,222.23333333333335,38.45,94.0,78.0,98.0
0331.795,235.63333333333333,44.541666666666664,95.875,78.0,98.0
0331.827,248.16153846153844,47.85,100.8125,78.0,98.0
0331.860,266.83333333333337,48.5,107.0,78.0,98.0
0331.901,280.0333333333333,51.276923076923076,112.0,78.0,98.0
0331.933,279.125,54.483333333333334,110.4375,78.0,98.0
0331.965,269.9307692307692,57.724999999999994,108.0,78.0,98.0
0331.999,260.5,59.1,106.3125,78.0,98.0
0332.033,257.2625,58.12307692307692,104.1875,78.0,98.0
0332.067,253.04999999999998,57.388888888888886,102.0625,78.0,98.0
0332.098,246.8,60.60833333333333,101.125,78.0,98.0
0332.130,240.23076923076923,62.0,101.0,78.0,98.0
0332.162,230.85,62.46923076923077,100.0,78.0,98.0
0332.195,226.9083333333333,63.96666666666666,99.0625,78.00000000000001,98.0
0332.228,218.26153846153846,65.08333333333333,98.0,78.0,98.0
0332.261,209.18888888888887,67.71666666666667,97.0,78.0,98.0
0332.301,200.7076923076923,80.03333333333333,96.0,78.0,98.0
0332.333,201.85,98.71538461538461,96.0,78.0,98.0
0332.366,197.0,115.12307692307694,95.375,78.0,98.0
0332.399,194.05,129.6583333333333,95.0,78.0,98.0
0332.433,191.63076923076923,124.9,95.0,78.0,98.0
0332.464,202.05,125.70769230769233,95.0,78.0,98.0
0332.497,230.05,125.925,95.0,78.0,98.0
0332.529,269.2,121.4,94.0,78.0,98.0
0332.560,314.92307692307696,122.16666666666667,94.0,78.0,98.0
0332.602,351.525,122.14999999999999,97.3125,78.0,98.0
0332.634,355.56666666666666,124.47777777777779,103.3125,78.0,98.0
0332.665,341.0,123.7375,110.375,78.0,98.0
0332.697,320.86153846153843,121.23333333333333,112.0,78.0,98.0
0332.728,306.0230769230769,116.95,110.6875,78.0,98.0
0332.759,292.6166666666667,114.9846153846154,108.75,78.0,98.0
0332.801,281.64166666666665,109.56666666666666,106.125,78.0,98.0
0332.835,269.6,106.14999999999999,103.0,77.99999999999999,98.0
0332.868,257.3,103.775,101.9375,78.0,98.0
0332.899,249.67499999999998,100.54615384615384,101.0,78.0,97.99999999999999
0332.931,239.125,95.8,100.0,78.0,98.0
0332.963,230.225,90.95,100.0,78.0,98.0
0332.996,221.16666666666663,87.3,98.0,78.0,98.0
0333.030,215.24166666666667,85.3625,97.0,78.0,98.0
0333.064,218.16666666666669,83.78750000000001,96.0,78.0,98.0
0333.096,214.0,83.775,95.0,78.0,98.0
0333.129,210.57777777777778,104.4,95.0,78.0,98.0
0333.161,210.79166666666666,124.36666666666666,94.0,78.0,98.0
0333.195,199.66666666666666,142.63846153846154,94.0,78.0,98.0
0333.226,196.05,143.25,94.0,78.0,98.0
0333.268,177.90000000000003,134.71666666666667,94.0,78.0,98.0
0333.298,178.1,129.44166666666666,94.0,78.0,98.0
0333.330,190.4,122.83076923076922,94.0,78.0,98.0
0333.361,204.26666666666665,118.3,94.0,78.0,98.0
0333.400,229.10000000000002,114.65,95.625,78.0,98.0
0333.431,238.95384615384614,117.2,99.5625,78.0,98.0
0333.464,247.73333333333332,120.6,105.5,78.0,98.0
0333.497,253.21666666666664,127.46153846153847,111.0,78.00000000000001,98.0
0333.530,247.8,133.475,110.625,78.0,97.99999999999999
0333.563,240.13333333333333,135.875,107.5625,78.0,98.0
0333.595,231.68333333333334,139.3,106.0,78.0,98.0
0333.629,226.69166666666666,137.61666666666667,104.4375,78.0,98.0
0333.662,226.2923076923077,137.38333333333335,101.375,78.0,98.0
0333.694,225.33846153846153,134.14999999999998,100.375,78.0,98.0
0333.727,224.04999999999998,131.86923076923077,100.0,78.0,98.0
0333.768,218.0375,129.31538461538463,99.75,78.0,98.0
0333.799,213.23333333333332,124.1923076923077,98.0,78.0,98.0
0333.831,201.4666666666667,119.475,96.8125,78.0,98.0
0333.862,188.61538461538458,113.97500000000001,95.875,78.0,98.00000000000001
0333.894,169.24615384615385,106.73076923076923,95.0,78.0,98.0
0333.927,146.22307692307692,99.825,95.0,78.0,98.0
0333.960,112.5,88.675,95.0,78.0,98.0
0334.002,68.55384615384615,67.6,95.0,78.0,98.0
0334.034,17.43846153846154,45.475,94.0,78.0,98.0
0334.067,-36.92857142857142,19.625,94.0,78.0,98.0
0334.099,-95.875,-9.333333333333334,94.9375,78.0,98.0
0334.131,-143.65,-37.93636363636364,94.0,78.0,98.0
0334.163,-173.30769230769232,-63.8,93.0625,78.0,98.0
0334.194,-200.6,-86.975,93.0,77.91044776119404,98.0
0334.234,-237.08333333333334,-113.43076923076923,96.875,77.7910447761194,98.0
0334.264,-278.2583333333333,-135.15,101.9375,77.70149253731343,98.0
0334.297,-331.6538461538462,-155.55,109.375,77.60298507462687,98.0
0334.328,-381.45000000000005,-169.5,111.0,77.51044776119403,98.0
0334.361,-439.95000000000005,-185.75555555555553,108.625,77.41194029850746,98.0
0334.394,-505.55,-194.55555555555554,106.2,77.31343283582089,98.0
0334.427,-573.0846153846154,-201.575,103.5,77.21492537313432,98.0
0334.460,-642.7583333333332,-204.475,101.4375,77.11641791044775,98.0
0334.502,-717.9692307692308,-206.96666666666667,99.0,77.0,98.0
0334.535,-764.5,-207.46923076923076,98.0,77.0,98.0
0334.573,-801.6153846153846,-206.62307692307692,98.0,77.0,98.0
0334.598,-817.7,-205.2,98.0,77.0,98.0
0334.629,-833.6,-202.9,97.0,77.0,98.0
0334.661,-839.8222222222223,-200.05384615384617,95.875,77.0,98.0
0334.701,-844.7,-195.63846153846157,94.0,77.0,98.0
0334.732,-830.3,-191.0,94.0,77.0,98.0
0334.763,-807.1166666666667,-186.0875,94.0,77.0,98.0
0334.796,-765.4333333333333,-179.33333333333334,94.0,77.0,98.0
0334.829,-728.2833333333333,-171.7,94.0,77.0,98.0
0334.862,-694.7076923076922,-163.3,94.0,77.0,98.0
0334.895,-659.7,-155.9,94.0,77.0,98.0
0334.929,-616.0461538461539,-151.3,94.0,77.0,98.0
0334.962,-565.5916666666667,-148.33076923076922,94.0,77.0,98.0
0334.995,-519.4,-143.63333333333333,94.0,77.0,98.0
0335.026,-493.1,-137.9,95.0,77.0,98.0
0335.065,-468.6153846153846,-129.5,100.125,77.0,98.0
0335.096,-450.6666666666667,-122.8923076923077,107.625,77.0,98.0
0335.128,-438.225,-118.51538461538462,111.0,77.0,98.0
0335.160,-429.9153846153846,-115.875,109.6875,76.98511904761905,98.0
0335.201,-424.40000000000003,-111.25833333333333,106.25,76.86309523809524,98.00000000000001
0335.233,-416.25,-109.46666666666667,104.125,76.76785714285715,98.0
0335.265,-408.4375,-107.42307692307693,101.125,76.67261904761905,98.0
0335.297,-400.7,-105.0,100.0,76.57738095238095,98.0
0335.328,-391.4,-102.18333333333334,100.0,76.48511904761905,98.0
0335.368,-380.6538461538462,-96.03333333333333,99.6875,76.36607142857143,98.0
0335.399,-368.93333333333334,-92.025,98.75,76.27380952380952,98.0
0335.430,-362.45000000000005,-89.2,97.8125,76.18154761904762,98.0
0335.462,-355.375,-86.9,97.0,76.08630952380952,98.0
0335.494,-352.60769230769233,-85.38333333333334,96.0,76.0,98.0
0335.534,-344.7,-83.4,95.0,76.0,98.0
0335.565,-340.26666666666665,-83.2,94.375,76.0,98.0
0335.597,-335.9625,-81.5153846153846,94.625,76.0,98.0
0335.628,-336.79999999999995,-78.96666666666667,95.0,76.0,98.0
0335.667,-335.1833333333334,-75.51538461538462,95.0,76.0,98.0
0335.698,-328.7,-72.9,95.0,76.0,98.0
0335.729,-306.44444444444446,-70.675,95.0,76.0,98.0
0335.761,-279.025,-68.26666666666667,95.0,76.0,98.0
0335.793,-250.875,-67.08461538461538,95.0,76.0,98.0
0335.839,-214.85,-61.261538461538464,100.25,75.99999999999999,98.0
0335.865,-202.66153846153847,-61.05,104.2,76.0,98.00000000000001
0335.896,-194.44615384615386,-58.866666666666674,111.33333333333334,76.0,98.0
0335.928,-190.225,-56.64999999999999,111.625,76.0,98.0
0335.967,-186.32500000000002,-55.407692307692315,108.1875,76.0,98.0
0336.000,-185.70000000000002,-52.45,106.125,76.0,98.0
0336.033,-185.575,-51.233333333333334,104.0625,76.0,98.0
0336.065,-185.33076923076922,-50.449999999999996,102.0,76.0,98.0
0336.098,-183.34999999999997,-49.93076923076923,101.0,76.0,98.0
0336.131,-184.875,-49.907692307692315,100.0,76.0,98.0
0336.164,-183.425,-49.0,99.875,76.0,98.0
0336.195,-183.6923076923077,-45.95,98.9375,76.0,98.0
0336.227,-186.55,-43.7,97.9375,76.0,98.0
0336.267,-186.9,-41.30769230769231,96.4375,76.0,98.0
0336.300,-191.95,-42.55,96.0,76.0,98.0
0336.333,-190.14444444444445,-41.25833333333333,95.0,76.0,98.0
0336.365,-189.05,-40.46666666666667,95.0,76.0,98.0
0336.397,-189.875,-37.90769230769231,95.0,76.0,98.0
0336.429,-189.96666666666667,-38.425,95.0,76.0,98.0
0336.461,-190.175,-38.266666666666666,95.0,76.0,98.0
0336.493,-180.53846153846158,-37.64166666666667,94.0,76.0,98.0
0336.534,-156.25,-35.849999999999994,94.0,76.0,98.0
0336.567,-117.94999999999999,-33.392307692307696,94.0,76.0,98.0
0336.599,-86.66666666666667,-31.875,96.3125,76.0,97.99999999999999
0336.634,-61.63076923076923,-28.766666666666666,100.5,76.0,98.0
0336.667,-46.53333333333333,-28.041666666666664,106.6875,76.0,98.0
0336.698,-45.79230769230769,-26.03076923076923,110.5,76.0,98.0
0336.729,-38.5125,-24.95,109.5625,76.0,98.0
0336.761,-36.166666666666664,-24.3,106.5625,76.0,98.0
0336.794,-31.65,-22.80769230769231,105.0,76.0,98.0
0336.828,-23.85,-21.75384615384616,103.375,76.0,98.0
0336.861,-20.433333333333334,-19.59166666666667,100.3125,76.0,98.0
0336.894,-1.8444444444444446,-15.666666666666666,100.0,76.0,98.0
0336.926,21.700000000000003,-12.25,99.0,76.0,98.0
0336.966,55.42307692307692,-8.783333333333331,98.75,76.0,98.0
0336.998,70.30000000000001,-8.261538461538462,97.75,76.0,98.0
0337.029,78.23076923076923,-7.95,96.8125,76.0,98.0
0337.062,85.94615384615385,-8.125,96.0,76.0,98.0
0337.094,86.36666666666667,-5.633333333333333,95.0,76.0,98.0
0337.140,89.9,-0.17500000000000004,94.875,76.0,98.0
0337.167,91.25,3.583333333333333,94.0,76.0,98.00000000000001
0337.201,95.16666666666667,6.45,94.0,76.0,98.0
0337.234,90.36923076923077,8.6625,95.0,76.0,97.99999999999999
0337.264,90.32307692307691,10.05,95.0,76.0,98.0
0337.296,85.74166666666666,9.075,95.0,76.0,98.0
0337.328,82.6,8.5125,94.0,76.0,98.0
0337.368,82.725,10.850000000000001,94.0,76.0,98.0
0337.398,88.63333333333334,16.3,95.5,76.0,98.0
0337.430,104.9,25.1,99.75,76.0,98.0
0337.463,126.3,33.48461538461538,105.625,76.0,98.0
0337.495,138.36153846153846,38.253846153846155,111.0,75.99255952380952,98.00000000000001
0337.526,138.4,41.16153846153846,110.8125,75.94642857142857,98.0
0337.567,143.75,45.315384615384616,107.25,75.88541666666666,98.0
0337.599,148.06666666666666,46.175000000000004,105.1875,75.83779761904762,98.0
0337.632,149.93076923076922,45.291666666666664,103.125,75.78869047619048,98.0
0337.663,145.14999999999998,43.6375,101.0,75.74255952380952,98.0
0337.695,146.2,42.58888888888889,100.0,75.69494047619048,98.0
0337.727,145.25,44.16666666666667,100.0,75.64732142857143,98.0
0337.767,145.85384615384618,45.75,99.73333333333335,75.58779761904762,98.0
0337.798,135.9923076923077,44.975,98.80000000000001,75.54166666666667,98.0
0337.830,123.9,44.38461538461539,97.80000000000001,75.49404761904762,98.0
0337.862,111.01666666666665,45.0,96.75,75.44642857142858,98.0
0337.895,100.125,42.86666666666667,96.0,75.39732142857143,98.0
0337.927,96.71111111111111,40.2,96.0,75.34970238095238,98.0
0337.959,96.6,35.47692307692308,95.0,75.30208333333334,98.0
0338.000,105.63333333333333,28.66666666666667,95.0,75.24107142857143,98.0
0338.032,98.15,22.92307692307692,95.0,75.19345238095238,98.0
0338.065,65.19230769230768,14.9,95.0,75.14434523809523,98.0
0338.096,2.25,4.2,94.0,75.09821428571429,98.0
0338.129,-86.6,-12.9,94.0,75.04910714285714,98.0
0338.162,-170.85,-29.099999999999998,94.0,75.0,98.0
0338.194,-236.66666666666663,-41.13333333333333,94.0,75.0,98.0
0338.226,-272.725,-46.69166666666666,95.0,75.0,98.0
0338.268,-287.21538461538466,-43.95,100.875,75.0,98.0
0338.300,-273.7416666666666,-38.28888888888889,108.25,75.0,98.0
0338.332,-255.3,-32.62307692307692,110.0,75.0,98.0
0338.365,-235.70000000000002,-27.9,108.3125,75.0,98.0
0338.399,-218.6076923076923,-24.933333333333337,106.1875,75.0,98.0
0338.431,-194.0076923076923,-21.338461538461537,104.1875,75.0,98.0
0338.464,-170.2,-17.976923076923075,102.0,75.0,98.0
0338.496,-155.0,-14.8,101.0,75.0,98.0
0338.530,-145.5769230769231,-15.100000000000001,100.0,75.04878048780488,98.0
0338.563,-132.38333333333333,-13.066666666666668,100.0,75.09908536585365,98.0
0338.595,-107.92500000000001,-9.4,99.0,75.14786585365854,98.0
0338.627,-84.13333333333333,-5.525,98.9375,75.1966463414634,98.0
0338.667,-85.9,0.35,97.4375,75.2576219512195,98.00000000000001
0338.698,-86.52307692307693,0.8666666666666667,96.5,75.3048780487805,97.99999999999999
0338.729,-75.0,2.476923076923077,96.0,75.35213414634147,98.0
0338.763,-52.724999999999994,5.092307692307692,96.0,75.40396341463415,98.0
0338.797,-32.81666666666667,8.533333333333331,96.0,75.45579268292683,98.0
0338.830,-21.138461538461534,10.899999999999999,96.0,75.5060975609756,98.0
0338.863,-11.275000000000002,10.283333333333331,96.0,75.5564024390244,98.0
0338.894,-1.7166666666666668,9.507692307692308,96.0,75.60365853658536,98.0
0338.934,15.8,8.983333333333334,95.75,75.66463414634147,98.0
0338.967,34.56923076923077,11.316666666666666,95.3125,75.71493902439025,98.0
0338.998,58.733333333333334,12.8625,97.25,75.76219512195122,98.0
0339.029,81.575,14.311111111111112,100.375,75.8094512195122,98.0
0339.061,98.8,15.600000000000001,105.5625,75.85823170731707,98.0
0339.093,106.53076923076924,16.35,111.0,75.90701219512195,98.0
0339.132,110.32500000000002,16.666666666666664,110.375,75.96646341463415,98.0
0339.165,113.4,16.4,107.3125,76.0,98.0
0339.199,113.875,16.433333333333334,105.1875,76.0,98.0
0339.232,111.54615384615386,17.1,103.125,76.0,98.0
0339.266,104.62307692307691,16.90833333333333,101.0,76.0,98.0
0339.299,99.475,14.238461538461538,100.0,76.0,98.0
0339.333,90.51666666666667,14.9,100.0,76.0,98.0
0339.366,85.51666666666667,13.169230769230769,100.0,76.0,98.0
0339.399,80.66153846153846,15.316666666666665,99.0,76.0,98.0
0339.431,75.575,17.2,97.6875,76.0,98.0
0339.464,71.375,18.3,97.0,76.0,98.0
0339.496,68.55,17.1,96.0,76.0,98.0
0339.528,70.98888888888888,17.633333333333333,96.0,76.0,98.0
0339.559,78.575,17.299999999999997,96.0,76.0,98.0
0339.604,93.91666666666666,20.175,96.0,76.0,98.0
0339.628,103.80000000000001,21.20769230769231,96.0,76.0,98.0
0339.660,117.80833333333331,23.400000000000002,95.375,76.0,98.0
0339.700,137.7,22.9375,95.0,76.0,98.0
0339.733,165.07777777777778,22.625000000000004,94.0,76.0,98.0
0339.765,197.1,24.366666666666667,93.0,76.0,98.0
0339.797,226.60833333333335,28.284615384615385,95.375,76.0,98.0
0339.828,242.5923076923077,32.2,99.375,76.0,98.00000000000001
0339.861,247.85,35.0,105.375,76.0,98.00000000000001
0339.893,246.57500000000002,33.45384615384615,108.0,76.0,98.0
0339.940,237.6272727272727,32.35833333333333,105.875,76.0,98.0
0339.968,232.45,30.86153846153846,102.25,76.0,98.0
0340.000,223.35833333333332,29.15,100.0625,76.0,98.0
0340.033,219.86153846153846,26.450000000000003,99.0,76.0,98.0
0340.065,215.7125,24.7875,98.0,76.0,98.0
0340.098,218.36249999999998,23.566666666666666,98.0,76.0,98.0
0340.131,223.65,23.9,98.0,76.0,98.0
0340.164,224.70000000000002,24.666666666666668,97.8125,76.0,98.0
0340.197,223.45000000000002,25.933333333333337,96.75,76.0,97.99999999999999
0340.230,217.63333333333333,26.823076923076925,95.99999999999999,76.0,98.0
0340.264,228.8,28.715384615384615,95.0,76.0,98.0
0340.297,253.65000000000003,31.2,95.0,76.0,98.0
0340.331,284.8666666666667,34.95,95.0,76.0,98.0
0340.363,313.3384615384615,36.45,94.0,76.0,98.0
0340.396,319.4666666666667,36.25,94.0,76.0,98.0
0340.427,323.68333333333334,34.644444444444446,94.0,76.0,98.0
0340.466,324.8,55.1875,95.0,76.0,98.0
0340.498,331.0846153846154,80.5,96.0,76.0,98.0
0340.531,348.8666666666667,108.17499999999998,96.0,76.0,98.0
0340.565,362.9,128.82307692307694,96.1875,76.0,98.0
0340.596,368.5,130.5,100.25,76.0,98.0
0340.629,361.75,131.8,105.5,76.0,98.0
0340.661,346.0625,125.53076923076922,109.25,76.0,98.0
0340.706,323.625,117.025,108.9375,76.0,98.0
0340.731,311.95,112.0,107.375,76.0,98.0
0340.765,301.46923076923076,109.74166666666667,104.0,76.0,98.0
0340.799,297.9166666666667,105.8,102.125,76.0,98.0
0340.833,295.1083333333333,101.14166666666667,101.0,76.0,98.0
0340.867,289.1,96.78461538461538,101.0,76.0,98.0
0340.899,284.54615384615386,91.81666666666668,101.0,76.0,98.0
0340.930,274.06666666666666,90.43333333333334,102.0,76.0,98.0
0340.963,261.45,88.27692307692308,101.875,76.0,98.0
0340.996,246.45000000000002,89.5,100.8125,76.0,98.0
0341.028,230.55384615384617,86.66666666666666,99.8125,76.0,98.0
0341.060,202.5,77.88333333333333,99.0,76.0,98.0
0341.102,138.1,57.43333333333334,99.0,76.0,98.0
0341.135,56.650000000000006,39.31538461538462,99.0,76.0,98.0
0341.167,-24.058333333333334,21.869230769230768,99.0,76.00000000000001,98.0
0341.199,-93.9,-1.65,99.0,76.0,98.00000000000001
0341.230,-157.94166666666666,-25.891666666666666,99.0,76.0,98.0
0341.263,-210.49166666666665,-50.474999999999994,98.125,76.0,98.0
0341.296,-263.3538461538461,-69.77692307692307,98.0,76.0,98.0
0341.329,-312.4384615384616,-82.83333333333334,99.0,76.0,98.0
0341.361,-377.3833333333333,-94.775,102.0,76.0,98.0
0341.400,-465.07499999999993,-114.8875,109.875,76.0,98.0
0341.432,-541.3666666666667,-124.06666666666666,112.0,76.0,98.0
0341.465,-610.1333333333333,-129.7875,111.5,76.0,98.0
0341.497,-660.5538461538462,-131.25,107.5,76.0,98.0
0341.530,-699.8666666666667,-131.51666666666668,105.4375,76.0,98.0
0341.563,-720.1,-131.67692307692306,103.0,76.0,98.0
0341.598,-738.1692307692308,-130.56666666666666,102.0,76.0,98.0
0341.631,-752.0,-127.53333333333335,102.0,76.0,98.0
0341.663,-770.2583333333333,-124.78461538461538,102.0,76.0,98.0
0341.695,-781.9615384615386,-121.625,101.125,76.0,98.0
0341.728,-789.6375,-118.77272727272728,100.0,76.0,98.0
0341.760,-789.225,-115.29999999999998,99.0,76.0,98.0
0341.802,-773.7,-110.1,97.0,76.0,98.0
0341.827,-758.8166666666666,-107.55555555555554,97.0,76.0,98.0
0341.860,-731.2166666666667,-102.83333333333333,97.0,76.0,97.99999999999999
0341.893,-689.4846153846154,-98.34166666666665,97.0,76.0,98.0
0341.927,-637.3333333333334,-94.23333333333333,97.0,76.0,98.0
0341.960,-573.7,-89.16153846153844,96.5,76.0,98.0
0341.995,-499.45000000000005,-84.61666666666666,96.0,76.0,98.0
0342.028,-429.7,-78.35384615384616,96.0,76.0,98.0
0342.061,-366.65,-72.80000000000001,96.75,76.0,98.0
0342.094,-303.55,-65.76923076923077,100.625,76.0,98.0
0342.126,-250.30833333333334,-58.36666666666667,106.8125,76.0,98.0
0342.159,-205.15555555555554,-52.533333333333346,108.875,76.0,98.0
0342.199,-150.78461538461542,-48.13333333333334,106.25,76.0,97.99999999999999
0342.232,-112.41538461538462,-45.24615384615385,103.5625,76.0,98.0
0342.264,-78.0,-42.925,101.5625,76.0,98.0
0342.295,-56.12222222222222,-41.2125,99.0,76.0,98.0
0342.326,-44.5125,-39.775,98.0,76.0,98.0
0342.367,-40.1875,-37.6,99.0,76.0,98.0
0342.400,-44.35,-35.075,99.0,76.0,98.0
0342.432,-40.4,-33.300000000000004,98.0625,76.0,98.0
0342.464,-42.49230769230769,-32.083333333333336,97.0,76.0,98.0
0342.497,-43.2,-32.11666666666667,96.0,76.0,98.0
0342.528,-51.35,-33.8,95.0,76.0,98.0
0342.560,-66.975,-36.4,95.0,76.0,98.0
0342.600,-109.2,-36.475,95.0,76.0,98.0
0342.633,-143.12307692307692,-34.574999999999996,95.0,76.0,98.0
0342.664,-157.875,-28.983333333333334,95.0,76.0,98.0
0342.696,-135.5,-22.900000000000002,94.0,76.0,98.0
0342.728,-89.1,-17.6,94.0,76.0,98.0
0342.760,-39.07692307692308,-14.012500000000001,95.4375,76.0,98.0
0342.802,16.533333333333335,-8.666666666666666,99.1875,76.0,98.0
0342.827,44.93333333333333,-6.384615384615385,103.875,76.0,98.0
0342.867,94.94999999999999,-4.377777777777777,111.0,76.10658307210032,98.0
0342.898,126.83333333333334,-2.75,110.9375,76.20376175548589,98.0
0342.930,147.375,-2.125,106.9375,76.30407523510972,98.0
0342.963,153.7,-2.118181818181818,104.86666666666667,76.40752351097179,98.0
0342.996,155.43333333333334,0.5166666666666667,101.75,76.51097178683386,98.0
0343.027,151.61666666666667,3.1,100.8125,76.60815047021944,98.0
0343.069,154.91666666666669,6.6923076923076925,99.1875,76.7398119122257,98.0
0343.093,170.53076923076924,7.541666666666667,99.0,76.81504702194357,98.0
0343.133,198.56666666666666,8.266666666666666,99.0,76.94043887147336,98.0
0343.165,227.1,11.216666666666667,97.1875,77.0,98.00000000000001
0343.198,229.64999999999998,12.655555555555555,96.0,77.00000000000001,98.00000000000001
0343.230,233.0076923076923,15.725,95.0,77.0,98.0
0343.263,229.55,15.975,94.0,77.0,98.0
0343.295,224.39999999999998,19.35,93.0,77.0,98.0
0343.328,217.35,21.333333333333336,93.0,77.0,98.0
0343.369,208.03333333333336,27.223076923076924,92.0,77.0,98.0
0343.401,220.125,29.423076923076923,93.0,77.0,98.0
0343.433,247.75,31.3,93.0,77.0,98.0
0343.464,280.84999999999997,33.6,93.0,77.0,98.0
0343.496,318.06666666666666,38.230769230769226,95.5,77.02373887240357,97.99999999999999
0343.527,337.53846153846155,42.96666666666666,99.3125,77.11572700296735,98.0
0343.567,344.3,47.9,107.875,77.23442136498517,98.0
0343.599,340.3,46.858333333333334,110.0,77.32937685459942,98.0
0343.631,332.0,47.78888888888889,110.0,77.42433234421365,98.0
0343.664,321.9,47.862500000000004,108.0,77.52225519287833,98.0
0343.696,316.9,47.4,106.0,77.61721068249258,98.0
0343.730,306.9,48.5,104.0,77.71810089020772,98.0
0343.762,296.1,49.40769230769231,102.875,77.81305637982196,98.0
0343.793,274.46666666666664,47.400000000000006,102.0,77.90504451038575,98.0
0343.833,223.96153846153845,40.858333333333334,102.0,78.0,97.99999999999999
0343.864,174.54615384615383,32.825,101.5625,78.0,98.0
0343.897,125.83333333333334,25.17692307692308,100.5,78.0,98.00000000000001
0343.929,77.21666666666667,17.125,100.0,78.0,98.0
0343.962,33.830769230769235,7.675000000000001,99.0,78.0,98.0
0343.995,-6.45,-1.4249999999999996,99.0,78.0,98.0
0344.029,-59.5,-9.26153846153846,99.0,78.0,98.0
0344.062,-113.8,-15.977777777777778,99.0,78.0,98.0
0344.094,-165.06923076923078,-23.049999999999997,99.0,78.0,98.0
0344.127,-219.6,-31.25,99.0,78.0,98.0
0344.160,-251.2,-39.0,98.0,78.0,98.0
0344.206,-287.40000000000003,-46.9625,97.8125,78.13432835820896,98.0
0344.232,-298.2,-50.05555555555556,98.47058823529412,78.21194029850746,98.0
0344.263,-322.3769230769231,-49.125,101.8235294117647,78.30447761194029,98.0
0344.293,-347.6076923076923,-46.6,108.5,78.39402985074626,98.0
0344.335,-371.1083333333333,-40.284615384615385,112.0,78.51940298507463,98.0
0344.366,-368.2,-35.7,112.0,78.61194029850746,98.0
0344.399,-348.3666666666667,-29.3,110.0625,78.71044776119403,98.0
0344.430,-321.20000000000005,-24.700000000000003,108.125,78.80298507462686,98.0
0344.462,-289.1625,-20.8,106.125,78.89850746268657,98.0
0344.493,-268.05,-18.1,103.1875,78.9910447761194,98.0
0344.534,-234.34615384615387,-15.315384615384616,101.0,79.0,97.99999999999999
0344.566,-214.85384615384615,-14.55,100.0,79.0,98.0
0344.599,-198.52499999999998,-12.876923076923077,99.5625,79.0,98.0
0344.632,-188.35000000000002,-10.484615384615385,99.0,79.0,98.0
0344.666,-177.29999999999998,-8.5,97.375,79.0,98.0
0344.700,-164.0,-6.575000000000001,96.0,79.0,98.0
0344.733,-132.4,-7.475,96.0,79.0,98.0
0344.764,-93.98333333333333,-7.36923076923077,95.75,79.0,98.0
0344.797,-63.253846153846155,-6.125,96.0,79.0,98.0
0344.830,-42.550000000000004,-2.6666666666666665,96.0,79.0,98.0
0344.863,-28.833333333333336,0.30000000000000004,96.0,79.0922619047619,98.0
0344.896,-8.241666666666667,4.076923076923077,95.0,79.19047619047619,98.0
0344.929,23.711111111111112,4.15,93.9375,79.28869047619048,98.0
0344.962,63.4,5.9,93.0,79.38690476190476,98.0
0344.995,95.8,6.25,94.1875,79.48511904761904,98.0
0345.028,115.1,8.2,98.5,79.58333333333334,98.0
0345.059,121.8,9.5625,103.5625,79.67559523809524,98.0
0345.102,116.65,12.33076923076923,109.0,79.80357142857143,98.0
0345.135,99.21111111111111,8.65,109.0,79.90178571428572,98.0
0345.169,70.9,2.8333333333333335,106.9375,80.0,98.0
0345.202,30.950000000000003,-6.4,105.875,80.0,98.0
0345.228,-14.038461538461538,-10.899999999999999,104.25,80.0,98.0
0345.262,-76.86153846153846,-20.616666666666667,101.125,80.0,98.0
0345.293,-139.625,-29.141666666666666,100.0,80.0,98.0
0345.334,-229.50833333333333,-41.65,99.0,80.0,98.0
0345.366,-305.04999999999995,-48.800000000000004,98.0,80.0,98.0
0345.399,-389.0,-54.59166666666666,97.5625,80.0,98.0
0345.431,-448.44444444444446,-57.9,96.0,80.0,98.0
0345.464,-496.925,-60.0,95.0,80.0,98.0
0345.496,-522.5625,-60.144444444444446,95.0,80.0,98.0
0345.528,-534.723076923077,-60.9875,94.0,80.0,98.0
0345.560,-534.5,-60.225,94.0,80.0,98.0
0345.594,-523.5500000000001,-57.262499999999996,94.0,80.0,98.0
0345.627,-509.8125,-52.40769230769231,94.0,80.0,98.0
0345.660,-499.07692307692304,-44.599999999999994,94.0,80.0,98.0
0345.702,-487.2416666666667,-38.225,94.0,80.0,98.0
0345.735,-459.625,-35.333333333333336,93.5,80.0,98.0
0345.766,-422.25,-33.238461538461536,93.0,80.0,98.0
0345.798,-375.4,-30.799999999999997,93.4375,80.0,98.0
0345.831,-322.725,-26.325000000000003,97.0,79.99999999999999,97.99999999999999
0345.863,-277.70000000000005,-24.366666666666667,102.0,80.0,98.0
0345.896,-234.7,-22.4,108.5625,80.0,98.0
0345.930,-204.57692307692307,-19.661538461538463,109.0,80.0,98.0
0345.963,-179.7,-17.333333333333336,108.25,80.0,98.0
0345.998,-153.85555555555558,-15.8,106.0,80.0,98.0
0346.032,-123.5,-14.625000000000002,104.0,80.0,98.0
0346.067,-105.4,-14.411111111111111,100.8125,80.0,98.0
0346.099,-106.92499999999998,-11.088888888888889,99.8125,80.0,98.0
0346.133,-119.34615384615384,-8.65,99.0,80.0,98.0
0346.167,-131.33333333333334,-6.65,99.0,80.0,98.0
0346.201,-132.4125,-2.4615384615384617,98.0,80.0,98.0
0346.234,-125.35,0.8333333333333333,97.375,80.0,98.0
0346.265,-111.3,3.3181818181818183,97.0,80.0,98.0
0346.297,-97.3,2.45,96.0,80.0,98.0
0346.330,-81.8,0.65,95.3125,80.0,98.0
0346.362,-74.61666666666667,-1.2076923076923076,95.0,80.0,98.0
0346.396,-60.0,-3.8625,95.0,80.0,98.0
0346.427,-45.59166666666667,-5.5875,95.0,80.0,98.0
0346.460,-31.125,-6.3875,95.0,80.0,98.0
0346.499,-20.825,-7.1,94.75,80.0,98.00000000000001
0346.531,-20.400000000000002,-4.725,94.0,80.0,97.99999999999999
0346.564,-11.823076923076924,-4.666666666666666,94.0,80.0,98.0
0346.597,6.716666666666666,-2.3083333333333336,94.0,80.0,97.99999999999999
0346.631,33.25555555555556,-2.4333333333333336,94.5,80.0,98.0
0346.664,61.0,-0.8384615384615385,95.5625,80.0,98.0
0346.697,80.36153846153846,0.9923076923076923,100.25,80.0,98.0
0346.729,85.52499999999999,3.2333333333333334,105.875,80.0,98.0
0346.760,89.9,4.7,110.125,80.0,98.0
0346.794,83.9625,6.838461538461539,111.3125,80.0,98.0
0346.828,79.90833333333333,6.633333333333333,110.23529411764706,80.0,98.0
0346.861,69.96153846153845,7.200000000000001,108.0,80.0,97.99999999999999
0346.895,67.60000000000001,7.075,107.0,80.0,98.0
0346.928,68.57499999999999,5.823076923076923,105.0,80.0,98.0
0346.960,66.16666666666667,7.175,102.0,80.0,98.0
0346.994,57.41538461538461,7.249999999999999,101.0,80.0,98.0
0347.028,53.02499999999999,6.9,99.75,80.0,98.0
0347.060,48.300000000000004,6.384615384615385,99.0,80.0,98.0
0347.092,48.93846153846154,4.538461538461538,97.75,80.0,98.0
0347.133,45.53333333333333,6.574999999999999,97.0,80.0,98.0
0347.165,47.81428571428572,7.4,97.0,80.0,98.0
0347.198,50.75,8.033333333333331,96.125,80.0,98.0
0347.231,44.9625,6.749999999999999,96.0,80.0,98.0
0347.264,38.65384615384615,5.233333333333333,95.0,80.0,98.0
0347.297,28.246153846153845,3.366666666666667,94.0,80.0,98.0
0347.328,14.649999999999999,-0.4,94.0,80.0,98.0
0347.360,-8.308333333333334,-4.188888888888889,95.0,80.0,98.0
0347.400,-48.8,-11.284615384615385,95.5625,80.0,98.0
0347.433,-83.5,-15.899999999999999,95.4,80.0,98.0
0347.466,-107.13846153846154,-20.3,94.3125,80.0,98.0
0347.499,-117.04166666666666,-21.3875,92.25,79.9287833827893,98.0
0347.533,-127.51666666666668,-19.299999999999997,92.0,79.72700296735904,98.0
0347.565,-136.15,-13.0,93.875,79.53709198813057,98.0
0347.599,-143.1307692307692,-5.841666666666666,102.0,79.3353115727003,98.0
0347.631,-143.10000000000002,0.9666666666666666,109.0,79.14540059347182,98.0
0347.665,-137.89999999999998,9.258333333333333,112.0,78.94362017804154,98.0
0347.697,-126.08333333333334,14.700000000000001,110.875,78.75370919881306,98.0
0347.729,-113.31666666666666,19.433333333333334,106.875,78.56379821958457,98.0
0347.761,-96.8,22.250000000000004,104.875,78.37388724035608,98.0
0347.793,-82.63333333333333,23.96666666666667,103.0,78.1839762611276,98.0
0347.826,-77.06153846153846,26.55,101.0,78.0,98.00000000000001
0347.868,-70.03333333333333,27.2,100.0,78.0,98.0
0347.900,-54.86666666666666,28.950000000000003,99.0,78.0,98.0
0347.933,-29.68333333333333,30.4875,98.0,78.0,98.0
0347.965,-8.933333333333334,32.43846153846154,98.0,78.0,98.0
0347.996,7.546153846153845,32.175,96.1875,78.0,98.0
0348.028,13.146153846153846,32.93333333333334,95.1875,78.0,98.0
0348.061,13.350000000000001,31.633333333333336,95.0,78.0,98.0
0348.093,14.741666666666667,34.5,95.0,78.0,98.0
0348.133,12.133333333333333,37.207692307692305,95.0,78.0,98.0
0348.164,16.784615384615385,37.275,94.6875,78.00000000000001,98.0
0348.198,15.466666666666669,35.11666666666667,94.0,78.0,98.0
0348.232,19.5625,32.574999999999996,94.0,78.0,98.0
0348.265,21.375,31.37777777777778,94.0,78.0,98.0
0348.298,24.966666666666665,33.1,94.0,78.0,98.0
0348.330,31.1875,32.81250000000001,94.0,78.0,98.0
0348.362,43.800000000000004,32.075,94.0,78.0,98.0
0348.394,65.55,31.307692307692307,94.0,78.0,98.0
0348.434,96.03846153846153,30.766666666666666,94.1875,78.0,98.0
0348.466,123.18461538461538,32.5,98.375,78.0,98.0
0348.497,148.46666666666667,35.11666666666667,104.25,77.99404761904762,98.0
0348.529,173.15833333333333,37.03846153846154,111.0,77.89880952380953,97.99999999999999
0348.562,194.96923076923076,42.03333333333333,111.0,77.80059523809524,98.0
0348.593,210.86153846153846,45.03333333333333,109.875,77.70833333333333,98.0
0348.633,225.56153846153848,52.05,107.0,77.58928571428572,98.0
0348.665,234.1,80.13333333333335,105.375,77.49404761904762,98.0
0348.698,239.0,105.06666666666666,102.3125,77.39583333333334,98.0
0348.730,249.22222222222223,127.45384615384616,101.0,77.30059523809524,98.0
0348.762,256.2,129.93333333333334,100.0,77.20535714285714,98.0
0348.797,264.44166666666666,126.03076923076922,99.0,77.10119047619048,98.0
0348.829,258.3,122.03846153846153,99.0,77.00595238095238,98.0
0348.861,258.2076923076923,116.4,98.0,76.91071428571428,98.0
0348.901,235.0333333333333,110.40833333333333,96.625,76.79166666666667,98.0
0348.935,214.8,102.1,95.0,76.69047619047619,98.0
0348.968,190.7,91.15,95.0,76.5922619047619,98.0
0348.999,167.71666666666667,75.46923076923078,95.0,76.5,98.0
0349.031,132.6076923076923,51.12307692307692,95.0,76.4047619047619,98.0
0349.064,86.80000000000001,28.666666666666668,95.0,76.30654761904762,98.0
0349.095,37.5,8.483333333333334,95.0,76.21428571428571,98.0
0349.127,-20.883333333333333,-5.9833333333333325,95.0,76.11904761904762,98.0
0349.168,-106.29166666666667,-23.615384615384613,94.0625,76.0,98.0
0349.200,-192.16923076923075,-36.08461538461538,95.0,76.0,98.0
0349.233,-286.425,-51.15,95.0,76.0,98.0
0349.267,-378.20000000000005,-66.25,95.0,76.0,98.0
0349.299,-459.4,-79.63333333333334,95.0,76.0,98.0
0349.331,-521.2333333333333,-89.09166666666667,96.3125,76.0,98.0
0349.363,-570.375,-95.56666666666666,98.625,76.0,98.0
0349.395,-616.8874999999999,-100.69999999999999,103.9375,76.0,98.0
0349.428,-666.7125000000001,-103.5153846153846,112.375,76.0,98.0
0349.460,-713.6777777777777,-106.15,114.0,76.0,98.0
0349.506,-772.0111111111112,-107.0,110.75,75.8813056379822,98.0
0349.539,-797.1999999999999,-106.23333333333333,108.6875,75.68545994065282,98.0
0349.566,-816.0333333333333,-105.64615384615385,107.0,75.52522255192878,98.0
0349.598,-828.1307692307691,-103.7,104.0,75.3353115727003,98.0
0349.631,-834.2846153846153,-103.4,101.9375,75.13946587537092,98.0
0349.664,-837.7666666666667,-101.85,100.875,74.94362017804154,98.0
0349.699,-839.3,-99.9,100.0,74.73590504451039,98.0
0349.730,-834.3,-97.77777777777779,99.0,74.55192878338279,98.0
0349.763,-817.4846153846154,-95.25,98.0,74.35608308605342,98.0
0349.795,-798.525,-92.0,97.0,74.16617210682492,98.0
0349.826,-775.4555555555555,-88.675,95.8125,74.00000000000001,98.0
0349.867,-751.1923076923076,-86.45384615384616,95.0,74.0,98.0
0349.897,-734.6583333333333,-81.25,94.0,74.0,98.0
0349.929,-712.25,-77.27692307692308,94.0,74.0,98.0
0349.962,-681.5999999999999,-72.0,94.0,74.0,98.0
0349.996,-641.3461538461538,-67.14999999999999,94.0,74.0,98.0
0350.030,-607.6,-63.225,94.0,74.0,98.0
0350.062,-576.5999999999999,-59.483333333333334,94.0,74.0,98.0
0350.094,-547.6166666666667,-57.44615384615385,94.0,74.0,98.0
0350.135,-497.775,-56.784615384615385,94.0,74.0,98.0
0350.167,-450.1307692307692,-55.275,94.0,73.97611940298506,98.0
0350.198,-407.4666666666667,-52.375,94.4375,73.88358208955223,98.0
0350.230,-372.5,-50.315384615384616,99.875,73.78805970149253,98.0
0350.263,-345.6,-46.53846153846153,105.0,73.68955223880597,98.0
0350.297,-326.4461538461538,-45.0,109.0,73.58805970149254,98.0
0350.329,-307.1833333333334,-42.949999999999996,108.375,73.49253731343285,98.0
0350.361,-293.6,-40.253846153846155,106.375,73.39701492537313,98.0
0350.395,-273.25,-38.06153846153846,103.25,73.2955223880597,98.0
0350.427,-262.76153846153846,-37.54166666666667,101.25,73.2,98.0
0350.474,-249.95,-38.74444444444444,99.0,73.05970149253731,98.0
0350.491,-242.20833333333334,-38.3,99.0,73.00895522388059,98.0
0350.532,-208.67499999999998,-36.64999999999999,99.0,73.0,97.99999999999999
0350.564,-182.3,-33.80769230769231,99.0,73.0,98.0
0350.596,-156.3230769230769,-31.633333333333333,97.625,73.0,98.0
0350.629,-145.16666666666666,-29.033333333333335,95.5625,73.0,98.0
0350.663,-135.975,-28.000000000000004,95.0,73.0,98.0
0350.696,-125.175,-27.055555555555557,94.0,73.0,98.0
0350.728,-117.41538461538461,-27.787499999999998,94.0,73.0,98.0
0350.760,-110.91666666666667,-26.1,95.0,73.0,98.0
0350.801,-97.06666666666666,-25.4,95.0,73.0,98.0
0350.835,-85.71666666666667,-24.015384615384612,95.3125,73.0,98.0
0350.868,-68.29230769230769,-23.246153846153845,95.625,73.0,97.99999999999999
0350.901,-61.5076923076923,-20.95,95.0,73.0,98.0
0350.935,-55.369230769230775,-18.675,95.0,73.0,98.0
0350.968,-37.833333333333336,-18.108333333333334,95.0,73.0,98.0
0351.000,-3.3,-17.016666666666666,95.0,73.0,98.0
0351.033,38.46923076923077,-17.05,95.0,73.0,98.0
0351.066,73.35,-14.683333333333334,96.75,73.0,98.0
0351.099,92.10000000000001,-12.4875,104.4375,73.0,98.0
0351.131,103.2,-12.422222222222222,109.625,73.0,98.0
0351.163,117.26923076923077,-10.899999999999999,112.8125,73.0,98.0
0351.197,129.675,-9.458333333333332,111.0625,72.80624999999999,98.0
0351.231,128.16666666666669,-6.299999999999999,108.9375,72.59375,98.0
0351.265,124.775,-4.661538461538461,105.8125,72.38125000000001,98.0
0351.298,120.82307692307693,-2.816666666666667,104.75,72.175,98.0
0351.330,127.03333333333333,-2.875,102.75,71.975,98.0
0351.363,134.79999999999998,-1.1749999999999998,101.6875,71.76875000000001,98.0
0351.395,143.31666666666666,-0.5153846153846153,100.0,71.56875,98.0
0351.427,139.6,0.8,99.0,71.36875,98.0
0351.460,131.45,1.05,98.625,71.16250000000001,98.0
0351.500,110.03333333333335,3.0,97.0,71.0,98.0
0351.531,101.775,5.191666666666666,96.0,71.0,98.00000000000001
0351.564,97.93846153846155,7.592307692307692,95.0,71.0,98.0
0351.598,93.4111111111111,9.991666666666667,95.0,71.0,98.0
0351.630,97.0,10.75,96.0,71.0,98.0
0351.662,104.44999999999999,9.96923076923077,95.0,71.0,98.0
0351.694,112.04615384615384,9.692307692307693,95.0,71.0,97.99999999999999
0351.735,107.44615384615385,10.25,95.0,71.0,98.0
0351.767,99.8,12.4,94.4375,71.0,98.0
0351.798,99.30000000000001,13.233333333333334,94.0,71.0,98.0
0351.831,122.13333333333334,14.0,94.0,71.0,98.0
0351.864,171.0,16.584615384615383,94.0,71.0,98.0
0351.895,217.93076923076922,19.175,95.0,71.0,98.0
0351.926,247.39999999999998,20.95,97.25,71.0,98.0
0351.967,259.7,23.03333333333333,106.125,71.0,98.0
0351.999,246.85,22.515384615384615,110.0625,71.0,98.0
0352.032,239.7,24.55,111.0,71.0,98.0
0352.063,224.0875,25.491666666666664,108.93333333333334,71.0,98.0
0352.096,218.7125,26.062500000000004,105.82352941176471,71.0,98.0
0352.130,207.7,23.95,103.73333333333335,71.0,98.0
0352.163,206.3,21.8,102.66666666666666,70.99999999999999,98.0
0352.196,202.40769230769232,21.075,101.0,71.0,98.0
0352.228,195.06666666666666,19.0,100.0,71.0,98.0
0352.261,188.70000000000002,17.316666666666666,99.57142857142856,71.0,98.0
0352.294,188.3615384615385,15.099999999999998,99.0,71.0,98.0
0352.334,194.6,14.8,98.0,71.0,98.0
0352.366,200.8083333333333,16.275,96.9375,71.0,98.0
0352.399,204.68333333333337,16.45,96.0,71.0,98.0
0352.432,207.96923076923076,15.669230769230769,95.8125,71.0,98.0
0352.464,215.0222222222222,15.075,95.0,71.0,98.0
0352.495,223.5,16.375,95.0,71.0,98.0
0352.530,225.775,17.35,95.0,71.0,98.0
0352.562,225.3,18.85,95.0,71.0,98.0
0352.596,217.5375,20.075,95.0,71.0,98.0
0352.628,214.8,21.35,95.0,71.0,98.0
0352.661,220.15,22.300000000000004,95.0,71.0,98.0
0352.694,237.80769230769232,21.775,95.0,71.0,98.0
0352.743,280.7333333333333,22.223076923076924,95.0,71.0,98.0
0352.763,293.48333333333335,21.900000000000002,95.8125,71.0,98.0
0352.797,308.25,22.661538461538463,102.8125,71.0,98.0
0352.831,302.1,22.092307692307696,109.0625,71.0,98.0
0352.864,293.4461538461539,22.791666666666668,110.875,71.0,98.0
0352.897,282.3846153846154,22.366666666666667,108.8125,71.0,98.0
0352.930,273.76666666666665,20.349999999999998,105.75,71.0,98.0
0352.962,258.1,16.11111111111111,103.75,71.0,98.0
0352.995,241.1,13.725,102.6875,71.0,98.0
0353.027,212.4,10.625,100.0,71.0,97.99999999999999
0353.069,169.925,6.9,100.0,71.0,98.0
0353.100,137.8125,3.3,100.0,71.0,98.0
0353.132,103.22500000000001,-2.0,99.0,71.0,98.0
0353.163,73.21111111111112,-6.291666666666667,98.1875,71.0,98.0
0353.195,42.6,-12.85,97.0,71.0,98.0
0353.235,6.4375,-18.308333333333334,96.0,71.0,98.0
0353.267,-23.9,-21.900000000000002,95.0,71.0,98.0
0353.299,-54.9125,-26.692307692307693,95.0,71.0,98.0
0353.330,-82.06666666666666,-29.6,95.25,71.0,98.0
0353.362,-122.52499999999999,-31.5,96.0,71.0,98.0
0353.395,-166.92499999999998,-32.708333333333336,95.6875,71.0,98.0
0353.426,-214.29230769230767,-33.46666666666667,95.0,71.0,98.0
0353.467,-266.0,-35.95,95.0,71.0,98.0
0353.498,-292.59999999999997,-34.75,95.0,71.0,98.00000000000001
0353.530,-307.56666666666666,-36.3,95.0,71.0,98.0
0353.562,-315.05384615384617,-36.43333333333333,95.8125,71.0,98.0
0353.594,-327.13846153846157,-38.3,99.625,71.0,98.0
0353.635,-344.0769230769231,-40.733333333333334,105.75,71.0,98.0
0353.667,-363.57500000000005,-40.983333333333334,111.0,71.0,98.0
0353.698,-379.00000000000006,-40.284615384615385,110.6875,71.0,98.0
0353.729,-391.0076923076923,-39.99230769230769,107.5,71.0,98.0
0353.762,-398.05,-39.733333333333334,105.0,71.0,98.0
0353.793,-398.9666666666667,-39.03333333333333,103.75,71.0,98.0
0353.835,-399.1375,-37.708333333333336,101.125,71.0,98.0
0353.868,-396.81250000000006,-36.87777777777778,100.0625,71.0,98.00000000000001
0353.900,-391.7846153846154,-36.737500000000004,100.0,71.0,97.99999999999999
0353.931,-377.1666666666667,-35.875,100.0,71.0,98.00000000000001
0353.962,-359.5,-34.3,99.1875,71.0,98.0
0353.994,-339.6333333333333,-31.676923076923075,98.1875,71.0,98.0
0354.041,-300.6846153846154,-28.433333333333334,97.0,71.0,98.0
0354.058,-281.275,-26.849999999999998,96.0,71.0,98.0
0354.100,-234.13333333333333,-23.933333333333334,95.0,71.0,98.0
0354.132,-192.75,-21.123076923076923,95.0,71.0,98.0
0354.163,-157.43076923076924,-19.433333333333334,95.375,71.0,98.0
0354.195,-122.60000000000001,-15.35,96.0,71.0,98.0
0354.227,-82.0,-12.35,96.0,71.0,98.0
0354.266,-17.3,-7.5,96.0,71.0,98.0
0354.298,37.675,-5.6692307692307695,95.1875,71.0,98.0
0354.331,91.82222222222222,-1.6,95.0,71.0,98.0
0354.363,133.925,-0.275,95.875,71.0,98.0
0354.395,161.6,2.9749999999999996,99.75,71.0,98.0
0354.433,182.46666666666667,4.138461538461538,105.5,71.0,98.0
0354.465,191.03076923076924,4.530769230769231,110.0,71.0,98.0
0354.497,198.2666666666667,5.75,109.75,71.00000000000001,98.00000000000001
0354.528,197.38333333333333,6.966666666666667,105.8125,71.0,98.0
0354.559,196.1,6.915384615384616,103.875,71.0,98.0
0354.602,192.10769230769233,9.566666666666666,102.1875,71.0,98.0
0354.634,186.6,10.533333333333335,100.0,71.0,98.0
0354.666,181.125,12.25,99.1875,71.0,98.0
0354.699,173.325,13.424999999999999,100.0,71.0,98.0
0354.731,169.98461538461538,14.653846153846153,100.0,71.0,98.0
0354.762,168.0375,15.649999999999999,99.0,71.0,98.0
0354.794,165.02499999999998,17.6,97.1875,71.0,98.0
0354.826,168.22500000000002,17.05,96.1875,71.0,98.0
0354.867,163.5333333333333,16.169230769230772,95.0,71.0,98.00000000000001
0354.897,157.8111111111111,13.958333333333332,95.0,71.0,98.0
0354.929,142.8,11.9,95.0,71.0,98.0
0354.959,122.97500000000001,9.8,96.0,71.0,98.0
0354.998,84.5,5.7749999999999995,96.0,71.0,98.0
0355.030,38.16153846153846,2.5153846153846153,96.0,71.0,98.0
0355.062,-5.766666666666666,1.9333333333333333,96.0,71.0,98.0
0355.094,-17.691666666666666,3.9499999999999997,96.0,71.0,98.0
0355.125,-3.1583333333333328,8.961538461538462,95.5,71.0,98.0
0355.165,32.1,14.930769230769233,96.0,71.003125,98.0
0355.197,43.7,17.823076923076925,100.1875,71.103125,98.0
0355.229,34.5,17.424999999999997,106.125,71.203125,98.0
0355.262,15.0625,15.566666666666665,112.0,71.30625,98.0
0355.296,-8.7,7.300000000000001,111.75,71.4125,98.0
0355.329,-35.2,-1.8375,108.6875,71.515625,98.0
0355.361,-56.8,-10.549999999999999,107.0,71.615625,98.0
0355.392,-81.30000000000001,-16.9,106.0,71.7125,98.0
0355.431,-142.3,-20.85,104.35294117647058,71.834375,98.0
0355.464,-205.6,-26.315384615384616,103.0,71.9375,98.0
0355.496,-267.9,-30.15,102.0,72.0,98.0
0355.528,-310.2,-34.7,102.0,72.0,98.0
0355.559,-337.525,-36.25,101.0,72.0,98.0
0355.601,-356.6,-36.6,99.6875,72.0,98.0
0355.632,-358.83846153846156,-33.125,98.75,72.0,98.0
0355.665,-351.67499999999995,-30.275,97.0,72.0,98.0
0355.698,-331.9916666666667,-26.8875,96.625,72.0,98.0
0355.731,-312.91666666666663,-23.577777777777776,96.0,72.0,98.0
0355.765,-289.4,-21.200000000000003,96.0,72.0,98.0
0355.798,-280.73333333333335,-18.525,96.0,72.0,98.0
0355.831,-271.75,-17.424999999999997,96.0,72.0,98.0
0355.864,-263.425,-16.057142857142857,95.0,72.0,98.00000000000001
0355.895,-240.36923076923077,-15.842857142857142,95.0,72.0,98.0
0355.926,-205.83333333333337,-14.7,95.0,72.0,98.0
0355.966,-153.35,-14.2,96.0625,72.0,98.0
0355.999,-119.875,-11.5,99.25,72.0,98.0
0356.031,-102.14615384615385,-10.084615384615384,104.25,72.0,98.0
0356.063,-89.15384615384616,-8.833333333333334,110.0,72.0,98.0
0356.095,-92.86666666666667,-7.816666666666666,110.0,72.0,98.0
0356.128,-95.73333333333335,-7.7250000000000005,107.8125,72.0,98.0
0356.160,-102.42499999999998,-7.0,105.8125,72.0,97.99999999999999
0356.193,-105.93076923076923,-6.1499999999999995,104.75,72.0,98.0
0356.234,-116.0,-7.1,102.0,72.0,98.0
0356.266,-123.16666666666669,-7.6875,101.0,72.0,98.0
0356.297,-129.5,-8.546153846153846,100.0,72.0,98.0
0356.330,-135.3,-7.1,100.0,72.0,98.0
0356.362,-132.325,-7.691666666666667,99.1875,72.0,98.0
0356.395,-137.375,-5.791666666666666,98.0,72.0,98.0
0356.427,-140.7,-5.023076923076923,97.0,72.0,98.0
0356.468,-149.8,-4.707692307692307,96.0,72.0,98.0
0356.499,-154.95000000000002,-5.330769230769231,96.0,72.0,98.0
0356.531,-157.61666666666667,-6.2666666666666675,96.0,72.0,98.0
0356.563,-156.225,-6.4,96.0,72.0,98.0
0356.594,-153.01538461538462,-5.05,96.0,72.0,98.0
0356.626,-153.0,-6.015384615384616,95.0,72.0,98.0
0356.668,-154.4,-4.7333333333333325,95.0,72.0,98.0
0356.699,-153.48333333333335,-5.1,95.0,72.0,98.0
0356.731,-134.39166666666665,-4.208333333333334,95.0,72.0,98.0
0356.763,-105.66923076923078,-2.725,95.0,72.0,98.0
0356.797,-60.9923076923077,-3.6,95.0,72.0,98.0
0356.829,-28.15,-1.55,97.125,72.0,98.0
0356.862,-1.8833333333333333,-1.9500000000000002,105.2,72.00000000000001,98.00000000000001
0356.895,5.6692307692307695,-1.2461538461538462,110.375,72.0,98.00000000000001
0356.928,3.3833333333333333,-2.033333333333333,112.0,72.0,98.0
0356.960,-3.5249999999999995,-3.5,110.0,72.0,98.0
0356.992,-2.8666666666666667,-3.033333333333333,108.75,72.0,98.0
0357.034,19.5,-3.923076923076923,106.125,72.0,98.0
0357.067,44.13333333333334,-1.9,104.0625,72.0,98.0
0357.099,68.74166666666666,0.9333333333333333,103.0,72.0,98.0
0357.131,94.16666666666667,3.6,101.0,72.0,98.0
0357.164,122.23333333333335,4.3,100.0,72.0,98.0
0357.197,146.95384615384617,5.7625,99.0,72.0,98.0
0357.229,166.26666666666668,7.375000000000001,98.0,72.0,98.0
0357.260,184.16666666666666,9.8,97.0,72.0,98.0
0357.300,198.6,13.466666666666667,96.0,72.0,98.0
0357.333,207.56923076923078,18.4,96.0,72.0,98.0
0357.366,206.25,22.7,95.0,72.0,98.0
0357.398,204.14999999999998,25.80833333333333,95.0,72.0,98.0
0357.429,193.09166666666667,27.407692307692308,95.0,72.0,98.0
0357.461,173.66153846153847,29.453846153846154,95.0,72.0,98.0
0357.492,159.42222222222222,31.491666666666667,95.0,72.0,98.0
0357.532,148.5,36.21666666666667,95.0,72.0,98.0
0357.565,155.46666666666667,42.63333333333334,95.0,72.0,98.0
0357.598,177.73333333333335,64.3,94.0,72.0,98.0
0357.631,209.03846153846155,89.93846153846152,94.1875,72.0,98.0
0357.663,235.83333333333331,117.14999999999999,96.0,72.0,98.0
0357.697,262.04999999999995,134.73333333333335,98.625,72.0,98.0
0357.730,271.25,146.9846153846154,103.125,72.0,98.0
0357.761,271.39230769230767,151.1076923076923,110.3125,72.0,98.0
0357.794,263.4090909090909,150.9923076923077,111.0,72.0,98.0
0357.827,250.64999999999998,148.94615384615383,108.5625,72.01043219076006,98.0
0357.860,242.46666666666667,143.93846153846155,107.5,72.05961251862891,98.0
0357.899,238.8307692307692,139.8083333333333,106.0,72.1177347242921,98.0
0357.932,239.70000000000002,134.45833333333331,102.9375,72.16691505216095,98.0
0357.963,236.18333333333334,128.72500000000002,102.0,72.21311475409836,97.99999999999999
0357.995,238.0,123.03076923076924,100.0,72.26080476900148,98.0
0358.035,238.7153846153846,116.8923076923077,99.5625,72.3204172876304,98.0
0358.066,239.84999999999997,113.675,99.0,72.3666169895678,98.0
0358.097,234.825,109.75833333333333,98.0,72.41281669150521,98.0
0358.129,231.2076923076923,106.7,97.70588235294117,72.46050670640835,98.0
0358.160,227.07500000000002,104.31666666666666,97.0,72.50670640834575,98.0
0358.199,216.35000000000002,101.33333333333333,96.0,72.56482861400895,98.0
0358.233,202.63333333333335,98.85,96.0,72.61549925484351,98.0
0358.266,186.16666666666669,93.55,96.0,72.66467958271238,98.0
0358.299,168.53846153846155,87.32307692307694,96.0,72.71385991058122,98.0
0358.331,148.0,81.30000000000001,96.0,72.76154992548436,98.0
0358.364,129.06666666666666,75.4,95.0,72.8107302533532,98.0
0358.396,103.96666666666667,70.35,95.0,72.85842026825634,98.0
0358.427,95.7,66.33333333333334,95.0,72.90461997019375,98.0
0358.467,114.425,61.14615384615385,95.0,72.96423248882266,98.0
0358.497,156.0,58.333333333333336,95.0,73.0,98.0
0358.529,197.575,59.7,95.0,73.0,97.99999999999999
0358.561,236.9875,63.5875,95.75,73.0,98.0
0358.593,254.0,67.89999999999999,99.75,73.0,98.0
0358.634,288.5,79.625,108.875,73.0,98.0
0358.666,320.8,107.68333333333334,111.0,73.0,98.0
0358.699,340.9,135.35000000000002,110.0,73.0,98.0
0358.733,360.6666666666667,158.69166666666663,106.875,73.0,98.0
0358.767,353.37692307692305,149.8,105.75,73.0,98.0
0358.801,349.8538461538462,142.23846153846154,103.625,73.0,98.0
0358.833,339.15833333333336,135.95833333333331,101.625,73.0,98.0
0358.865,326.15,130.1,100.0,73.0,98.0
0358.896,313.9,125.93333333333334,100.0,73.0,98.0
0358.929,304.43333333333334,122.275,99.6875,73.0,97.99999999999999
0358.962,295.0333333333333,118.19999999999999,98.625,73.0,98.0
0358.994,292.4916666666667,123.775,97.625,73.0,98.0
0359.039,286.025,152.4,96.0,73.0,98.0
0359.065,285.2692307692308,168.70833333333334,96.0,73.0,98.0
0359.097,280.66666666666663,187.7,96.0,73.0,98.0
0359.129,275.8833333333333,180.72500000000002,96.0,73.0,98.0
0359.162,268.05833333333334,171.65,96.0,73.0,98.0
0359.195,260.26153846153846,162.97692307692307,96.0,73.0,98.0
0359.227,255.48333333333335,153.7,96.0,73.0,98.0
0359.260,248.89999999999998,145.79999999999998,97.0,73.0,98.0
0359.299,243.48749999999998,135.20000000000002,97.0,73.0,98.0
0359.333,235.475,127.94166666666666,97.0,73.0,98.0
0359.366,234.425,119.83333333333333,97.0,73.0,98.0
0359.398,229.25,116.10000000000001,97.0,73.0,98.0
0359.430,216.93076923076922,110.73076923076923,98.0,73.0,98.0
0359.462,186.375,106.04166666666667,100.6875,73.0,98.0
0359.494,149.4,94.91666666666666,106.0625,73.0,98.0
0359.528,102.425,81.31538461538462,112.625,72.90965732087227,98.0
0359.561,39.36153846153846,62.1,113.0,72.80685358255451,98.0
0359.594,-28.083333333333332,37.5,110.0625,72.70404984423676,98.0
0359.627,-88.85,9.7,108.0,72.601246105919,98.0
0359.661,-138.39166666666665,-24.5,106.0,72.49532710280374,98.0
0359.694,-196.7076923076923,-55.05833333333333,104.8125,72.39252336448598,98.0
0359.741,-281.2,-98.5125,102.0,72.24610591900311,98.0
0359.758,-319.8666666666667,-113.7,102.0,72.19314641744548,98.0
0359.800,-404.2,-137.46666666666667,101.25,72.06230529595015,98.0
0359.833,-489.44166666666666,-153.2076923076923,101.0,72.00000000000001,98.00000000000001
0359.868,-585.3,-165.23333333333332,100.0,72.0,98.0
0359.900,-665.8,-176.48333333333332,99.0,72.0,97.99999999999999
0359.932,-731.9000000000001,-182.20769230769233,98.0,72.0,98.0
0359.965,-784.0153846153846,-185.6,98.0,72.0,98.0
0359.999,-836.9538461538461,-185.2875,97.0,72.0,98.0
0360.034,-886.45,-184.38333333333333,96.625,72.0,98.0
0360.067,-925.5666666666667,-185.34166666666664,96.0,72.0,98.0
0360.100,-947.2769230769231,-183.94615384615386,96.0,72.0,98.0
0360.133,-958.8,-181.36666666666665,96.0,72.0,98.0
0360.167,-970.7833333333333,-176.54999999999998,95.0,71.96716417910447,98.0
0360.200,-971.4416666666667,-171.31666666666666,95.0,71.8686567164179,98.0
0360.232,-952.3,-164.40769230769232,94.0,71.77313432835821,98.0
0360.265,-916.7769230769231,-158.29166666666666,94.0,71.67462686567164,98.0
0360.298,-872.375,-151.65,93.0,71.57611940298507,98.0
0360.331,-823.675,-144.93333333333334,91.0,71.4776119402985,98.0
0360.363,-785.8692307692306,-137.33846153846153,93.875,71.38208955223881,98.0
0360.395,-750.9307692307693,-131.6,103.8125,71.2865671641791,98.0
0360.427,-727.8,-123.8375,108.0,71.1910447761194,98.0
0360.468,-695.3,-116.9875,104.875,71.0686567164179,98.0
0360.500,-675.2666666666667,-111.7,100.875,70.99999999999999,98.0
0360.532,-651.7333333333332,-109.03846153846155,98.4375,71.0,98.0
0360.564,-628.4923076923078,-106.10833333333332,96.0,71.0,98.0
0360.597,-595.7333333333332,-102.46666666666667,95.0,71.0,98.0
0360.629,-570.4,-100.11666666666667,95.625,71.0,98.0
0360.662,-540.3,-98.14615384615384,96.6875,71.0,98.0
0360.694,-521.3,-97.23333333333332,97.0,71.0,98.0
0360.727,-500.3,-92.03333333333333,96.25,71.0,98.0
0360.769,-489.55,-88.88333333333333,95.0,71.0,98.0
0360.802,-481.5875,-87.35833333333333,94.0,71.0,98.0
0360.834,-471.2888888888889,-86.23076923076923,94.0,71.0,98.0
0360.865,-453.8875,-84.5,94.0,71.0,97.99999999999999
0360.896,-428.5625,-83.10833333333333,95.0,71.0,98.0
0360.929,-390.0583333333333,-82.54615384615384,95.0,71.0,98.0
0360.962,-353.9923076923077,-79.4,96.0,71.0,98.0
0360.994,-320.1166666666667,-75.44999999999999,96.0,71.0,98.0
0361.026,-290.7,-72.45,96.0,71.0,98.0
0361.069,-226.78333333333333,-67.9,96.0,71.0,98.0
0361.093,-166.2307692307692,-65.5,96.0,71.0,98.0
0361.132,-72.3,-59.42307692307692,97.0,71.0,98.0
0361.163,-4.15,-54.199999999999996,98.0,71.0,98.0
0361.195,31.83333333333333,-49.64999999999999,105.0,71.0,98.0
0361.227,48.5,-48.5,110.0,71.0,98.0
0361.268,44.1,-44.638461538461534,111.4375,71.0,98.0
0361.300,35.223076923076924,-40.63846153846154,109.4375,71.0,98.0
0361.334,37.269230769230774,-36.0875,107.3125,71.0,98.0
0361.366,44.0,-30.775,105.0,71.0,98.0
0361.398,52.958333333333336,-29.49166666666666,103.3125,71.0,98.0
0361.430,64.66923076923077,-28.146153846153847,101.3125,71.0,98.0
0361.462,74.0,-26.133333333333333,100.3125,71.0,98.0
0361.495,79.80000000000001,-25.166666666666668,100.0,71.0,98.0
0361.527,84.44999999999999,-24.55,100.0,71.0,98.0
0361.559,82.48461538461538,-23.346153846153847,99.0,71.0,98.0
0361.599,82.6,-23.833333333333332,97.0,71.0,98.0
0361.632,80.3,-22.366666666666667,96.0,71.0,98.0
0361.666,75.125,-21.791666666666668,96.0,71.0,98.0
0361.698,78.4,-20.3,96.0,71.0,98.0
0361.731,86.9,-19.099999999999998,96.0,71.0,98.0
0361.764,97.00769230769231,-17.008333333333333,96.0,71.0,98.0
0361.796,96.4,-16.924999999999997,95.4375,71.0,98.0
0361.829,84.7,-16.125,95.0,70.97023809523809,98.0
0361.861,80.97777777777777,-16.05,95.0,70.875,98.0
0361.894,83.8,-15.1375,95.0,70.77678571428571,98.0
0361.934,108.33333333333333,-12.423076923076923,95.0,70.65773809523809,98.0
0361.967,125.4625,-10.675,95.25,70.5595238095238,98.0
0362.000,143.5375,-8.450000000000001,99.9375,70.46130952380952,98.0
0362.034,155.06666666666666,-8.933333333333334,106.3125,70.36011904761905,98.0
0362.067,170.3923076923077,-7.338461538461537,112.0,70.26190476190476,98.0
0362.099,175.20000000000002,-6.261538461538462,111.5,70.16666666666667,98.0
0362.130,185.5666666666667,-1.9,109.5625,70.07440476190476,98.0
0362.163,184.55000000000004,-1.8,107.0,70.0,97.99999999999999
0362.196,186.99230769230766,-1.5,105.4375,70.0,98.0
0362.230,188.0846153846154,-3.6307692307692307,102.3125,70.0,98.0
0362.263,190.8,-3.216666666666667,100.25,70.0,98.0
0362.295,202.18461538461537,-2.0583333333333336,99.25,70.0,98.0
0362.327,218.04166666666666,-0.19230769230769232,99.0,70.0,98.0
0362.367,232.0,2.2,98.0,70.0,98.0
0362.398,236.0,5.685714285714286,97.0,70.0,98.0
0362.431,230.9,8.175,96.0,70.0,98.0
0362.465,223.75,9.375,95.0,70.0,98.0
0362.497,207.8,10.715384615384615,95.0,70.0,98.0
0362.529,196.85,10.866666666666665,96.0,70.0,97.99999999999999
0362.561,185.7125,13.116666666666667,95.0,70.0,98.0
0362.594,177.10000000000002,14.041666666666666,94.0,70.0,98.0
0362.626,169.78333333333333,14.5,94.0,70.0,98.0
0362.667,153.75,12.846153846153847,95.0,70.0,98.0
0362.698,150.375,14.108333333333333,95.9375,70.0,98.0
0362.731,159.625,14.9125,96.0,70.0,98.0
0362.762,179.0076923076923,19.95,96.0,70.0,98.0
0362.795,198.26666666666665,25.677777777777777,97.0,70.0,98.0
0362.828,208.5,26.875000000000004,102.2,70.00100908173563,98.0
0362.861,208.0,28.949999999999996,110.1875,70.0343087790111,98.00000000000001
0362.893,201.05,29.223076923076924,110.8125,70.06659939455096,98.0
0362.927,195.875,29.625000000000004,108.6875,70.10090817356206,98.0
0362.969,187.55,28.8,104.0625,70.14328960645813,98.0
0363.001,183.75,27.3,103.0625,70.17558022199798,98.0
0363.034,176.0,24.353846153846156,101.0,70.20887991927346,98.0
0363.068,169.36666666666667,24.30769230769231,100.0,70.24318869828456,98.0
0363.100,161.38333333333335,23.2,100.0,70.27547931382442,98.0
0363.131,157.5,23.416666666666668,99.0,70.30676084762865,98.00000000000001
0363.162,151.46923076923076,23.049999999999997,99.0,70.3380423814329,98.0
0363.195,145.61666666666667,22.25,97.9375,70.37134207870837,98.0
0363.227,136.06666666666666,20.450000000000003,97.0,70.40363269424823,98.0
0363.267,124.43333333333331,16.825000000000003,96.0,70.44399596367306,98.0
0363.298,107.32499999999999,14.9,95.5,70.4752774974773,98.0
0363.330,88.0153846153846,12.376923076923076,95.0,70.50756811301716,98.0
0363.361,64.34166666666665,8.833333333333332,95.0,70.53884964682139,98.0
0363.392,34.0375,3.141666666666666,96.0,70.57013118062564,98.0
0363.432,3.646153846153846,-1.4,96.0,70.61049445005045,98.0
0363.465,-21.2,-5.4,95.125,70.64379414732593,98.0
0363.498,-38.6,-11.2,95.0,70.67709384460142,98.0
0363.530,-54.9375,-17.95,95.0,70.70938446014128,98.0
0363.562,-66.25384615384615,-24.86923076923077,95.0,70.74167507568113,98.0
0363.595,-72.75,-29.2625,96.0,70.77497477295661,98.0
0363.628,-79.50833333333333,-32.1625,98.13333333333334,70.80827447023209,98.0
0363.660,-92.2,-32.8,105.375,70.84056508577194,98.0
0363.701,-120.20769230769231,-35.8,110.6875,70.88193743693239,98.0
0363.735,-161.90769230769232,-38.46666666666667,111.0,70.9162462159435,98.0
0363.766,-204.83333333333331,-40.900000000000006,109.25,70.94752774974772,98.0
0363.798,-249.72500000000002,-43.525,108.25,70.9798183652876,98.0
0363.832,-283.276923076923,-45.96666666666667,106.125,71.0,98.0
0363.863,-311.7538461538462,-47.3,103.1875,71.0,98.0
0363.894,-348.1333333333333,-50.016666666666666,100.25,71.0,98.0
0363.938,-402.30000000000007,-51.45454545454545,100.46666666666667,71.0,98.0
0363.967,-435.7,-53.900000000000006,101.26666666666668,71.0,98.0
0364.000,-464.7,-55.815384615384616,101.625,71.0,98.0
0364.033,-486.13846153846157,-57.88461538461539,99.5625,71.0,98.0
0364.066,-508.0,-58.35000000000001,95.5,71.0,98.0
0364.099,-528.4166666666666,-57.3,94.0,71.0,98.0
0364.131,-556.053846153846,-56.74999999999999,94.0,71.0,98.0
0364.162,-585.2,-55.611111111111114,94.5,71.0,98.0
0364.194,-610.25,-54.1,95.5,71.0,98.0
0364.226,-626.9666666666666,-53.916666666666664,96.5,71.0,98.0
0364.267,-634.675,-55.112500000000004,97.0,71.0,98.0
0364.298,-642.2,-55.26923076923077,97.0,71.0,98.0
0364.331,-638.7,-57.650000000000006,96.0,71.0,97.99999999999999
0364.361,-631.3499999999999,-57.599999999999994,96.0,71.0,98.0
0364.393,-619.2444444444444,-58.26666666666667,95.0,71.0,98.0
0364.434,-597.1333333333334,-56.69230769230769,95.5,71.0,98.0
0364.465,-577.0307692307692,-55.7,100.3125,71.0,98.0
0364.496,-552.1083333333333,-52.525,106.05882352941177,71.0,98.0
0364.527,-528.1625,-49.23076923076923,110.625,71.0,98.0
0364.567,-491.7,-43.9,111.1875,71.0,98.0
0364.597,-464.3,-40.9,108.625,71.0,98.0
0364.629,-424.7583333333333,-38.675,105.3125,71.0,98.0
0364.661,-380.29999999999995,-37.25,104.0,71.0,98.0
0364.693,-335.11538461538464,-33.2875,102.3125,71.0,98.0
0364.739,-282.51666666666665,-28.450000000000003,100.0,71.0,98.0
0364.766,-259.65,-25.525,99.0,71.0,98.0
0364.798,-241.5,-24.450000000000003,99.0,71.0,98.0
0364.832,-221.38333333333333,-22.166666666666668,100.0,71.0,98.0
0364.865,-195.85384615384612,-18.23076923076923,99.0,71.0,98.0
0364.897,-161.90769230769232,-16.48333333333333,97.5625,71.0,98.0
0364.930,-122.04166666666666,-13.066666666666666,95.5,71.0,98.0
0364.962,-87.03333333333335,-9.733333333333334,94.0,71.0,98.0
0364.994,-57.3,-8.375,94.0,71.0,98.0
0365.026,-26.5,-7.487500000000001,94.0,71.0,98.0
0365.067,9.458333333333334,-4.630769230769231,95.0,71.0,98.0
0365.097,37.86666666666666,-1.1,95.0,71.0,98.0
0365.128,68.18461538461538,2.2,95.0,71.0,98.0
0365.167,122.1,6.025,95.0,71.01488095238095,98.0
0365.198,169.55,10.622222222222222,94.75,71.10714285714286,98.0
0365.230,208.35000000000002,17.3,94.25,71.20238095238096,98.0
0365.262,241.975,23.950000000000003,96.5,71.29761904761904,98.0
0365.293,256.4846153846154,30.623076923076923,100.5625,71.38988095238096,98.0
0365.326,265.4076923076923,37.03333333333333,105.75,71.48809523809524,98.0
0365.367,277.8,45.650000000000006,110.0,71.61011904761905,98.0
0365.398,286.4166666666667,59.03333333333334,109.25,71.70238095238095,98.0
0365.430,294.0,69.14999999999999,106.25,71.79761904761905,98.0
0365.463,301.56666666666666,79.16153846153847,104.1875,71.89583333333334,98.0
0365.495,313.0125,79.88461538461537,103.0,71.99107142857143,98.0
0365.528,319.725,76.46666666666667,101.0,72.0,98.0
0365.560,321.79999999999995,74.23333333333333,100.0,72.0,98.0
0365.601,320.4333333333334,70.25,99.0,72.0,98.0
0365.633,315.84615384615387,67.6,98.52941176470588,72.0,98.0
0365.665,305.94166666666666,62.63333333333333,97.5,72.0,98.0
0365.698,279.0083333333333,58.5,97.0,72.0,98.00000000000001
0365.730,242.86923076923077,48.33333333333334,96.0,72.0,98.0
0365.761,207.1,34.949999999999996,95.5625,72.0,98.0
0365.793,159.7923076923077,19.075000000000003,95.0,72.0,98.0
0365.833,99.56666666666666,0.023076923076923106,95.9375,72.0,98.0
0365.864,47.63333333333333,-11.191666666666666,96.0,72.0,98.0
0365.895,-16.341666666666665,-20.025,96.0,72.0,98.0
0365.927,-87.48461538461538,-25.8,96.0,72.0,98.0
0365.966,-183.18461538461543,-32.85,95.0,72.0,98.0
0366.000,-247.14999999999998,-35.9,95.0,72.0,98.0
0366.033,-294.55,-37.4,95.0,72.0,98.0
0366.067,-325.39166666666665,-41.24166666666666,96.0,72.0,98.0
0366.098,-349.4384615384615,-44.875,98.5,72.0,98.0
0366.130,-368.575,-49.607692307692304,103.5,72.0,98.0
0366.162,-395.5,-54.3,111.125,72.0,98.0
0366.193,-426.9583333333333,-56.13076923076923,112.0,72.0,98.0
0366.233,-475.85,-57.7,109.0,72.0,98.0
0366.264,-496.65,-57.06666666666666,107.0625,72.0,98.0
0366.295,-506.4666666666667,-56.866666666666674,106.125,72.0,98.0
0366.329,-502.79230769230776,-56.069230769230764,103.0,72.0,98.0
0366.361,-496.15000000000003,-55.9,102.11111111111111,72.0,98.0
0366.403,-479.5,-54.141666666666666,100.0,72.0,98.0
0366.426,-470.41666666666663,-53.0,100.0,72.0,98.0
0366.467,-445.0538461538461,-48.400000000000006,98.375,72.0,98.0
0366.499,-425.1846153846154,-45.62307692307692,97.375,72.0,98.0
0366.531,-406.5,-43.66666666666667,96.375,72.0,98.0
0366.562,-384.7833333333333,-41.050000000000004,95.0,72.0,98.0
0366.594,-362.6,-40.06666666666666,95.0,72.0,98.0
0366.627,-334.2384615384616,-38.184615384615384,95.0,72.0,98.0
0366.669,-309.0230769230769,-36.669230769230765,95.0,72.0,98.0
0366.701,-293.925,-33.2,95.0,72.0,98.0
0366.732,-284.5,-31.999999999999996,95.0,72.0,98.0
0366.764,-274.8461538461538,-30.05,95.0,72.0,98.0
0366.797,-260.875,-29.50769230769231,94.0,72.0,98.0
0366.828,-242.46153846153845,-28.646153846153847,94.0,72.0,98.0
0366.859,-221.19166666666666,-26.5125,95.0,72.00000000000001,98.00000000000001
0366.899,-195.6,-22.9,96.625,72.0,98.0
0366.931,-179.68461538461537,-19.123076923076923,100.25,72.0,98.0
0366.963,-169.95,-17.933333333333337,108.25,72.0,98.0
0366.995,-165.56666666666666,-16.4,110.625,72.0,98.0
0367.027,-167.7153846153846,-17.166666666666668,108.375,72.0,98.0
0367.068,-168.83333333333331,-18.225,106.0,72.0,98.0
0367.100,-170.33076923076925,-18.200000000000003,103.8125,72.0,98.0
0367.133,-167.08333333333331,-18.241666666666667,102.75,72.0,98.0
0367.165,-166.9666666666667,-16.5,101.0,72.0,98.00000000000001
0367.198,-169.93333333333334,-16.6,100.0,71.99999999999999,98.0
0367.231,-172.3615384615385,-15.461538461538462,100.0,72.0,98.0
0367.264,-169.11538461538464,-16.200000000000003,99.58823529411765,72.0,98.0
0367.296,-170.675,-15.966666666666667,98.625,72.0,98.0
0367.330,-166.5,-16.65,97.5,72.0,98.0
0367.363,-163.1,-16.946153846153848,96.4375,72.0,98.0
0367.395,-166.9,-17.166666666666664,96.0,72.0,98.0
0367.427,-163.325,-18.525000000000002,95.0,72.0,98.0
0367.460,-167.2076923076923,-17.6375,95.0,72.0,98.0
0367.501,-165.41538461538462,-17.849999999999998,95.0,72.0,98.0
0367.534,-165.06666666666666,-16.116666666666667,95.0,71.99999999999999,97.99999999999999
0367.567,-163.73333333333332,-16.533333333333335,95.0,72.0,98.0
0367.601,-158.125,-14.641666666666667,95.0,72.0,98.0
0367.633,-142.2076923076923,-13.6,95.0,72.0,98.0
0367.664,-107.225,-11.65,95.0,72.0,98.0
0367.696,-49.95,-8.633333333333333,94.0,72.0,98.0
0367.727,20.366666666666667,-6.300000000000001,95.0,72.0,98.0
0367.767,114.47692307692309,-2.683333333333333,99.625,72.0,98.0
0367.798,177.62500000000003,1.366666666666667,104.4375,72.0,98.0
0367.831,230.75,5.911111111111111,111.75,72.0,98.0
0367.863,255.875,9.3125,111.5625,72.0,98.0
0367.895,262.1222222222222,12.95,110.125,72.0,98.0
0367.927,254.8,13.7,107.125,72.0,98.0
0367.968,241.8,14.744444444444445,105.5625,72.0,98.0
0368.001,240.9,13.975000000000001,103.5,72.0,98.0
0368.034,239.2,14.925,102.4375,72.0,98.0
0368.067,247.92307692307693,16.316666666666666,101.375,72.0,98.0
0368.101,254.76153846153846,18.925,101.0,72.0,98.0
0368.133,265.76153846153846,21.315384615384616,99.25,72.0,98.0
0368.166,269.75,23.775,97.1875,72.00000000000001,98.00000000000001
0368.198,269.9,26.75,96.0,72.0,98.0
0368.229,262.74444444444447,30.4,95.0,72.0,98.0
0368.262,258.85,34.5,95.0,72.0,98.0
0368.294,253.77499999999998,36.9,95.0,72.0,98.0
0368.326,247.7,38.075,95.0,72.0,98.0
0368.366,233.7,37.9,95.0,72.0,98.0
0368.397,225.25384615384615,36.4,96.0,72.0,98.0
0368.429,222.8,36.5,96.0,72.0,98.0
0368.462,223.26666666666665,38.1,96.0,72.0,98.0
0368.495,226.68333333333334,38.8,95.625,72.0,98.0
0368.527,239.9846153846154,37.14615384615385,95.0,72.0,97.99999999999999
0368.560,260.78333333333336,37.82307692307692,95.0,72.0,98.0
0368.601,294.65,38.61538461538461,95.0,72.0,98.0
0368.634,311.3,39.33333333333333,99.1875,72.0,98.0
0368.666,325.07499999999993,38.61666666666667,104.1875,72.0,98.0
0368.698,332.7538461538462,36.65,109.125,72.0,98.0
0368.729,337.7692307692307,36.3,111.0,72.0,98.0
0368.761,338.48333333333335,35.3,109.0,72.0,98.0
0368.802,344.96666666666664,36.6,106.0,72.0,98.0
0368.839,359.6166666666667,37.93333333333334,104.125,72.0,98.0
0368.866,368.5375,38.59230769230769,103.0,72.0,98.0
0368.898,366.9,40.400000000000006,100.4375,72.0,98.0
0368.931,359.29999999999995,39.95,100.0,72.0,98.0
0368.963,353.3888888888889,40.125,99.0,72.0,98.0
0368.995,351.2230769230769,41.723076923076924,99.0,72.0,98.0
0369.027,353.3833333333334,42.60769230769231,98.0,72.0,98.0
0369.060,344.58333333333337,58.56666666666667,97.0,72.0,98.0
0369.100,333.05,69.45833333333333,96.0,72.0,98.0
0369.133,318.54615384615386,79.21538461538461,95.0,72.0,98.0
0369.165,306.4,71.7,95.0,72.0,98.00000000000001
0369.197,292.0,67.28333333333333,95.0,72.0,98.0
0369.229,279.30833333333334,62.175000000000004,95.0,72.0,98.0
0369.260,266.0615384615385,58.525,95.0,72.0,98.0
0369.293,250.5,54.333333333333336,95.0,72.0,98.0
0369.334,227.43333333333334,49.71538461538461,95.0,72.0,98.0
0369.367,207.05,46.2,95.0,72.0,98.0
0369.398,203.1,41.96666666666667,95.0,72.0,98.0
0369.430,201.7,40.02307692307693,95.0,72.0,98.0
0369.462,199.2375,36.849999999999994,95.0,72.0,98.0
0369.494,199.45,34.833333333333336,96.8125,72.0,98.0
0369.534,190.6625,29.974999999999998,104.9375,72.0,97.99999999999999
0369.567,179.3125,26.95,109.75,72.0,98.0
0369.600,160.34444444444443,22.299999999999997,112.0,72.0,98.0
0369.633,138.56666666666666,15.915384615384616,110.5,72.0,98.0
0369.667,110.85,7.633333333333334,108.375,72.0,98.0
0369.700,83.72500000000001,0.20833333333333326,105.3125,72.0,98.0
0369.733,48.53076923076923,-5.366666666666667,104.25,72.0,98.0
0369.766,10.8,-11.644444444444446,102.0,72.0,98.0
0369.799,-36.0,-17.25,101.0,72.0,98.0
0369.832,-76.53333333333335,-22.125,100.0,72.0,98.0
0369.864,-111.48461538461538,-25.812500000000004,100.0,72.0,98.0
0369.896,-146.35,-29.2,99.0,72.0,98.0
0369.928,-185.7,-30.1,97.0,72.0,98.0
0369.969,-241.77499999999998,-35.607692307692304,96.0,72.0,98.0
0370.002,-291.825,-38.0,95.375,72.0,98.0
0370.035,-344.9777777777778,-41.5,95.0,72.0,98.0
0370.067,-400.72499999999997,-43.06923076923077,95.0,72.0,98.0
0370.099,-443.675,-43.916666666666664,95.0,72.0,98.0
0370.130,-478.95000000000005,-47.599999999999994,95.0,72.0,98.0
0370.163,-504.86923076923074,-51.03333333333333,95.0,72.0,98.0
0370.195,-525.775,-54.75555555555555,95.0,72.0,98.0
0370.226,-543.2416666666666,-59.0,95.0,72.0,98.0
0370.266,-550.1666666666666,-61.650000000000006,95.0,72.0,98.0
0370.296,-546.3923076923077,-60.8375,95.0,72.0,98.0
0370.327,-535.0666666666666,-60.184615384615384,95.0,72.0,98.0
0370.368,-526.1,-56.233333333333334,97.5,72.0,98.0
0370.401,-521.5,-55.28333333333334,104.6875,72.0,98.0
0370.434,-525.9,-53.85000000000001,110.25,72.0,98.0
0370.464,-522.1,-54.184615384615384,112.0,72.0,98.0
0370.497,-512.85,-53.5,109.4375,71.97321428571428,98.0
0370.529,-497.5625,-51.775,107.4375,71.87797619047619,98.0
0370.562,-470.0333333333333,-51.05,105.0,71.7797619047619,98.0
0370.594,-446.1538461538462,-46.94615384615385,103.375,71.68452380952381,98.0
0370.634,-416.8,-44.583333333333336,100.875,71.56547619047619,98.0
0370.666,-393.29166666666663,-41.57692307692308,100.0,71.4702380952381,98.0
0370.700,-369.8,-37.96666666666667,100.0,71.36904761904762,98.0
0370.731,-332.8538461538461,-35.13333333333333,99.0,71.27678571428572,98.0
0370.765,-297.9,-32.2,98.0,71.17559523809524,98.0
0370.799,-259.57500000000005,-29.549999999999997,97.0,71.07440476190476,98.0
0370.832,-228.7833333333333,-25.53333333333333,96.0,71.0,97.99999999999999
0370.865,-196.61666666666667,-22.76666666666667,96.0,71.0,98.0
0370.897,-161.2,-19.384615384615383,95.0,71.0,98.0
0370.930,-125.86666666666666,-18.108333333333334,95.0,71.0,98.0
0370.963,-93.01666666666667,-15.441666666666668,95.0,71.0,98.0
0370.994,-64.45555555555555,-12.0,95.0,71.0,98.0
0371.027,-35.6,-8.9875,95.0,71.0,98.0
0371.069,17.9,-5.0,95.0,71.0,98.0
0371.102,67.8,-0.7999999999999999,95.0,71.0,98.0
0371.139,123.96666666666665,2.975,95.0,71.0,98.0
0371.169,151.725,6.7,96.5625,70.99999999999999,98.0
0371.195,173.1,8.392307692307693,100.375,71.0,98.0
0371.235,185.15,12.033333333333331,107.0625,71.0,98.0
0371.267,192.8,14.5,110.6875,71.0,98.0
0371.299,196.74166666666665,14.2,110.3125,71.0,98.0
0371.333,198.74615384615385,13.833333333333336,108.1875,71.0,98.0
0371.365,201.06923076923078,14.407692307692308,105.1875,71.0,98.0
0371.396,199.36666666666667,14.107692307692307,104.0,71.0,98.0
0371.427,192.85000000000002,14.0,102.3125,71.0,98.0
0371.468,174.8230769230769,10.833333333333332,100.80000000000001,71.0,98.0
0371.501,155.96153846153845,9.4,100.0,71.0,98.0
0371.534,137.28333333333333,8.446153846153845,100.0,71.0,97.99999999999999
0371.567,120.53750000000001,6.6,99.0,71.0,98.0
0371.599,112.775,6.566666666666666,97.5625,71.0,98.0
0371.631,108.325,5.5,96.5625,71.0,98.0
0371.664,103.675,6.7444444444444445,96.0,71.0,98.0
0371.696,97.2,6.925,95.0,71.0,98.0
0371.728,93.75,7.25,95.0,71.0,98.0
0371.760,95.35,8.975,95.0,71.0,98.0
0371.798,97.8076923076923,9.207692307692309,95.0,71.0,98.0
0371.830,92.96666666666667,8.938461538461539,95.0,71.0,98.0
0371.861,87.8,8.666666666666668,95.0,71.0,98.0
0371.893,84.69166666666666,10.15,95.0,71.0,98.0
0371.932,106.35384615384615,9.700000000000001,94.0,71.0,98.0
0371.964,134.15,10.015384615384615,94.0,71.0,98.0
0371.996,168.65,10.184615384615384,95.0,71.0,98.0
0372.027,194.0,10.9,97.375,71.0,98.0
0372.067,206.02499999999998,12.116666666666665,103.0625,71.0,98.0
0372.099,200.38333333333335,12.0,110.375,71.0,98.0
0372.131,186.9923076923077,11.333333333333334,111.0,71.0,98.0
0372.163,180.9,11.525,108.3125,71.0,98.0
0372.196,172.45000000000002,12.108333333333334,106.25,71.0,98.0
0372.228,164.91538461538462,10.65,105.0,71.0,98.0
0372.260,148.53333333333333,7.469230769230769,102.25,71.0,98.0
0372.301,114.20000000000002,2.5076923076923077,100.6875,71.0,98.0
0372.332,80.5,-1.4,99.0,71.0,98.0
0372.364,44.8,-5.966666666666667,99.0,71.0,98.0
0372.397,9.311111111111112,-10.492307692307692,98.0,71.0,98.0
0372.429,-20.108333333333334,-16.761538461538464,97.625,71.0,98.0
0372.462,-47.95,-22.7375,96.5625,71.0,98.0
0372.494,-82.1,-26.250000000000004,95.0,71.0,98.0
0372.534,-134.45,-28.641666666666666,95.0,71.0,98.0
0372.566,-191.2,-29.0,95.0,71.0,98.0
0372.598,-248.75,-31.5,95.0,71.0,98.0
0372.630,-305.80833333333334,-34.3,95.0,71.0,98.0
0372.661,-356.125,-37.775,95.0,71.0,98.0
0372.693,-391.76666666666665,-40.36153846153846,95.0,71.0,98.0
0372.734,-437.15000000000003,-42.45384615384616,95.0,71.0,98.0
0372.766,-460.27500000000003,-43.58461538461539,95.0,71.0,98.0
0372.799,-469.575,-42.733333333333334,95.0,71.0,98.0
0372.831,-468.5615384615385,-44.275000000000006,95.0,70.97626112759644,97.99999999999999
0372.863,-463.16666666666663,-43.766666666666666,95.5,70.8813056379822,98.0
0372.895,-461.6333333333334,-44.73076923076923,99.5,70.78635014836796,98.0
0372.928,-462.73333333333335,-44.949999999999996,105.6875,70.68842729970326,98.0
0372.959,-466.55,-45.400000000000006,111.47058823529412,70.59643916913947,98.0
0372.998,-473.4,-47.14999999999999,111.125,70.48071216617211,98.0
0373.030,-470.2166666666667,-46.62500000000001,109.125,70.38575667655786,98.0
0373.061,-466.6846153846154,-45.23076923076923,106.0,70.29376854599407,98.0
0373.100,-445.9,-41.4375,103.75,70.17804154302671,98.0
0373.130,-423.34999999999997,-38.88461538461538,101.875,70.08902077151336,98.0
0373.161,-401.0875,-37.90833333333333,100.0,70.0,98.0
0373.194,-375.48888888888894,-35.45833333333333,99.0,70.0,98.00000000000001
0373.227,-350.4,-32.975,99.0,70.0,98.00000000000001
0373.267,-320.4,-28.146153846153844,98.0,70.0,98.0
0373.297,-296.6,-26.35,97.0,70.0,98.0
0373.328,-278.83076923076925,-24.233333333333334,96.0,70.0,98.0
0373.360,-257.74615384615385,-21.85,95.5,70.0,98.0
0373.401,-229.3777777777778,-19.21111111111111,95.0,70.0,98.0
0373.433,-206.65,-16.7625,95.0,70.0,98.0
0373.466,-179.06666666666666,-15.1125,95.0,70.0,98.0
0373.499,-158.53333333333333,-10.262500000000001,95.0,70.0,98.0
0373.532,-140.92307692307693,-6.707692307692308,95.0,70.0,98.0
0373.564,-120.02499999999999,-4.308333333333334,95.0,70.0,98.0
0373.596,-76.2,-2.4,95.0,70.0,98.0
0373.627,-18.0,-1.1666666666666667,95.0,70.0,98.0
0373.660,54.09166666666667,-0.3333333333333335,94.99999999999999,70.0,98.0
0373.700,106.6,1.1692307692307693,96.8125,70.0,98.0
0373.734,132.11666666666667,4.9125,100.875,70.0,98.0
0373.768,143.83333333333331,9.733333333333334,110.125,70.0,98.0
0373.800,156.0,12.616666666666665,113.0,70.0,98.0
0373.830,163.47500000000002,14.733333333333334,112.0625,70.0,98.0
0373.862,166.9,15.700000000000001,108.125,70.096875,98.0
0373.893,164.83846153846153,16.7,106.125,70.19375,98.0
0373.932,155.85,15.266666666666667,102.6875,70.315625,98.0
0373.963,147.36153846153843,18.784615384615385,101.0,70.4125,98.0
0373.995,135.06666666666666,18.6,100.0,70.51249999999999,98.0
0374.026,124.9,21.1,100.0,70.609375,98.0
0374.067,123.5,22.275,100.0,70.7375,98.0
0374.101,126.04615384615386,26.125,99.0,70.84375,98.0
0374.134,130.55,30.425,97.0625,70.94687499999999,98.0
0374.166,136.57500000000002,35.76923076923077,96.0,71.00000000000001,98.0
0374.197,145.70833333333331,38.63846153846154,95.0,71.0,98.00000000000001
0374.229,153.96666666666667,42.1,95.0,71.0,98.0
0374.261,155.72500000000002,42.48461538461539,94.0,71.0,98.0
0374.299,162.36666666666665,41.84615384615385,94.0,71.0,98.0
0374.330,170.95,40.775,94.0,71.0,98.0
0374.362,179.65,39.71666666666666,94.0,71.0,98.0
0374.394,177.7,38.949999999999996,94.0,71.0,98.0
0374.426,177.05,40.63076923076923,94.0,71.0,98.0
0374.467,192.66666666666666,43.9375,94.0,71.0,98.0
0374.499,224.8,46.9,94.0,71.00000000000001,98.0
0374.531,259.23846153846154,51.50000000000001,94.0,71.0,98.0
0374.561,284.6166666666667,54.6,97.25,71.0,98.0
0374.592,297.475,57.141666666666666,101.6875,71.0,98.0
0374.632,297.2,60.099999999999994,111.0625,71.0,98.0
0374.663,295.3,61.96666666666667,112.0,71.0,98.0
0374.696,292.68333333333334,63.0,109.9375,71.0,98.0
0374.729,294.4416666666667,61.96153846153847,106.875,71.0,98.0
0374.762,300.475,60.716666666666654,105.0,71.0,98.0
0374.795,313.8444444444444,60.33333333333333,103.0,71.0,98.0
0374.828,326.8,58.074999999999996,101.6875,71.0,98.0
0374.860,331.9166666666667,56.86666666666666,100.0,71.0,98.0
0374.905,340.15000000000003,54.98461538461539,99.875,71.0,98.0
0374.930,343.4461538461539,57.6125,99.0,71.0,98.0
0374.961,344.66923076923075,57.55,98.0,71.0,98.0
0374.993,349.425,58.238461538461536,97.375,71.0,98.0
0375.033,345.5,58.861538461538466,96.0,71.0,98.0
0375.066,339.6333333333333,56.349999999999994,95.0,71.0,98.0
0375.096,328.40833333333336,56.49166666666667,95.0,71.0,98.0
0375.128,316.7615384615385,52.45,95.0,71.0,98.0
0375.159,303.625,51.8,95.0,71.0,98.0
0375.199,289.25,47.3,95.0,71.0,98.0
0375.231,268.67499999999995,45.8625,95.0,71.00000000000001,98.0
0375.263,232.63846153846157,43.699999999999996,95.0,71.0,98.0
0375.294,190.125,41.87777777777778,95.0,71.0,98.0
0375.326,155.98333333333335,39.15,95.0,71.0,98.0
0375.366,125.375,32.225,95.0,71.0,98.00000000000001
0375.397,120.33333333333334,28.875000000000004,95.0,71.0,98.00000000000001
0375.429,109.9375,23.353846153846153,96.875,71.0,98.0
0375.461,99.975,20.166666666666668,103.64705882352942,71.0,98.0
0375.492,83.4,15.8,108.75,71.0,98.0
0375.534,43.28333333333333,6.775,111.25,71.0,98.0
0375.565,12.4,-1.4,109.5625,71.0,98.0
0375.597,-20.025000000000002,-8.8,105.58823529411765,71.0,98.0
0375.628,-45.64999999999999,-15.85,104.625,71.0,98.0
0375.660,-83.10000000000001,-20.950000000000003,103.0,71.0,98.0
0375.699,-130.41666666666669,-28.23076923076923,101.0,71.0,98.0
0375.730,-171.03333333333333,-32.13846153846154,100.0,71.0,98.0
0375.761,-212.6076923076923,-35.93333333333333,100.0,71.0,98.0
0375.793,-259.05,-41.215384615384615,99.375,71.0,98.0
0375.832,-322.1,-49.65,98.0,71.0,98.0
0375.863,-376.15,-53.7,97.0,71.0,98.0
0375.895,-425.25,-59.09166666666667,96.0,71.0,98.0
0375.927,-473.9222222222222,-61.71666666666666,96.0,71.0,98.0
0375.968,-528.6076923076923,-62.7,95.0,71.0,98.0
0376.001,-556.3083333333333,-61.753846153846155,95.0,71.0,98.0
0376.034,-575.55,-60.96666666666667,95.6875,71.0,98.0
0376.068,-583.2249999999999,-61.16666666666667,96.0,71.0,98.0
0376.101,-596.0333333333333,-62.833333333333336,96.0,71.0,98.0
0376.133,-605.1833333333334,-63.93846153846154,96.0,71.0,98.0
0376.164,-610.8,-65.55000000000001,96.0,70.96130952380952,98.00000000000001
0376.195,-610.5384615384615,-65.7,95.25,70.86904761904762,98.0
0376.227,-598.8833333333333,-65.92307692307693,95.0,70.77380952380952,98.0
0376.267,-583.6,-63.82222222222222,96.25,70.65476190476191,98.0
0376.298,-568.4,-62.35,98.375,70.5625,98.0
0376.330,-555.6833333333334,-60.10000000000001,106.5625,70.4672619047619,98.0
0376.361,-545.0,-58.416666666666664,111.125,70.375,98.0
0376.395,-533.1500000000001,-56.95,110.75,70.27380952380952,98.0
0376.427,-519.9083333333333,-54.184615384615384,108.75,70.17857142857143,98.0
0376.466,-490.57500000000005,-51.5,105.3125,70.0625,98.0
0376.499,-463.16923076923075,-46.575,103.25,70.0,98.0
0376.530,-439.90000000000003,-43.708333333333336,101.3125,70.0,98.0
0376.562,-419.8625,-40.330769230769235,100.0,70.0,98.0
0376.595,-400.95000000000005,-37.891666666666666,100.0,70.0,98.0
0376.627,-384.8,-36.25,99.25,70.0,98.0
0376.668,-363.0923076923077,-34.78333333333333,98.0,70.0,98.0
0376.699,-346.2166666666667,-33.0,97.6875,70.0,98.00000000000001
0376.730,-335.8583333333333,-31.0625,96.0,70.0,98.0
0376.762,-324.3666666666667,-28.35,95.75,70.0,98.0
0376.794,-319.4,-29.10833333333333,95.0,70.0,98.0
0376.835,-310.4,-28.175,95.0,70.0,98.0
0376.867,-307.225,-26.0,95.8125,70.0,98.0
0376.899,-299.0,-22.2,96.0,70.0,98.0
0376.931,-290.76153846153846,-16.058333333333334,96.0,70.0,98.0
0376.963,-282.61538461538464,-11.384615384615385,96.0,70.0,98.0
0376.995,-245.8,-8.816666666666666,96.0,70.0,98.0
0377.026,-180.875,-6.066666666666666,96.0,70.0,98.0
0377.067,-56.85,-3.2333333333333334,97.0,70.0,98.0
0377.098,22.261538461538464,2.9333333333333336,98.5,70.0,98.0
0377.129,71.525,7.4,105.5625,70.0,98.0
0377.161,101.4,13.7,110.1875,70.00892857142857,98.0
0377.201,116.33749999999999,19.741666666666667,110.3125,70.12797619047619,98.0
0377.233,120.9,21.5,108.3125,70.22321428571428,98.0
0377.264,125.18333333333335,23.8,105.375,70.31547619047619,98.0
0377.296,133.35,25.0,103.0,70.41071428571428,98.0
0377.327,145.53333333333333,26.833333333333332,101.4375,70.50297619047619,98.0
0377.366,150.35,29.766666666666666,100.0,70.61904761904762,98.0
0377.399,148.7,30.333333333333336,100.0,70.71726190476191,98.0
0377.432,144.18461538461537,28.866666666666667,99.0,70.81547619047619,98.0
0377.463,142.4,28.36153846153846,99.0,70.9077380952381,98.0
0377.494,150.25,31.650000000000002,98.0,71.0,98.0
0377.526,154.84444444444446,33.5,97.0,71.0,98.0
0377.569,163.26923076923077,36.11666666666667,95.3125,71.0,98.0
0377.608,157.23076923076923,33.2,94.0,71.0,98.0
0377.625,155.23333333333335,32.23076923076923,94.0,71.0,98.0
0377.667,154.7,31.874999999999996,94.0,71.0,98.0
0377.698,150.16666666666666,31.9,94.0,71.0,98.0
0377.731,146.9,33.56666666666667,94.0,71.0,98.0
0377.762,144.81249999999997,32.315384615384616,95.0,71.0,98.0
0377.794,150.9,30.53333333333334,95.0,71.0,98.0
0377.834,177.125,29.8,96.0,71.0,98.0
0377.865,203.18461538461537,30.48333333333333,96.0,71.0,98.0
0377.896,232.33333333333337,34.27499999999999,97.125,71.0,98.0
0377.928,258.925,37.73076923076923,102.375,71.0,98.0
0377.961,281.04999999999995,46.02307692307693,108.375,71.0,98.0
0378.002,286.9461538461539,52.166666666666664,113.0,71.0,98.0
0378.035,284.3,56.44166666666666,111.375,71.0,98.0
0378.067,269.5,55.0,109.1875,71.0,98.0
0378.098,265.2875,52.0125,107.25,71.0,98.0
0378.130,269.4,50.324999999999996,106.25,71.0,98.0
0378.163,285.4,50.25,105.0,71.0,98.00000000000001
0378.195,303.6,51.52499999999999,104.1875,71.0,98.0
0378.228,323.3,51.38461538461539,104.0,71.0,98.0
0378.259,331.3666666666667,50.1,103.0,71.0,98.0
0378.300,342.5769230769231,48.3,101.0,71.0,98.0
0378.334,347.3,48.225,98.5,71.0,98.0
0378.366,352.925,48.4,97.5,71.0,98.0
0378.398,354.8166666666667,46.6,95.5,71.0,98.0
0378.429,352.8076923076923,46.150000000000006,94.5625,71.0,98.0
0378.461,351.95384615384614,44.17777777777778,94.0,71.0,98.0
0378.494,346.33333333333337,44.766666666666666,94.0,71.0,97.99999999999999
0378.527,345.6666666666667,43.199999999999996,94.5625,71.0,98.0
0378.567,347.375,42.63846153846154,95.0,71.0,98.0
0378.600,355.20000000000005,42.525,95.0,71.0,98.0
0378.631,365.5076923076923,44.391666666666666,94.9375,71.0,98.0
0378.664,370.1923076923076,48.69230769230769,94.0,71.0,98.0
0378.696,384.12499999999994,51.59166666666666,94.0,71.0,98.0
0378.728,410.29999999999995,97.36666666666667,96.375,71.0,98.0
0378.759,431.5,132.76666666666668,101.1875,71.0,98.0
0378.801,455.64444444444445,176.43333333333334,107.6875,71.0,98.0
0378.833,443.8375,169.43333333333334,107.3125,71.0,98.0
0378.863,430.0,162.34166666666664,106.4375,71.0,98.0
0378.894,407.31538461538463,156.3,103.5,71.0,98.0
0378.934,380.1769230769231,149.525,102.0,71.0,98.0
0378.965,355.84615384615387,143.98749999999998,100.0,71.0,98.0
0378.997,328.875,138.26666666666665,99.0625,71.0,98.0
0379.030,303.0,130.52499999999998,100.0,71.0,98.0
0379.063,287.3153846153846,126.825,101.0,71.0,98.0
0379.096,276.5,124.18333333333334,100.0,71.0,98.0
0379.129,272.0666666666667,121.61666666666667,98.8125,71.0,98.0
0379.160,272.2666666666667,118.0,97.0,71.0,98.0
0379.201,273.53076923076924,129.63333333333333,96.0,71.0,98.0
0379.233,271.9,149.71666666666667,96.0,71.0,98.0
0379.264,265.9,164.30769230769232,96.0,71.0,98.0
0379.296,262.7125,173.92307692307693,96.0,71.0,98.0
0379.328,260.33333333333337,160.5,96.0,71.0,98.0
0379.367,249.16153846153844,153.46666666666667,96.0,71.0,98.0
0379.398,250.7,146.46666666666667,96.0,71.0,98.0
0379.430,284.70000000000005,138.41538461538462,97.0,71.0,98.0
0379.463,341.45,158.66666666666666,98.0,71.0,98.0
0379.495,389.8076923076923,191.5125,98.0,71.00298507462686,97.99999999999999
0379.528,414.15,226.1875,101.35294117647058,71.10149253731343,97.99999999999999
0379.560,410.7083333333333,250.43333333333334,105.4,71.19701492537314,98.0
0379.594,400.5,232.9,111.26666666666668,71.29850746268656,98.0
0379.627,391.26153846153846,219.23333333333335,110.625,71.39701492537313,98.0
0379.668,382.8230769230769,204.0,108.0625,71.51940298507463,98.0
0379.700,381.0846153846154,193.8846153846154,104.0625,71.61492537313433,98.0
0379.733,375.3666666666667,181.9,103.0,71.7134328358209,98.0
0379.764,362.6,172.36666666666667,101.0625,71.80597014925374,98.0
0379.797,339.16923076923075,164.53333333333333,101.0,71.9044776119403,98.0
0379.829,314.8,156.6,101.0,72.0,98.0
0379.862,275.5666666666666,150.03846153846155,100.0,72.0,98.0
0379.893,213.3,139.36666666666667,100.0,72.0,98.0
0379.939,99.7625,115.55,98.125,72.0,98.0
0379.967,36.59230769230769,91.60000000000001,98.0,72.0,98.0
0380.001,-35.86666666666667,64.7375,98.0,72.0,98.0
0380.033,-100.32499999999999,32.08888888888889,98.0,72.0,98.0
0380.067,-163.36666666666667,-2.5,98.0,72.0,98.0
0380.099,-223.74615384615385,-34.4625,98.0,72.0,98.0
0380.131,-285.475,-68.6,98.0,72.0,98.0
0380.163,-347.06666666666666,-104.6,97.125,72.04166666666667,98.0
0380.195,-402.75,-132.23333333333332,97.0,72.13690476190476,98.00000000000001
0380.228,-453.86153846153843,-153.00833333333335,97.0,72.23511904761904,98.0
0380.262,-489.64615384615377,-162.8,97.0,72.33630952380953,98.0
0380.296,-520.1,-167.24166666666665,97.1875,72.4375,98.0
0380.328,-552.9,-170.16923076923078,103.5625,72.5327380952381,98.0
0380.359,-594.2923076923076,-178.45000000000002,109.375,72.625,98.0
0380.399,-675.7666666666667,-188.8,113.625,72.74404761904762,98.0
0380.431,-735.8,-196.65,112.75,72.83928571428572,98.0
0380.462,-786.7,-201.9,110.4375,72.93154761904762,98.0
0380.496,-826.6499999999999,-204.77499999999998,106.3125,73.0,98.0
0380.530,-857.8076923076924,-206.82500000000002,104.1875,73.0,98.0
0380.563,-877.2692307692307,-206.48333333333335,102.125,73.0,98.0
0380.594,-892.9000000000001,-206.3,101.0,73.0,98.0
0380.634,-913.5,-203.23846153846154,101.0,73.0,98.0
0380.667,-928.65,-198.1,100.0,73.0,98.0
0380.700,-926.1846153846154,-192.5,98.5625,73.0,98.0
0380.733,-907.2833333333333,-186.70000000000002,97.0,73.0,98.0
0380.766,-866.6615384615385,-178.14615384615385,96.0,73.0,98.0
0380.799,-815.4444444444443,-172.10000000000002,95.0,73.0,98.0
0380.832,-755.4,-162.45,94.0,73.0,98.0
0380.865,-703.4,-155.3,94.0,73.0,98.0
0380.897,-658.9625,-149.1125,93.0,73.0,98.0
0380.928,-615.5,-142.5,93.0,73.0,98.0
0380.959,-564.6,-137.89166666666665,93.0,73.0,98.0
0380.999,-500.1,-130.23846153846154,93.0,73.0,98.0
0381.032,-447.0083333333333,-125.07499999999999,93.0,73.0,98.0
0381.065,-416.60769230769233,-119.33333333333334,95.4,73.0,98.0
0381.096,-394.20000000000005,-115.0,99.5625,73.0,98.0
0381.128,-390.73333333333335,-112.67692307692309,106.1875,73.0,98.0
0381.161,-394.8666666666667,-111.13846153846154,107.76470588235293,73.0,98.00000000000001
0381.202,-424.9,-113.04615384615384,105.1875,73.0,98.0
0381.235,-460.4461538461539,-116.46666666666668,102.125,73.0,98.0
0381.267,-496.76153846153846,-117.48333333333332,100.125,73.0,98.0
0381.298,-524.45,-117.17777777777778,98.1875,73.0,98.0
0381.330,-550.6583333333333,-114.37499999999999,98.0,73.0,98.0
0381.361,-569.3777777777777,-113.73333333333333,98.75,73.0,98.0
0381.393,-580.4875000000001,-114.56666666666666,99.0,73.0,98.0
0381.426,-575.3166666666666,-112.05384615384617,99.0,73.0,98.0
0381.467,-563.8125,-109.25555555555555,97.0,73.0,98.0
0381.498,-551.9,-103.39166666666667,96.0,73.0,98.0
0381.531,-542.3666666666667,-98.48333333333333,95.0,73.0,97.99999999999999
0381.564,-526.85,-93.67692307692307,94.4375,73.0,98.0
0381.597,-510.42500000000007,-89.88461538461539,95.0,73.0,98.0
0381.630,-486.35,-86.2,95.0,73.0,98.0
0381.664,-451.42307692307696,-80.78333333333333,95.0,73.0,98.0
0381.695,-423.0333333333333,-74.93076923076923,95.0,73.0,98.0
0381.727,-377.08333333333326,-67.79230769230769,95.0,73.0,98.0
0381.768,-317.975,-59.169230769230765,96.0,73.0,98.0
0381.801,-265.79999999999995,-53.51538461538462,97.25,73.0,98.0
0381.838,-223.8846153846154,-48.88333333333333,101.125,73.01371951219512,98.0
0381.865,-201.8,-46.3375,107.5,73.05487804878048,97.99999999999999
0381.896,-183.375,-42.9,110.0,73.10213414634147,98.0
0381.927,-169.6,-38.98333333333334,108.875,73.14939024390245,98.0
0381.967,-153.05555555555554,-34.3625,106.375,73.21036585365853,98.0
0381.999,-142.6375,-33.766666666666666,104.375,73.2591463414634,98.0
0382.031,-135.05,-32.56923076923077,102.375,73.3079268292683,98.0
0382.063,-133.64166666666665,-30.161538461538463,101.0,73.35670731707317,98.0
0382.095,-129.9,-27.516666666666666,100.0,73.40548780487805,98.0
0382.127,-107.36923076923075,-23.7,100.0,73.45426829268293,98.0
0382.159,-78.0,-20.846153846153847,99.375,73.5030487804878,98.0
0382.199,-43.75,-19.066666666666666,98.0,73.5640243902439,98.0
0382.230,-35.8,-17.423076923076923,97.0,73.61128048780488,98.0
0382.262,-24.96666666666667,-15.9875,96.0,73.66006097560975,98.0
0382.293,-6.0,-15.676923076923076,96.0,73.70731707317073,98.0
0382.333,14.95,-13.166666666666666,95.0,73.76829268292683,98.0
0382.365,24.7,-11.524999999999999,95.0,73.8170731707317,98.0
0382.396,27.284615384615385,-7.75,95.0,73.86432926829268,98.0
0382.428,35.275000000000006,-6.2749999999999995,95.0,73.91310975609755,98.0
0382.460,52.175,-1.6,95.0,73.96189024390245,98.0
0382.501,84.675,0.5923076923076923,95.0,74.04761904761904,98.0
0382.532,101.35384615384615,4.3,95.0,74.13988095238095,98.0
0382.563,128.48333333333335,9.066666666666666,95.875,74.23214285714286,98.0
0382.594,148.73333333333332,10.808333333333334,101.625,74.32440476190476,98.0
0382.633,170.65,12.53076923076923,108.5,74.44047619047618,98.0
0382.664,178.2,10.316666666666666,111.8125,74.5327380952381,98.0
0382.694,171.59230769230768,10.0,110.9375,74.62202380952381,98.0
0382.735,155.51538461538462,9.8,107.375,74.74404761904762,98.0
0382.765,138.6,9.6,105.5,74.83333333333333,98.0
0382.798,128.6,8.2,104.4375,74.93154761904762,98.0
0382.829,122.89166666666667,8.416666666666668,102.0,75.0,97.99999999999999
0382.861,134.4,8.399999999999999,101.0,75.0,98.0
0382.901,154.43846153846155,13.487499999999999,100.0,75.0,97.99999999999999
0382.934,168.4,21.78333333333333,99.0,75.0,98.0
0382.967,176.76666666666665,34.34166666666667,97.875,75.0,98.0
0382.998,177.0,41.9,96.0,75.0,98.0
0383.029,188.0769230769231,47.78333333333333,96.0,75.0,98.0
0383.060,202.11666666666667,47.06666666666666,95.0,75.0,98.0
0383.100,212.32500000000002,47.449999999999996,95.0,75.0,98.0
0383.132,221.6,49.21538461538461,95.0,75.0,98.0
0383.165,223.1307692307692,50.900000000000006,95.0,75.02380952380952,97.99999999999999
0383.200,228.06923076923078,50.6,95.0,75.12797619047618,98.0
0383.233,243.56666666666666,53.37500000000001,95.0,75.22619047619048,98.0
0383.266,257.2,56.612500000000004,95.0,75.32440476190476,98.0
0383.298,284.125,60.4,94.8125,75.41964285714286,98.0
0383.332,317.1333333333333,64.44999999999999,96.9375,75.52083333333334,98.0
0383.364,353.9666666666667,70.425,101.875,75.61607142857143,98.0
0383.395,390.65,78.27692307692308,108.875,75.70833333333334,98.0
0383.434,396.7,87.62307692307692,110.0,75.82440476190476,98.0
0383.465,387.6307692307692,88.2,107.75,75.91666666666666,98.0
0383.497,357.8923076923077,87.25000000000001,105.75,76.0,98.0
0383.528,331.09999999999997,84.7,103.8125,76.0,98.0
0383.559,311.575,83.6,101.875,76.0,98.0
0383.600,281.23333333333335,79.93333333333334,100.3125,76.0,98.0
0383.632,265.39166666666665,78.2125,99.0,76.0,98.0
0383.665,251.13846153846154,75.0875,99.0,76.0,98.0
0383.699,248.28333333333333,72.15,98.0,76.0,98.0
0383.734,243.6625,68.51249999999999,97.0,76.0,98.0
0383.766,242.6,66.0,95.9375,76.0,98.0
0383.799,237.81538461538463,62.75,95.00000000000001,76.0,98.0
0383.832,219.21666666666664,61.1,95.0,76.0,98.0
0383.866,195.61666666666667,58.63846153846154,95.0,76.0,98.0
0383.900,176.125,56.325,95.47058823529412,76.0,98.0
0383.933,156.74615384615385,54.825,96.0,76.0,98.0
0383.965,150.31538461538463,53.7,96.0,76.0,98.0
0383.998,144.6,53.53076923076924,95.375,76.0,98.0
0384.033,135.05,46.30833333333334,95.0,76.0,98.0
0384.067,113.29999999999998,38.6,95.9375,76.0,98.0
0384.100,59.88333333333333,25.3,99.0,76.0,98.0
0384.133,-2.666666666666668,10.7,104.1875,76.0,98.0
0384.164,-68.18333333333334,-7.862499999999999,109.0,76.0,98.0
0384.196,-121.2,-25.275000000000002,111.0,76.04885496183206,98.0
0384.228,-169.8,-41.7125,110.0,76.09770992366413,98.0
0384.260,-217.10833333333335,-55.166666666666664,107.0,76.14656488549619,98.0
0384.293,-271.15,-65.1923076923077,105.0,76.1969465648855,98.0
0384.326,-329.08461538461535,-72.93333333333332,102.875,76.24732824427481,98.0
0384.366,-394.9916666666667,-76.9,101.0,76.30839694656488,98.0
0384.399,-425.6916666666666,-77.84615384615384,100.3125,76.35877862595419,98.0
0384.432,-442.2615384615384,-72.03333333333333,100.0,76.4091603053435,98.0
0384.465,-439.9,-65.25833333333334,100.0,76.45954198473282,98.0
0384.496,-438.04999999999995,-57.584615384615375,99.0,76.50687022900763,98.0
0384.529,-432.20000000000005,-51.1,98.0,76.55725190839695,98.0
0384.562,-422.4076923076923,-46.0,97.0,76.60763358778625,98.0
0384.593,-409.4583333333333,-42.6,95.09375,76.65496183206108,98.0
0384.633,-388.1,-39.11666666666666,95.0,76.71603053435115,98.0
0384.664,-367.125,-37.284615384615385,95.0,76.76335877862596,98.0
0384.695,-342.3666666666667,-34.56666666666666,95.0,76.81068702290077,98.0
0384.728,-298.24615384615385,-33.016666666666666,95.0,76.86106870229008,98.0
0384.760,-236.05,-30.2,95.0,76.90992366412213,98.0
0384.802,-178.86666666666665,-25.65,94.0625,76.97404580152671,98.0
0384.827,-148.98333333333332,-21.383333333333333,94.5,77.02380952380953,97.99999999999999
0384.867,-121.4,-19.4,98.0,77.14285714285714,98.0
0384.898,-99.10833333333335,-18.8,105.875,77.23511904761904,98.0
0384.931,-85.46666666666667,-19.766666666666666,109.0,77.33333333333334,98.0
0384.963,-81.96666666666667,-18.46923076923077,109.0,77.42857142857143,98.0
0384.996,-77.69999999999999,-15.4,105.9375,77.52678571428572,98.0
0385.029,-72.89166666666667,-12.533333333333335,103.875,77.625,98.0
0385.062,-67.18333333333334,-10.9,101.0,77.72321428571428,98.0
0385.093,-65.1375,-8.508333333333333,99.875,77.81547619047619,98.0
0385.132,-63.175,-5.8625,99.0,77.93154761904762,98.0
0385.163,-62.4,-5.0375,99.5,78.0,97.99999999999999
0385.195,-57.9,-3.8999999999999995,100.0,78.0,98.0
0385.228,-59.16923076923077,-3.65,99.0,78.0,98.0
0385.261,-57.175,-4.616666666666667,98.0,78.0,98.0
0385.294,-61.7,-3.976923076923076,96.375,78.0,98.0
0385.326,-61.40769230769231,-1.0333333333333334,95.375,78.0,98.0
0385.365,-60.9,-0.1333333333333334,93.0,78.0,98.0
0385.397,-58.199999999999996,1.7999999999999998,93.0,78.0,98.0
0385.429,-54.875,0.8769230769230769,93.0,78.0,98.0
0385.463,-51.96666666666667,3.9,93.0,78.0,98.0
0385.496,-45.86923076923077,2.488888888888889,93.0,78.00000000000001,98.0
0385.529,-28.97692307692307,1.9,93.0,78.0,98.0
0385.562,-4.075000000000001,2.95,93.0,78.0,98.0
0385.596,26.3,3.666666666666667,93.0,78.0,98.0
0385.631,47.25,3.966666666666667,96.41176470588236,78.0,98.0
0385.663,53.5,0.4416666666666666,102.25,78.0,98.0
0385.695,49.425,0.95,109.41176470588235,78.0,98.0
0385.728,43.137499999999996,0.0923076923076923,110.0,78.0,98.0
0385.761,36.68749999999999,-0.07500000000000001,108.125,78.0,98.0
0385.795,29.03333333333333,-2.3307692307692305,106.0,78.0,98.0
0385.827,21.75,-4.569230769230769,104.0625,78.0,98.0
0385.869,8.15,-4.699999999999999,101.4375,78.0,98.0
0385.894,3.1384615384615384,-4.45,100.0,78.0,98.0
0385.935,-12.392307692307693,-3.9000000000000004,99.0,78.0,98.0
0385.967,-19.4,-2.4000000000000004,99.0,78.0,98.0
0385.999,-26.2,-3.2538461538461534,99.0,78.0,97.99999999999999
0386.033,-34.107692307692304,-3.666666666666667,98.0,78.0,98.0
0386.065,-34.38461538461539,-3.575,97.0,78.0,98.0
0386.097,-28.125,-5.266666666666667,96.0,78.0,98.0
0386.129,-23.066666666666666,-3.953846153846154,96.0,78.0,98.0
0386.162,-17.815384615384616,-3.2,96.0,78.0,98.0
0386.193,-6.833333333333333,-0.20000000000000004,96.0,78.0,98.0
0386.234,6.292307692307692,1.55,96.0,78.0,98.0
0386.267,27.225,4.5,95.0,78.0,98.0
0386.301,61.53333333333334,7.961538461538462,95.0,78.0,98.0
0386.335,107.1,11.90909090909091,94.0,78.0,98.0
0386.367,143.7375,17.633333333333333,94.75,78.0,98.0
0386.398,168.1,22.516666666666666,96.375,78.0,98.0
0386.430,173.29166666666666,26.1,103.0625,78.0,98.0
0386.461,175.525,26.076923076923077,108.25,78.0,98.0
0386.493,174.02307692307693,24.2,110.0,78.0,98.0
0386.535,162.27692307692308,21.4,107.76470588235293,77.99999999999999,98.0
0386.568,149.59166666666667,19.049999999999997,104.73333333333333,78.0,98.0
0386.599,131.35000000000002,14.649999999999999,103.0,78.0,98.0
0386.631,109.06666666666666,11.0,101.8125,78.0,98.0
0386.663,76.84615384615384,5.050000000000001,99.8125,78.0,98.0
0386.695,41.44166666666666,-2.416666666666667,99.0,78.0,98.0
0386.727,2.1,-11.707692307692309,99.0,78.0,98.0
0386.768,-39.46666666666667,-25.646153846153847,99.0,78.0,98.0
0386.802,-76.46153846153845,-34.11666666666667,99.0,78.0,98.0
0386.835,-109.71538461538461,-42.358333333333334,98.0,78.0,98.0
0386.867,-148.64999999999998,-45.81666666666667,97.0,78.0,98.0
0386.898,-181.0375,-49.49230769230769,95.125,78.0,98.0
0386.929,-221.075,-53.625,95.0,78.0,98.0
0386.961,-279.0333333333333,-56.475,95.0,78.0,98.0
0387.000,-348.2833333333333,-61.2,96.0,78.0,98.0
0387.033,-407.66666666666663,-64.34615384615385,96.0,78.0,98.0
0387.064,-441.275,-67.78333333333335,95.0,78.0,98.0
0387.096,-454.69230769230774,-69.9,95.0,78.0,98.0
0387.129,-455.79166666666663,-68.9,95.3125,78.0,98.0
0387.162,-455.30833333333334,-67.30769230769232,96.75,78.0,98.0
0387.195,-464.8666666666666,-66.06923076923077,99.94117647058823,78.0,98.0
0387.228,-471.24615384615385,-66.99166666666667,107.125,78.0,98.0
0387.262,-479.85,-69.13333333333333,109.6875,78.0,98.0
0387.294,-486.875,-72.0625,109.0,78.0,98.0
0387.327,-491.54999999999995,-74.8375,107.25,78.0,98.0
0387.368,-496.6666666666667,-75.22307692307692,104.6875,78.0,98.0
0387.402,-497.66153846153844,-74.76666666666665,102.5625,78.0,98.0
0387.440,-510.9,-72.96666666666667,100.1875,78.0,98.0
0387.466,-519.2769230769231,-72.99230769230769,99.0,78.0,98.0
0387.498,-527.825,-70.525,99.0,78.0,98.0
0387.529,-531.6538461538462,-68.025,98.625,78.0,98.0
0387.560,-535.8499999999999,-67.025,97.6875,78.0,98.0
0387.600,-539.5000000000001,-64.61666666666667,96.09375,78.0,98.0
0387.632,-534.8,-65.16153846153846,95.0,78.0,98.0
0387.664,-510.4230769230769,-61.338461538461544,96.0,78.0,98.0
0387.697,-480.7,-57.016666666666666,97.0,78.0,98.0
0387.730,-447.3,-52.93333333333333,96.0625,78.0,98.0
0387.761,-413.18333333333334,-49.388888888888886,96.0,78.0,98.0
0387.794,-385.0076923076923,-45.9,95.0,78.0,98.0
0387.826,-353.025,-40.7875,95.0,78.0,98.0
0387.868,-301.33076923076925,-33.766666666666666,96.0,78.0,98.0
0387.899,-254.48750000000004,-28.95,95.5,78.0,98.00000000000001
0387.930,-199.3923076923077,-26.244444444444444,95.4375,78.0,98.0
0387.962,-148.025,-22.5,98.875,78.0,98.0
0387.996,-104.6,-18.115384615384617,105.25,78.0,98.0
0388.030,-66.14999999999999,-14.476923076923077,111.0,78.0,98.0
0388.063,-31.022222222222226,-12.5,109.5,78.0,98.0
0388.095,-3.3499999999999996,-11.733333333333334,105.25,78.0,98.0
0388.126,19.166666666666664,-10.123076923076923,104.0,78.0,98.0
0388.166,44.2,-5.438461538461539,102.0,78.0,98.0
0388.197,61.73846153846154,-1.45,100.86666666666666,78.0,98.0
0388.230,73.54615384615386,1.3,99.0,78.0,98.0
0388.261,76.22500000000001,3.5,99.0,78.0,98.0
0388.294,79.05000000000001,4.8,99.0,78.0,98.0
0388.326,81.96666666666667,6.2,99.0,78.0,98.0
0388.367,84.13846153846153,8.6,97.25,78.0,98.0
0388.399,86.98333333333333,9.725000000000001,95.25,78.0,98.0
0388.431,88.225,11.6,94.0,78.0,98.0
0388.462,88.45,11.23846153846154,94.6875,78.0,98.0
0388.494,90.0,11.333333333333334,95.0,78.0,98.0
0388.534,95.73846153846154,11.675,92.8125,78.0,98.0
0388.565,97.4,13.7,91.0,78.0,98.0
0388.596,100.0,14.846153846153847,91.0625,78.0,98.0
0388.628,115.70833333333333,15.161538461538461,93.0,78.0,98.0
0388.660,147.43076923076924,16.5,94.0,78.0,98.0
0388.696,190.73333333333335,19.1625,94.0,78.0,98.0
0388.728,216.69166666666666,24.62222222222222,96.75,78.0,98.0
0388.759,232.86666666666665,30.083333333333336,100.9375,78.0,98.0
0388.800,254.36666666666665,38.00769230769231,107.75,78.0,98.0
0388.833,275.67692307692306,51.1,110.0,78.00000000000001,98.0
0388.868,289.60769230769233,71.59166666666667,107.875,78.0,97.99999999999999
0388.901,296.23333333333335,86.0875,105.8125,78.0,98.0
0388.934,290.9333333333334,101.58461538461538,104.75,78.0,98.0
0388.969,283.7307692307692,107.33333333333334,102.5625,78.0,98.0
0388.993,274.32500000000005,111.05833333333332,101.0625,78.0,98.0
0389.032,259.8,116.64999999999999,100.0,78.0,98.0
0389.064,256.15,114.30769230769232,100.0,78.0,98.0
0389.096,250.95833333333334,111.7,99.0,78.0,98.0
0389.128,252.11666666666667,107.15,97.625,78.0,98.0
0389.159,246.36666666666667,101.83076923076922,97.0,78.00000000000001,98.0
0389.200,239.50000000000003,100.87692307692308,97.0,78.0,98.00000000000001
0389.233,237.13333333333335,100.36363636363636,97.0,78.0,98.0
0389.266,237.8769230769231,102.05,97.0,78.0,98.0
0389.299,235.3615384615385,101.82499999999999,95.99999999999999,78.0,98.0
0389.332,227.3,99.1,96.0,78.0,98.0
0389.365,215.09166666666667,95.92500000000001,96.0,78.0,98.0
0389.398,207.25,89.17499999999998,95.0,78.0,98.0
0389.430,199.86666666666667,83.24444444444445,95.0,78.0,98.0
0389.463,193.82307692307694,78.33333333333334,95.3125,78.0,98.0
0389.494,185.625,74.5,97.25,78.0,98.00000000000001
0389.534,177.03333333333333,73.20833333333333,103.25,78.0,98.0
0389.567,171.125,72.2,107.625,78.0,98.0
0389.601,155.83333333333331,67.975,109.9375,78.0,98.0
0389.634,139.2,59.474999999999994,109.0,78.0,98.0
0389.667,117.4,41.375,106.9375,78.0,98.0
0389.700,97.4,23.76923076923077,104.875,78.0,98.0
0389.732,72.48461538461538,5.475,103.93333333333332,78.0,98.0
0389.764,41.215384615384615,-7.4,100.875,78.0,98.0
0389.798,-13.166666666666668,-18.2875,99.0,78.0,98.0
0389.831,-62.833333333333336,-27.2,99.0,78.0,98.00000000000001
0389.865,-110.02499999999999,-36.57692307692308,99.0,78.0,98.0
0389.898,-148.5,-46.09166666666666,98.0,78.0,98.0
0389.930,-194.39999999999998,-53.75,97.0,78.0,98.0
0389.961,-250.6416666666667,-59.66666666666667,96.0,78.0,98.0
0389.994,-321.1,-67.18461538461538,96.0,78.0,98.0
0390.034,-409.7166666666667,-77.0,97.0,78.0,98.0
0390.066,-465.32307692307694,-85.21666666666667,96.0,78.0,98.0
0390.100,-509.625,-88.8,96.0,78.0,98.0
0390.131,-543.9583333333333,-93.56153846153846,96.0,78.0,98.0
0390.163,-586.4,-96.675,97.0,78.0,98.0
0390.196,-622.1461538461538,-98.92500000000001,97.0,78.0,98.0
0390.228,-653.8363636363637,-100.23333333333333,96.875,78.0,98.0
0390.262,-676.55,-99.69999999999999,96.0,78.0,98.0
0390.295,-680.6846153846154,-97.93846153846155,96.3125,78.0,98.0
0390.329,-673.5923076923076,-96.5,100.875,78.0,98.0
0390.361,-662.2833333333333,-93.425,106.3125,78.0,98.0
0390.395,-649.9333333333334,-90.56666666666666,111.125,78.0,98.0
0390.427,-642.0833333333334,-87.44615384615385,114.0,78.0,98.0
0390.467,-630.0333333333333,-84.81666666666668,111.9375,78.0,98.0
0390.500,-619.2923076923076,-81.625,108.875,77.99999999999999,98.0
0390.533,-609.05,-78.675,106.8125,78.00000000000001,98.0
0390.565,-601.7083333333333,-74.48333333333335,104.0,78.0,98.0
0390.596,-597.8000000000001,-71.82307692307694,102.875,78.0,98.0
0390.628,-595.3249999999999,-68.8,102.0,78.0,98.0
0390.660,-586.5666666666666,-65.5,101.0,78.0,98.0
0390.707,-574.4230769230769,-62.35833333333333,100.9375,78.0,98.0
0390.724,-570.1333333333334,-61.53076923076923,99.875,78.0,98.0
0390.763,-554.375,-61.3,98.4375,78.0,98.0
0390.796,-544.9666666666667,-58.7,97.375,78.0,98.0
0390.829,-537.025,-56.0,97.0,78.0,98.0
0390.863,-530.0,-54.18333333333334,97.0,78.0,98.0
0390.895,-524.575,-54.353846153846156,96.0,78.0,98.0
0390.926,-523.3615384615384,-54.3625,96.0,78.0,98.0
0390.966,-519.9307692307692,-55.25,96.0,78.0,98.0
0390.999,-512.375,-53.9,96.0,78.0,98.0
0391.033,-493.9166666666667,-51.075,95.0,78.0,98.0
0391.067,-456.2083333333333,-46.14615384615385,95.0,78.0,98.0
0391.099,-414.6222222222222,-41.349999999999994,97.5625,78.0,98.0
0391.133,-362.8,-37.0875,104.375,78.0,98.0
0391.165,-321.8625,-31.766666666666673,107.6875,78.0,98.0
0391.198,-277.2375,-28.977777777777774,107.25,78.0,98.0
0391.231,-221.18888888888887,-27.5875,103.375,78.0,98.0
0391.263,-164.24166666666665,-27.75,101.1875,78.0,98.0
0391.295,-88.57499999999999,-27.124999999999996,98.1875,78.0,98.0
0391.326,-22.85,-23.330769230769228,96.25,78.0,98.0
0391.366,66.38461538461537,-20.96923076923077,94.0,78.0,98.0
0391.399,147.5,-17.75,94.0,78.0,98.0
0391.430,217.21666666666667,-16.425,94.0,78.0,98.0
0391.461,273.1,-13.866666666666667,93.0,78.0,98.0
0391.492,315.0846153846154,-9.407692307692308,92.875,78.0,98.00000000000001
0391.531,363.2,-5.1,92.0,78.0,98.0
0391.563,397.9,-1.5,92.0,78.0,98.0
0391.596,429.9,1.0375,92.0,78.0,98.0
0391.628,445.825,6.544444444444444,92.625,78.0,98.0
0391.660,455.61111111111114,11.7,93.0,78.0,98.0
0391.693,463.0875,17.4,94.0,78.0,98.0
0391.738,486.22499999999997,20.1,94.0,78.0,98.0
0391.764,501.8,23.953846153846158,94.1875,78.0,98.0
0391.795,536.8538461538462,27.93333333333333,95.125,78.0,98.0
0391.827,570.4333333333334,31.291666666666668,97.25,78.0,98.0
0391.867,603.0125,34.13333333333334,105.875,78.0,98.0
0391.899,616.3000000000001,33.766666666666666,109.625,78.0,97.99999999999999
0391.931,613.8499999999999,38.02307692307693,110.375,78.0,98.0
0391.963,611.2333333333333,50.2,109.375,78.0,98.0
0391.995,597.4666666666667,73.55,107.375,78.0,98.0
0392.028,586.7833333333334,94.85000000000001,105.3125,78.0,98.0
0392.062,573.7166666666667,114.4,103.26666666666667,78.0,98.0
0392.094,562.9499999999999,108.89166666666667,101.25,78.0,98.0
0392.127,554.5666666666667,106.00833333333333,100.0,78.0,98.0
0392.160,542.0666666666667,105.19230769230768,100.0,78.0,98.0
0392.200,521.3,102.36666666666667,99.0,78.0,97.99999999999999
0392.233,492.44615384615383,98.23076923076923,98.5625,78.0,98.0
0392.266,461.4166666666667,91.74999999999999,97.0,78.0,98.0
0392.299,432.5,80.6,96.0,78.0,98.0
0392.332,387.47499999999997,70.30000000000001,95.375,78.0,98.0
0392.364,336.7461538461538,55.5,95.0,78.0,98.0
0392.397,270.95,43.275000000000006,96.0,78.0,98.0
0392.429,207.14999999999998,31.216666666666665,95.0,78.0,98.0
0392.461,158.0666666666667,20.35833333333333,95.0,78.0,98.0
0392.501,100.86923076923077,7.277777777777779,94.0,78.0,98.00940438871473
0392.533,49.25,-0.95,94.1875,78.0,98.10971786833855
0392.565,-10.0,-9.375,96.375,78.0,98.2100313479624
0392.597,-75.94999999999999,-14.899999999999999,102.5625,78.0,98.31034482758622
0392.628,-150.95,-22.322222222222223,107.125,78.0,98.40752351097179
0392.661,-240.7,-28.384615384615387,108.75,78.0,98.51097178683386
0392.694,-336.94615384615383,-34.833333333333336,106.6875,78.0,98.61442006269593
0392.727,-419.4,-38.666666666666664,104.625,78.0,98.71786833855799
0392.767,-490.8,-46.95,102.125,78.0,98.84326018808778
0392.799,-534.5999999999999,-55.161538461538456,100.125,78.0,98.9435736677116
0392.833,-582.3000000000001,-62.5,99.0,78.02377414561663,98.97622585438336
0392.864,-625.1153846153846,-67.33846153846153,98.11764705882352,78.06983655274888,98.93016344725112
0392.896,-666.6666666666666,-68.9,98.875,78.11738484398217,98.88261515601782
0392.927,-697.2,-68.7,98.0,78.16344725111442,98.8365527488856
0392.967,-742.15,-70.64444444444443,97.0,78.22288261515601,98.77711738484398
0392.998,-765.8,-70.55,96.0,78.26894502228826,98.73105497771175
0393.030,-785.0,-72.00833333333333,95.75,78.31649331352155,98.68350668647845
0393.061,-791.6833333333334,-72.2,95.0,78.36255572065377,98.6374442793462
0393.093,-794.8384615384614,-72.72307692307692,95.1875,78.41010401188707,98.58989598811293
0393.133,-797.7,-72.35,96.0,78.46953937592869,98.53046062407132
0393.166,-788.1846153846154,-72.63333333333333,96.0,78.518573551263,98.48142644873701
0393.198,-772.3333333333334,-72.77499999999999,96.0,78.56612184249629,98.43387815750373
0393.231,-748.6,-70.21538461538461,96.0,78.6151560178306,98.3848439821694
0393.264,-721.3333333333335,-67.25,95.0625,78.66419019316493,98.33580980683507
0393.296,-687.1999999999999,-62.125,96.0,78.71173848439821,98.28826151560177
0393.328,-646.85,-58.133333333333326,100.75,78.7592867756315,98.2407132243685
0393.367,-600.15,-51.68333333333334,106.625,78.81723625557207,98.18276374442794
0393.398,-565.35,-48.17692307692308,110.0,78.86329866270431,98.13670133729569
0393.429,-530.8777777777777,-46.16666666666667,108.8125,78.90936106983655,98.09063893016344
0393.461,-492.4375,-45.9,105.8125,78.95690936106985,98.04309063893017
0393.500,-442.0375,-43.3,103.375,79.0,98.0
0393.531,-408.45,-40.95384615384615,101.4375,79.0,97.99999999999999
0393.564,-379.29166666666663,-36.083333333333336,99.375,79.0,98.0
0393.596,-351.03076923076924,-33.61666666666667,99.0,79.0,98.0
0393.629,-324.91666666666663,-30.866666666666664,99.0,79.0,98.0
0393.660,-295.70000000000005,-26.815384615384616,99.0,79.0,98.0
0393.700,-258.0833333333333,-22.53076923076923,97.875,79.0,98.0
0393.732,-223.1,-19.515384615384612,96.8125,79.0,98.0
0393.764,-193.225,-20.06666666666667,96.0,79.0,98.0
0393.796,-166.8,-19.15833333333333,95.0,79.0,98.0
0393.828,-146.5125,-18.4,95.0,79.0,98.0
0393.862,-131.98888888888888,-14.63076923076923,95.0,79.0,98.0
0393.895,-116.4125,-12.866666666666665,96.0,79.0,98.0
0393.927,-91.65,-8.816666666666666,95.3125,79.0,98.0
0393.969,-28.524999999999995,-7.933333333333333,95.0,79.0,98.0
0394.000,35.225,-4.977777777777778,95.0,79.0,98.0
0394.032,96.04166666666667,-3.8,95.0,79.0,98.0
0394.063,147.52499999999998,1.3,96.875,79.0,98.0
0394.095,176.56666666666666,4.833333333333333,99.75,79.0,98.0
0394.135,206.6125,8.623076923076923,108.75,79.0,98.0
0394.167,225.2,10.366666666666667,111.0,79.0,98.0
0394.198,249.70769230769233,11.35,108.6875,79.0,98.0
0394.229,267.60833333333335,11.2,106.75,79.0,98.0
0394.260,279.09230769230766,12.3,104.8125,79.0,98.0
0394.299,297.625,11.807692307692308,102.375,79.0,98.0
0394.331,310.23333333333335,13.850000000000001,101.0,79.0,98.0
0394.364,328.3153846153846,15.649999999999999,100.0,79.0,98.0
0394.397,345.425,18.6,99.0,79.0,98.0
0394.429,357.6666666666667,20.666666666666664,98.25,79.0,98.0
0394.460,366.775,21.325,97.3125,79.0,98.0
0394.501,370.425,23.200000000000003,96.0,79.0,98.0
0394.532,374.475,26.43333333333333,95.0,79.0,98.0
0394.563,371.1125,26.823076923076925,95.0,79.0,98.0
0394.595,371.6222222222222,28.4,94.875,79.0,98.0
0394.627,370.8,28.974999999999998,94.0,79.0,98.0
0394.660,370.5,27.949999999999996,94.0,79.0,98.0
0394.701,356.9666666666667,27.441666666666666,94.0,79.0,98.0
0394.732,349.20000000000005,26.8,94.0,79.0,98.0
0394.765,342.04615384615386,26.1,94.0,79.0,98.0
0394.797,350.6,27.775,94.0,79.0,98.0
0394.831,363.43333333333334,29.3,94.0,79.00000000000001,98.0
0394.864,383.1769230769231,32.70769230769231,94.0,79.0,98.0
0394.896,392.05384615384617,51.4,94.9375,79.0,98.0
0394.929,394.975,63.3,101.0,79.0,98.0
0394.961,393.67499999999995,75.075,107.0,79.0,98.0
0394.994,388.6,75.43846153846154,111.0,79.0,98.0
0395.034,373.1916666666667,70.1076923076923,109.4375,79.0,98.0
0395.066,358.9307692307693,67.13333333333334,107.4375,79.0,98.0
0395.098,347.0,64.61666666666666,105.4375,79.0,98.0
0395.130,337.1333333333333,60.3,103.4375,79.0,98.0
0395.163,326.7153846153846,56.699999999999996,101.375,79.0,98.0
0395.197,308.44615384615383,53.11666666666667,100.0,79.0,98.0
0395.230,287.34999999999997,49.516666666666666,100.0,79.0,98.0
0395.263,266.55,46.333333333333336,99.0,79.0,98.0
0395.296,244.65384615384613,37.725,98.0625,79.0,98.0
0395.328,211.875,30.55,97.0625,79.0,98.0
0395.367,157.6076923076923,18.15,96.0,79.0,98.0
0395.398,104.44166666666666,9.275,95.0,79.0,98.0
0395.429,43.208333333333336,3.4,95.0,79.0,98.0
0395.461,-12.407692307692306,-5.3,95.0,79.0,98.0
0395.495,-71.1,-13.758333333333331,95.0,78.99095704596836,98.0
0395.527,-128.825,-19.3,95.0,78.94272795779955,98.0
0395.567,-213.95000000000002,-24.96666666666667,94.0,78.88244159758855,98.0
0395.598,-285.4,-26.0,95.0,78.83571966842501,98.0
0395.629,-348.125,-29.26666666666667,95.80000000000001,78.78899773926149,97.99999999999999
0395.664,-380.2,-34.25,96.0,78.73624717407685,97.99999999999999
0395.696,-386.4,-34.912499999999994,95.0,78.68801808590806,98.00000000000001
0395.728,-377.7615384615384,-35.733333333333334,95.0,78.63978899773926,98.0
0395.767,-373.94615384615383,-35.08888888888889,96.4,78.58100979653352,98.0
0395.799,-378.4416666666666,-36.974999999999994,103.23529411764706,78.53278070836473,98.0
0395.831,-388.23333333333335,-39.6625,109.3125,78.48455162019593,98.0
0395.864,-396.80769230769226,-40.24166666666667,112.0,78.43481537302185,98.0
0395.896,-404.69999999999993,-41.233333333333334,110.5625,78.38658628485305,98.0
0395.928,-402.26666666666665,-41.025000000000006,107.5625,78.33835719668424,98.0
0395.961,-395.8666666666667,-39.63076923076923,103.5,78.28862094951018,98.0
0396.003,-385.1,-38.3,101.8125,78.22532027128862,98.0
0396.026,-377.33076923076925,-35.6,99.375,78.1906556141673,98.0
0396.060,-368.8769230769231,-31.03333333333333,98.25,78.13941220798793,98.0
0396.100,-343.2833333333333,-24.7,98.0,78.07912584777695,98.0
0396.132,-316.9,-20.114285714285714,98.0,78.03089675960814,98.0
0396.166,-276.1142857142857,-16.4,98.0,77.97965335342879,98.0
0396.199,-234.77499999999998,-13.661538461538461,96.625,77.92991710625472,98.0
0396.231,-189.85000000000002,-10.6875,96.0,77.88168801808591,98.0
0396.264,-150.25,-8.511111111111111,95.5625,77.83195177091184,98.0
0396.297,-121.8923076923077,-5.5,95.0,77.78221552373776,98.0
0396.328,-106.09166666666665,-4.95,95.0,77.73549359457422,98.0
0396.368,-77.9,-2.925,95.9375,77.67520723436323,98.0
0396.399,-67.98333333333333,-1.9583333333333333,96.0,77.62848530519969,98.0
0396.430,-52.35384615384615,1.8166666666666669,96.0,77.58176337603616,98.0
0396.463,-46.275,6.5,96.0,77.5320271288621,98.0
0396.495,-26.933333333333334,8.1,96.0,77.4837980406933,98.0
0396.535,8.200000000000001,9.8,96.0,77.42351168048229,98.0
0396.567,39.11666666666667,10.592307692307692,96.0,77.37528259231348,98.0
0396.599,60.36923076923077,13.700000000000001,97.375,77.32705350414469,98.0
0396.632,69.71666666666667,16.7,100.3125,77.2773172569706,98.0
0396.665,71.41666666666667,15.975,108.5,77.22758100979652,98.0
0396.697,66.58333333333333,15.523076923076923,112.0,77.17935192162774,98.0
0396.730,74.44615384615385,14.3,111.375,77.12961567445366,98.0
0396.763,96.03333333333333,13.576923076923077,107.625,77.07987942727958,98.0
0396.796,137.8,16.674999999999997,105.25,77.0301431801055,98.0
0396.828,175.69230769230768,20.223076923076924,102.25,77.0,98.0
0396.861,199.61538461538464,23.533333333333335,100.1875,77.0,98.0
0396.893,212.75,23.116666666666667,100.0,77.0,98.0
0396.932,223.02499999999998,23.033333333333335,100.0,77.0,98.0
0396.965,231.125,21.1,99.0,77.0,98.0
0396.997,234.41666666666669,23.83076923076923,98.0,77.0,98.0
0397.030,236.67692307692306,26.776923076923076,97.625,77.0,98.0
0397.063,228.35,29.666666666666668,97.0,77.0,98.0
0397.094,221.65833333333333,30.783333333333335,96.625,77.0,98.0
0397.134,220.64999999999998,30.446153846153845,96.0,77.0,98.0
0397.166,221.05555555555557,31.053846153846152,95.0,77.0,98.0
0397.199,226.2,30.95,95.0,77.0,98.0
0397.231,224.3375,29.15,95.0,77.0,98.0
0397.263,217.175,28.3,95.0,77.0,98.0
0397.296,205.05,27.223076923076924,95.0,77.0,98.0
0397.328,192.24999999999997,28.174999999999997,95.0,77.0,98.0
0397.361,183.32500000000002,29.13076923076923,95.0,77.0,98.0
0397.401,187.05,29.816666666666666,95.0,77.0,98.0
0397.433,195.86666666666667,30.246153846153845,95.5625,77.0,98.0
0397.464,206.37692307692308,29.507692307692306,96.5,77.0,98.0
0397.496,216.7,30.625,100.0,76.97611940298508,98.0
0397.529,218.2,30.4875,105.6875,76.87761194029851,98.0
0397.562,216.14999999999998,33.82222222222222,113.625,76.77910447761195,98.0
0397.596,208.16666666666669,34.6875,114.0,76.6776119402985,98.0
0397.628,205.675,36.75,110.5,76.5820895522388,98.0
0397.659,204.43333333333334,37.266666666666666,108.3125,76.48955223880597,98.0
0397.700,203.55,38.78333333333333,105.75,76.36716417910448,98.0
0397.733,198.83333333333334,40.45,104.0,76.26865671641791,98.0
0397.765,192.425,42.4,103.0,76.1731343283582,98.0
0397.798,177.425,42.63076923076923,102.0,76.07462686567165,98.0
0397.830,161.4923076923077,41.776923076923076,102.0,76.0,98.00000000000001
0397.862,159.97692307692307,40.325,102.0,76.0,98.0
0397.895,185.96666666666667,42.675,101.0,76.0,98.0
0397.928,215.56666666666666,55.199999999999996,99.5,76.0,98.0
0397.961,234.89999999999998,92.76666666666668,98.0,76.0,98.0
0397.996,224.8923076923077,131.8,97.0,76.0,98.0
0398.029,198.00000000000003,160.7,98.0,76.0,97.99999999999999
0398.062,176.39166666666668,159.6,98.0,76.0,98.0
0398.096,156.8,151.29166666666666,97.0,76.0,98.0
0398.128,147.2125,141.97692307692307,96.0,76.0,98.0
0398.159,139.79999999999998,135.81538461538463,96.0,76.0,98.0
0398.200,145.12307692307692,128.9230769230769,95.0,76.0,98.0
0398.233,165.85000000000002,124.62499999999999,95.5625,76.0,98.0
0398.264,201.3,121.15833333333333,96.0,76.0,98.0
0398.295,234.9923076923077,117.14615384615385,96.0,76.0,98.0
0398.327,262.26666666666665,114.3,96.0,76.0,98.0
0398.368,273.975,109.74166666666667,99.0,76.0,98.0
0398.401,269.5,104.50833333333333,104.1875,76.0,98.0
0398.426,267.4153846153846,100.32222222222221,109.625,76.0,98.0
0398.468,258.1461538461539,95.1076923076923,110.75,76.0,98.0
0398.500,243.36923076923074,92.85,107.75,75.97492163009404,98.00000000000001
0398.534,225.23333333333332,89.55,105.625,75.76175548589342,98.0
0398.566,210.325,85.66666666666666,103.5625,75.56112852664577,98.0
0398.597,195.075,80.76666666666665,100.6875,75.36677115987462,98.0
0398.629,177.76923076923077,74.80000000000001,99.0,75.16614420062696,98.0
0398.660,154.2,67.5,99.3125,74.9717868338558,98.0
0398.700,108.86666666666667,53.9125,100.0,74.72100313479623,98.0
0398.731,68.63333333333334,41.8875,100.0,74.52664576802508,98.0
0398.763,23.566666666666666,31.269230769230774,97.25,74.32601880877743,98.0
0398.795,-14.45,19.6,96.0,74.12539184952979,98.0
0398.829,-51.25,2.908333333333333,95.0,74.0,98.0
0398.862,-85.28888888888889,-13.415384615384617,96.0,74.0,98.0
0398.894,-120.0625,-32.400000000000006,95.125,74.0,98.0
0398.926,-153.38333333333335,-45.425000000000004,95.0,74.0,98.0
0398.966,-199.975,-55.583333333333336,95.0,74.0,98.0
0398.999,-234.8230769230769,-60.47692307692307,95.0,74.0,98.0
0399.032,-274.23333333333335,-65.675,95.0,74.0,98.0
0399.066,-314.4083333333333,-70.5,95.0,74.0,98.0
0399.099,-347.1,-79.3,95.0,74.0,98.0
0399.131,-371.99230769230763,-88.38461538461539,95.0,74.0,98.0
0399.162,-389.77500000000003,-95.65,95.0,73.9702380952381,98.0
0399.202,-415.53333333333336,-99.2,95.125,73.85119047619047,97.99999999999999
0399.235,-444.5666666666667,-100.21249999999999,101.5625,73.75297619047619,98.0
0399.268,-477.3666666666667,-103.56666666666666,107.75,73.65476190476191,98.0
0399.301,-508.06666666666666,-107.00769230769231,113.0,73.55654761904762,98.0
0399.335,-533.0769230769231,-111.75,111.5625,73.45535714285714,98.0
0399.367,-549.8454545454546,-115.4,109.5625,73.36011904761905,98.0
0399.399,-555.5,-115.46666666666667,106.5625,73.26488095238096,98.0
0399.433,-555.7874999999999,-114.66666666666667,104.4375,73.16369047619048,98.0
0399.466,-554.4333333333334,-112.2076923076923,102.0,73.06547619047619,98.0
0399.498,-552.3874999999999,-109.91666666666667,101.0,73.0,98.0
0399.530,-549.2,-107.92500000000001,101.625,73.0,98.0
0399.561,-537.1384615384616,-104.02307692307693,101.4375,73.0,98.0
0399.595,-520.8,-101.15,100.3125,73.0,98.0
0399.628,-500.2,-96.575,98.0,73.0,98.0
0399.668,-470.025,-91.75,97.0,73.0,98.0
0399.701,-439.025,-88.23333333333333,96.0,73.0,98.0
0399.733,-403.25384615384615,-84.19999999999999,96.0,73.0,98.0
0399.765,-363.1,-79.85,96.0,73.0,98.0
0399.796,-319.4666666666667,-74.90833333333332,96.0,73.0,98.0
0399.829,-279.4666666666667,-69.13333333333333,96.0,73.0,98.0
0399.862,-241.5846153846154,-61.7,96.0,73.0,98.0
0399.895,-204.5769230769231,-54.88333333333334,96.0,73.0,98.00000000000001
0399.927,-160.10000000000002,-48.525,95.0,73.0,98.0
0399.968,-91.3,-41.2625,95.0,73.0,98.0
0400.001,-45.4,-35.375,95.0,73.0,98.0
0400.033,-5.184615384615384,-30.48888888888889,96.25,73.0,98.0
0400.066,25.9,-23.416666666666664,100.375,73.0,98.0
0400.099,47.53333333333333,-17.441666666666663,108.5,73.0,98.0
0400.131,61.608333333333334,-13.8,111.0,73.0,98.0
0400.163,69.4,-12.323076923076922,110.76470588235293,72.98809523809524,98.00000000000001
0400.194,72.23846153846154,-12.2,107.73333333333335,72.89583333333334,98.0
0400.234,71.6,-10.576923076923077,104.375,72.77678571428572,98.0
0400.266,68.725,-10.2,101.375,72.68154761904762,98.0
0400.297,62.8,-8.0,100.4375,72.58928571428572,98.0
0400.329,55.0,-5.523076923076923,99.0,72.49404761904762,98.0
0400.362,45.833333333333336,-2.5076923076923077,99.66666666666666,72.39583333333334,98.0
0400.396,40.58333333333333,-1.5625,100.0,72.29464285714286,98.0
0400.429,45.12499999999999,0.325,100.0,72.19642857142857,98.0
0400.462,46.24999999999999,-0.8,98.0625,72.09821428571428,98.0
0400.493,49.53333333333333,-0.4461538461538461,97.0,72.00595238095238,98.0
0400.532,43.630769230769225,0.5666666666666667,96.0,72.0,98.0
0400.565,38.875,2.2333333333333334,97.0,72.0,98.0
0400.598,34.983333333333334,3.033333333333333,97.0,72.0,98.0
0400.631,33.06923076923077,2.1692307692307695,96.0,72.0,98.0
0400.663,33.46666666666667,2.1307692307692307,95.0,72.0,98.0
0400.694,29.1,3.3,95.0,72.0,98.0
0400.726,23.26666666666667,3.75,95.0,72.0,98.0
0400.768,34.86666666666667,3.9666666666666663,97.0,72.0,98.0
0400.802,66.50769230769231,4.361538461538461,98.0,72.0,98.0
0400.835,110.84166666666667,6.830769230769231,96.75,72.0,98.0
0400.868,154.03333333333333,11.533333333333335,96.0,72.0,98.0
0400.900,189.1,15.083333333333332,100.9375,72.0,98.0
0400.933,231.3,17.82307692307692,108.125,72.0,98.0
0400.966,269.9666666666667,22.9,112.4,72.0,98.0
0400.998,308.32500000000005,26.45,112.5625,72.0,98.0
0401.030,325.74999999999994,28.316666666666666,109.5625,72.0,98.0
0401.062,329.1,29.053846153846155,104.125,72.0,98.0
0401.094,328.2,28.700000000000003,101.125,72.0,98.0
0401.127,319.23076923076917,29.125,97.5,72.0,98.0
0401.168,296.2,26.491666666666664,94.0,72.0,98.00000000000001
0401.201,269.1,23.34166666666667,94.0,72.0,98.0
0401.235,230.87500000000003,16.45,95.0,72.0,98.0
0401.268,178.05,10.016666666666666,96.0,72.0,98.00000000000001
0401.300,125.025,0.75,95.6875,72.0,98.0
0401.335,74.25833333333333,-9.066666666666666,94.5,72.0,98.0
0401.369,26.5,-17.475,93.0,72.0,98.0
0401.402,-28.7,-23.15,93.0,72.0,98.0
0401.433,-87.375,-28.299999999999997,93.0,72.0,98.0
0401.464,-143.25,-33.375,95.5625,72.0,98.0
0401.496,-201.3,-39.2625,97.5625,72.0,98.0
0401.527,-250.90000000000003,-44.7,98.0,72.0,98.0
0401.566,-320.5583333333333,-51.349999999999994,97.0625,72.0,98.0
0401.597,-355.36153846153843,-58.02307692307693,96.03225806451613,72.0,98.0
0401.628,-388.54999999999995,-62.96153846153845,95.875,72.0,98.0
0401.660,-404.54999999999995,-65.78333333333333,96.0,72.0,98.0
0401.701,-431.90000000000003,-65.35,100.875,72.0,98.0
0401.733,-458.55384615384617,-63.58461538461538,105.125,72.0,98.0
0401.765,-489.35,-65.13333333333334,110.80000000000001,72.0,98.0
0401.797,-515.7249999999999,-64.9,113.0,72.0,98.0
0401.829,-530.5166666666667,-65.1125,111.5625,72.0,98.00000000000001
0401.861,-543.3,-62.675000000000004,107.5625,72.0,98.0
0401.894,-548.1538461538462,-61.2,105.5,72.0,98.0
0401.934,-543.4846153846154,-61.45384615384615,103.0,72.0,98.0
0401.966,-537.3333333333334,-62.824999999999996,103.0,72.0,98.0
0402.000,-536.05,-62.25,103.0,72.0,98.0
0402.034,-531.95,-58.65833333333334,102.0,72.0,98.0
0402.068,-516.7714285714286,-55.3,100.625,72.0,98.0
0402.099,-495.9769230769231,-50.93076923076923,100.0,72.0,98.0
0402.131,-474.0875,-48.05,99.6875,72.0,98.0
0402.162,-449.20000000000005,-44.93333333333334,98.75,72.0,98.0
0402.193,-423.2692307692308,-43.58461538461538,96.0,72.0,98.0
0402.234,-391.3076923076923,-39.069230769230764,96.0,72.0,98.0
0402.268,-363.26666666666665,-33.16666666666667,97.875,72.0,98.0
0402.300,-326.55,-26.7,99.0,72.0,98.0
0402.332,-274.4166666666667,-22.084615384615386,99.125,72.0,98.0
0402.363,-204.26923076923075,-16.5,96.1875,72.0,98.0
0402.396,-122.77272727272728,-13.125,94.17647058823529,72.0,98.0
0402.429,-32.1,-9.375,94.0,72.0,98.0
0402.461,43.125,-4.1923076923076925,94.9375,72.0,98.0
0402.492,101.90833333333332,0.10000000000000003,96.8235294117647,72.0,98.0
0402.532,151.93333333333334,8.233333333333333,104.9375,72.0,97.99999999999999
0402.566,185.98461538461538,13.399999999999999,109.93333333333334,72.0,97.99999999999999
0402.599,203.70000000000002,21.861538461538462,110.46666666666667,72.0,98.0
0402.632,214.55,27.975,107.82352941176471,72.0,97.99999999999999
0402.666,217.35,31.133333333333333,103.58823529411765,72.0,97.99999999999999
0402.698,214.37500000000003,32.0,102.0,72.0,98.0
0402.731,217.82222222222222,33.2,100.1875,72.0,98.0
0402.764,224.125,34.4,98.125,72.0,98.0
0402.799,240.5,37.2,96.9375,72.0,98.0
0402.833,260.7,36.1375,96.0,72.0,98.0
0402.865,275.7769230769231,36.86666666666667,96.0,72.0,98.0
0402.898,284.5,35.95,96.0,72.0,98.0
0402.930,282.775,34.7,96.0,72.0,98.0
0402.963,274.8,35.75,96.0,72.0,98.0
0402.996,263.4153846153846,35.41538461538461,95.0,72.0,98.0
0403.029,256.8,36.05,95.0,72.0,98.0
0403.063,253.5125,35.46666666666667,95.5625,72.0,98.0
0403.096,243.34615384615384,35.400000000000006,96.625,72.0,98.0
0403.127,235.14615384615385,33.684615384615384,98.0,72.0,98.0
0403.167,220.1538461538462,32.666666666666664,97.0,72.0,97.99999999999999
0403.199,216.43333333333334,31.174999999999997,96.0,72.0,98.0
0403.232,206.8,28.625,95.0,72.0,98.0
0403.265,194.8,23.875,95.1875,72.0,98.0
0403.297,173.7,20.324999999999996,99.375,72.0,98.0
0403.330,144.9,14.130769230769232,104.75,72.0,98.0
0403.363,106.0,10.415384615384617,109.625,72.0,98.0
0403.394,50.684615384615384,1.6750000000000003,110.75,72.0,98.0
0403.427,-16.65833333333333,-6.4750000000000005,108.6875,72.0,98.0
0403.468,-93.29166666666667,-19.6,106.0,72.0,98.0
0403.500,-152.7,-26.616666666666667,105.0,72.0,98.0
0403.532,-226.99166666666665,-35.05,104.125,72.0,98.00000000000001
0403.565,-316.29999999999995,-44.15384615384615,103.0,72.0,98.0
0403.599,-412.54999999999995,-52.4,101.9375,72.0,98.0
0403.630,-479.46666666666664,-56.2,99.0,72.0,98.0
0403.661,-520.1583333333333,-57.85,97.0625,72.0,98.0
0403.693,-554.1416666666667,-62.53333333333333,97.0,72.0,98.0
0403.735,-588.8000000000001,-69.6076923076923,97.0,72.0,98.0
0403.768,-610.9,-73.74166666666666,98.0,72.0,98.0
0403.799,-621.0,-73.8,99.0,72.0,98.0
0403.832,-626.6750000000001,-70.36666666666666,100.0,72.0,98.0
0403.865,-613.9076923076923,-67.58461538461538,99.0,72.0,98.0
0403.896,-594.6583333333333,-64.73333333333332,98.0,72.0,98.0
0403.929,-562.7,-62.449999999999996,97.0,72.0,98.0
0403.960,-529.4250000000001,-58.86666666666666,95.375,72.0,98.0
0404.000,-476.8076923076923,-53.77499999999999,94.0,72.0,98.0
0404.032,-435.85,-48.776923076923076,93.0,72.0,98.0
0404.064,-400.16666666666663,-45.24166666666667,93.0,72.0,98.0
0404.095,-370.45,-40.037499999999994,94.0,72.0,98.0
0404.126,-349.03846153846155,-34.4,100.8125,72.0,98.0
0404.166,-316.47777777777776,-29.215384615384618,108.0,72.02380952380952,97.99999999999999
0404.197,-283.55,-24.561538461538458,110.625,72.11607142857142,98.0
0404.229,-238.8375,-23.200000000000003,108.5625,72.21130952380953,98.0
0404.261,-207.35000000000002,-19.29230769230769,106.5625,72.30654761904762,98.0
0404.300,-189.4230769230769,-14.85,104.125,72.42261904761905,98.0
0404.331,-187.32500000000002,-10.0,102.1875,72.51488095238095,98.0
0404.363,-181.66666666666666,-7.0249999999999995,100.1875,72.61011904761905,98.0
0404.396,-156.3,-3.758333333333333,100.0,72.70833333333334,98.0
0404.429,-139.1076923076923,-1.1666666666666665,100.0,72.80654761904762,98.0
0404.461,-123.83333333333333,-1.1692307692307695,98.0625,72.90178571428572,98.0
0404.500,-116.73333333333333,0.3833333333333333,96.625,73.0,98.0
0404.532,-105.94166666666665,-1.3,95.0,73.0,97.99999999999999
0404.565,-82.16666666666667,-0.6749999999999999,95.0,73.0,98.0
0404.596,-55.8,0.18888888888888888,95.33333333333333,73.0,98.0
0404.628,-30.78333333333333,1.976923076923077,96.375,73.0,98.0
0404.660,-13.75,3.666666666666667,97.0,73.0,98.0
0404.701,13.5,2.7375,97.0,73.0,98.0
0404.733,33.169230769230765,3.4230769230769234,97.0,73.0,98.0
0404.765,40.46666666666666,3.1076923076923078,96.0625,73.0,98.0
0404.799,40.25,2.8,96.0,73.0,98.0
0404.831,32.6,3.8,97.0,73.0,98.0
0404.863,43.3,5.346153846153847,97.0,73.0,98.0
0404.895,65.4,7.323076923076924,96.0625,73.0,98.0
0404.928,100.6,9.676923076923078,98.25,73.0,98.0
0404.962,129.65833333333333,12.2,103.5,73.0,98.0
0404.994,142.9,11.850000000000001,110.25,73.0,98.0
0405.035,147.8,12.933333333333334,111.0,73.0,98.0
0405.066,141.48333333333335,12.6,110.25,73.0,98.0
0405.098,134.7,13.675,109.0,73.0,98.0
0405.130,126.6,14.525,107.25,73.0,98.0
0405.163,120.16153846153846,15.115384615384615,103.1875,73.0,98.0
0405.197,114.43333333333334,15.100000000000001,100.06666666666666,73.00000000000001,98.0
0405.230,113.38333333333333,14.433333333333334,99.0,73.0,98.0
0405.264,112.83333333333331,15.775000000000002,97.875,73.0,98.0
0405.297,114.56923076923076,15.753846153846155,97.0,73.0,98.0
0405.330,112.55,14.666666666666666,95.75,73.0,97.99999999999999
0405.361,116.2875,15.366666666666667,94.8125,73.0,98.0
0405.406,120.36666666666667,14.566666666666666,94.0,73.0,98.0
0405.439,123.625,15.133333333333333,94.0,73.0,98.0
0405.465,127.58461538461538,14.35,94.0,73.0,98.0
0405.496,137.75,13.4,94.0,73.0,98.0
0405.528,143.39999999999998,13.666666666666668,95.0,73.0,98.0
0405.560,151.56666666666666,14.35,96.0,73.0,98.0
0405.602,148.15,16.6125,96.0,73.0,98.0
0405.636,148.37692307692308,16.733333333333334,96.0,73.0,98.0
0405.674,162.625,17.133333333333333,96.0,73.0,98.0
0405.691,176.52307692307693,17.461538461538463,96.0,73.0,98.0
0405.731,202.86153846153846,19.353846153846153,96.375,73.0,98.0
0405.764,220.40833333333333,22.483333333333334,98.4375,73.0,98.0
0405.796,222.7,24.55833333333333,105.3125,73.0,98.0
0405.829,221.1,27.775,111.0,73.0,98.0
0405.861,208.6,36.715384615384615,112.0,73.0,98.0
0405.893,204.77499999999998,43.4,110.5,73.0,98.0
0405.934,191.55833333333334,49.400000000000006,107.9375,73.0,98.0
0405.967,179.65,46.06666666666666,105.875,73.0,98.0
0406.000,154.48888888888888,44.08571428571428,103.8125,73.0,98.0
0406.034,140.925,43.16666666666667,100.6875,73.0,98.0
0406.067,139.19166666666666,45.275,100.0,73.0,98.0
0406.101,145.3,51.125,99.0,73.0,98.0
0406.141,139.98749999999998,61.3,98.0,73.0,98.0
0406.157,135.5,64.8,97.0,73.0,98.0
0406.199,131.8,70.45833333333333,95.375,73.0,98.0
0406.232,131.65,72.94166666666666,95.0,73.0,98.0
0406.265,136.3,92.75,95.0,73.0,98.0
0406.298,139.23076923076923,125.23846153846154,95.0,73.0,98.0
0406.332,137.5,154.275,95.0,73.0,98.0
0406.364,129.23333333333335,169.2,96.0,73.0,98.0
0406.397,121.61666666666667,161.20000000000002,96.0,73.0,98.0
0406.429,112.525,152.33076923076922,96.0,73.0,98.0
0406.461,119.69999999999999,147.8125,95.0,73.0,98.0
0406.493,121.1875,143.97500000000002,94.0,73.0,98.0
0406.539,146.39999999999998,139.99166666666667,94.0,73.0,98.00000000000001
0406.566,158.9,137.925,94.0,73.0,98.0
0406.599,189.0,133.25384615384615,95.625,73.0,98.0
0406.631,212.20000000000002,130.975,99.875,73.0,98.0
0406.664,216.03333333333336,128.475,106.0625,73.0,98.0
0406.698,215.5,126.44999999999999,110.0,73.0,98.0
0406.732,205.13846153846154,122.94166666666666,109.0625,73.0,98.0
0406.764,199.71666666666667,119.09166666666668,106.0625,73.0,98.0
0406.797,194.23333333333332,118.75,105.0,73.0,98.0
0406.829,199.79999999999998,114.95000000000002,103.0,73.0,98.0
0406.862,208.74,110.34444444444446,100.94117647058823,73.0,98.00000000000001
0406.895,212.6875,107.25000000000001,100.0,73.0,98.0
0406.927,219.6,102.4375,100.0,73.0,98.0
0406.969,218.81666666666666,97.85,99.3125,73.0,98.00000000000001
0406.995,217.01111111111112,95.66153846153847,98.6875,73.0,98.0
0407.028,212.65,92.33076923076922,97.625,73.0,98.0
0407.061,203.29166666666669,87.4,97.0,73.0,98.0
0407.093,181.85000000000002,82.35833333333335,96.0,73.0,98.0
0407.135,120.7625,69.63333333333333,95.0,73.0,98.0
0407.168,61.111111111111114,55.6,95.125,73.0,98.0
0407.208,-16.769230769230766,33.7,96.0,73.0,98.0
0407.225,-38.8,20.26666666666667,96.0,73.0,98.0
0407.265,-108.0,-8.100000000000001,96.0,73.0,98.0
0407.298,-162.08333333333334,-32.025,96.0,73.0,98.0
0407.332,-220.08461538461538,-53.87692307692308,96.0,73.0,98.0
0407.366,-261.94999999999993,-71.19230769230768,96.0,73.0,98.0
0407.399,-297.32499999999993,-90.0,96.0,73.0,98.0
0407.430,-326.54999999999995,-103.9,96.0,73.0,98.0
0407.463,-367.5230769230769,-121.6222222222222,96.625,73.0,98.0
0407.495,-409.725,-130.2,102.1764705882353,73.0,98.0
0407.527,-455.4666666666667,-135.975,107.25,73.0,98.0
0407.568,-508.47499999999997,-139.825,109.8125,73.0,98.0
0407.599,-530.7222222222222,-138.3,107.875,73.0,98.0
0407.631,-540.5666666666667,-134.66153846153847,104.875,73.0,98.0
0407.662,-541.0250000000001,-128.175,102.9375,73.0,98.0
0407.693,-535.7,-120.51666666666667,101.0,73.0,98.0
0407.731,-525.3923076923078,-114.69999999999999,98.0,73.0,98.0
0407.764,-508.53846153846155,-109.03333333333333,97.0,73.0,98.0
0407.797,-480.5,-103.55,97.0,73.0,98.0
0407.830,-438.8,-96.0375,97.0,73.0,98.0
0407.863,-394.7615384615385,-88.225,97.0,73.0,98.0
0407.894,-358.2615384615385,-79.37777777777778,96.0,73.0,98.0
0407.934,-315.9,-70.475,95.0,73.0,98.0
0407.965,-285.01666666666665,-64.46666666666667,94.0,73.0,98.0
0407.998,-253.075,-59.25,94.0,73.0,98.0
0408.032,-222.9111111111111,-54.0,94.0,73.0,98.0
0408.065,-202.3,-47.800000000000004,94.0,73.0,98.0
0408.098,-195.2,-41.025000000000006,94.0,73.0,98.0
0408.129,-191.39999999999998,-34.81666666666667,95.0,73.0,98.0
0408.162,-185.5769230769231,-29.083333333333332,95.0,73.0,98.0
0408.194,-167.35000000000002,-25.566666666666666,95.0,73.0,98.0
0408.227,-125.25,-19.5,95.0,73.0,98.0
0408.269,-63.03333333333333,-12.366666666666667,95.0,73.0,98.0
0408.302,-26.03333333333333,-6.366666666666667,99.1875,73.0,98.0
0408.339,-6.041666666666666,-4.033333333333333,105.125,73.0,98.0
0408.367,2.792307692307692,-2.875,110.0,73.0,98.0
0408.400,15.553846153846152,-0.8,109.0,73.0,98.0
0408.433,27.250000000000004,2.8,106.75,73.0,98.0
0408.466,32.5,8.1,104.6875,73.0,98.0
0408.498,33.81666666666666,10.084615384615384,103.6875,72.99999999999999,98.0
0408.531,27.215384615384615,10.6,101.0,73.00000000000001,98.00000000000001
0408.564,26.075,12.6,100.0,73.0,98.0
0408.597,31.45,17.1,100.0,73.0,98.0
0408.631,41.9375,22.253846153846155,99.3125,73.0,98.0
0408.664,44.725,23.650000000000002,99.0,73.0,98.0
0408.696,45.1,24.275,97.0,73.0,98.0
0408.728,54.6,27.1,96.25,73.0,98.0
0408.759,76.08333333333334,30.7125,95.3125,73.0,98.0
0408.802,94.13333333333333,37.824999999999996,95.0,73.0,98.0
0408.841,99.225,46.525,95.0,73.0,98.0
0408.859,98.2,49.3,95.0,73.0,98.0
0408.901,101.475,64.06666666666666,95.0,73.0,98.0
0408.940,115.17500000000001,88.57692307692308,95.0,73.0,98.0
0408.967,122.275,104.125,95.0,73.0,98.0
0408.999,128.45384615384614,118.61666666666665,95.0,73.0,98.0
0409.032,139.1,114.13076923076923,95.0,73.0,98.0
0409.064,157.89999999999998,111.13846153846154,94.0,73.0,98.0
0409.096,185.275,108.30000000000001,94.75,73.0,98.0
0409.129,222.36923076923077,107.03333333333333,96.625,73.0,98.0
0409.162,248.91111111111113,104.3923076923077,104.625,72.95833333333334,98.0
0409.195,275.3,100.30833333333334,108.875,72.86011904761905,98.0
0409.226,281.2,97.675,110.0,72.76785714285714,98.0
0409.269,273.8,93.94999999999999,107.0,72.63988095238095,98.0
0409.293,265.81538461538463,91.4,105.9375,72.56845238095238,98.0
0409.334,255.6,87.3,103.375,72.44642857142858,98.0
0409.364,246.4,83.85,102.0,72.35714285714286,98.0
0409.395,232.66666666666669,78.1,100.5625,72.26488095238095,98.0
0409.426,200.7923076923077,72.58333333333333,100.0,72.17261904761905,98.0
0409.468,141.43846153846152,66.26923076923076,100.0,72.04761904761905,98.0
0409.499,93.60833333333332,59.55,99.0625,71.99999999999999,98.0
0409.531,55.0,50.12499999999999,99.0,72.0,98.0
0409.563,28.738461538461536,38.13333333333333,98.0,72.0,97.99999999999999
0409.597,1.7538461538461543,20.175,97.0,72.0,98.0
0409.630,-22.857142857142858,1.9,96.0,72.0,98.0
0409.663,-55.58461538461539,-16.575000000000003,96.0,72.0,98.0
0409.696,-83.09166666666667,-34.275000000000006,96.25,72.0,98.0
0409.729,-126.225,-49.875,97.0,72.0,98.0
0409.761,-165.2,-59.400000000000006,96.75,72.0,98.0
0409.793,-200.825,-66.80000000000001,96.0,72.0,98.0
0409.833,-240.14999999999998,-72.71666666666667,96.0,72.0,98.0
0409.864,-256.5,-76.65,96.0,72.0,98.0
0409.896,-278.8,-79.00769230769231,96.0,72.0,98.0
0409.927,-291.8833333333333,-80.26666666666665,96.8125,72.0,98.0
0409.959,-321.0,-80.95,100.25,72.0,98.0
0409.999,-356.80000000000007,-89.20833333333333,106.25,72.0,98.0
0410.031,-398.8307692307692,-97.3,110.0,72.0,98.0
0410.062,-444.98333333333335,-103.7375,109.9375,72.0,98.0
0410.093,-484.8,-105.825,108.0,72.0,98.0
0410.132,-535.7,-108.475,103.5625,72.0,98.0
0410.164,-563.8384615384614,-113.75,102.5625,72.0,98.0
0410.195,-581.8,-116.82307692307691,100.625,72.0,98.00000000000001
0410.227,-603.8333333333333,-117.23333333333335,99.0,72.0,98.0
0410.258,-612.425,-113.9,99.0,72.0,98.0
0410.299,-630.525,-113.2,99.0,72.0,98.0
0410.332,-637.9,-114.78333333333333,98.0,72.0,98.0
0410.363,-640.05,-117.25384615384617,97.0,72.0,98.0
0410.395,-637.7625,-118.0,96.0,72.0,98.0
0410.426,-639.2166666666667,-114.81666666666666,95.1875,72.0,98.0
0410.466,-625.0461538461539,-110.36666666666666,94.66666666666666,72.0,98.0
0410.497,-602.9,-105.04615384615384,95.0,72.0,98.0
0410.529,-569.0333333333333,-100.92307692307692,95.0,72.0,98.0
0410.560,-530.625,-96.55000000000001,95.0,72.0,98.0
0410.599,-489.41666666666663,-90.26666666666667,95.0,72.0,98.0
0410.631,-445.7923076923077,-85.8625,95.0,72.0,98.0
0410.664,-393.9916666666667,-81.4625,95.0,72.0,98.0
0410.696,-335.95,-76.13571428571429,94.0,72.0,98.0
0410.729,-262.90000000000003,-69.85384615384615,94.8125,72.0,98.0
0410.762,-194.13333333333333,-62.68333333333334,96.8125,72.0,98.0
0410.796,-128.8857142857143,-55.97500000000001,100.875,72.0,98.0
0410.829,-76.65,-51.0,106.0,72.00000000000001,98.0
0410.862,-33.575,-46.300000000000004,109.0,72.0,98.0
0410.895,-1.7749999999999995,-42.733333333333334,107.8125,72.0,98.00000000000001
0410.929,23.892307692307693,-38.823076923076925,103.6875,72.0,98.0
0410.963,40.016666666666666,-37.358333333333334,102.5625,72.0,98.0
0410.997,53.016666666666666,-34.3,100.4375,72.0,98.0
0411.028,59.15384615384615,-33.099999999999994,100.0,72.0,98.0
0411.059,65.33076923076922,-30.43076923076923,99.4375,72.0,98.0
0411.098,72.85384615384615,-27.099999999999998,100.0,72.0,98.0
0411.130,79.075,-24.45,99.0,72.0,98.0
0411.161,86.2,-23.45,97.1875,72.0,98.0
0411.195,89.7,-22.3,97.0,72.0,98.0
0411.229,89.48461538461538,-22.48888888888889,96.0,72.0,98.0
0411.261,88.06666666666666,-21.9,95.9375,72.0,98.0
0411.301,94.4,-22.0,95.0,72.0,98.0
0411.335,99.0875,-21.700000000000003,96.0,72.0,98.0
0411.368,98.0,-21.050000000000004,96.0,72.0,98.0
0411.400,93.7625,-19.93846153846154,96.0,72.0,98.0
0411.432,84.0,-18.584615384615386,96.0,72.0,98.0
0411.464,83.25,-17.6,96.0,72.0,98.0
0411.497,94.55555555555557,-16.7,95.0,72.0,98.0
0411.529,116.57692307692307,-16.2,95.8125,72.0,98.0
0411.560,147.5076923076923,-17.3,96.0,72.0,98.0
0411.602,173.01666666666665,-12.466666666666667,98.375,72.0,98.0
0411.635,185.03333333333333,-12.2,105.875,72.0,98.0
0411.667,191.43846153846152,-10.274999999999999,109.875,72.0,98.0
0411.700,192.25,-10.600000000000001,111.0,72.0,98.0
0411.733,187.76666666666668,-8.3375,108.4375,72.0,98.0
0411.765,177.22500000000002,-7.033333333333333,106.4375,72.0,98.0
0411.797,166.5769230769231,-6.25,103.4375,72.0,98.0
0411.829,158.75,-6.523076923076923,102.4375,72.0,98.0
0411.863,139.875,-7.483333333333333,101.3125,72.0,98.0
0411.895,111.85,-8.9,100.0,72.0,98.0
0411.928,77.88888888888889,-10.791666666666664,100.0,72.0,98.0
0411.960,47.66666666666667,-14.907692307692308,99.25,72.0,98.0
0411.994,9.758333333333333,-17.83846153846154,99.0,72.0,98.0
0412.027,-23.15833333333333,-25.4,98.0,72.0,98.0
0412.060,-57.3,-30.46666666666667,97.0,72.0,98.0
0412.094,-92.25,-36.58461538461538,96.0,72.0,98.0
0412.127,-136.13333333333333,-39.6,96.0,72.0,98.0
0412.161,-189.86666666666667,-41.1875,96.0,72.0,98.0
0412.194,-247.76666666666665,-42.85833333333333,96.0,72.0,98.0
0412.227,-304.6222222222222,-44.258333333333326,96.0,72.0,98.0
0412.269,-372.5846153846154,-45.01538461538462,95.9375,72.0,98.0
0412.302,-402.54999999999995,-47.458333333333336,95.0,72.0,98.0
0412.335,-411.9,-48.3,95.0,72.0,98.0
0412.367,-408.04999999999995,-50.083333333333336,95.0,72.0,98.0
0412.399,-399.62307692307695,-50.40769230769231,95.1875,72.0,98.0
0412.431,-395.6666666666667,-50.125,99.375,72.0,98.0
0412.462,-388.53333333333336,-49.2875,104.25,72.0,98.0
0412.495,-385.54615384615386,-48.1375,109.1875,72.0,98.00000000000001
0412.529,-377.0,-44.111111111111114,110.0,72.0,98.0
0412.562,-362.8,-42.5,107.5625,72.0,98.0
0412.596,-336.2083333333333,-38.599999999999994,104.4375,72.0,98.0
0412.630,-303.05,-34.975,102.3125,72.0,98.0
0412.662,-265.8461538461538,-32.95,101.3125,72.0,98.0
0412.694,-232.13333333333333,-29.238461538461536,99.3125,72.0,98.0
0412.735,-191.85,-26.46923076923077,99.0,72.0,98.0
0412.759,-171.3,-21.325,99.0,72.0,98.0
0412.799,-151.65384615384616,-16.1,99.0,72.0,98.0
0412.831,-146.18461538461537,-11.43846153846154,99.0,71.99999999999999,98.0
0412.864,-147.325,-9.3,99.0,72.0,98.0
0412.896,-154.175,-6.699999999999999,99.0,72.0,98.0
0412.928,-151.61538461538464,-3.9499999999999997,99.3125,72.0,98.0
0412.967,-138.7076923076923,-4.7,100.0,72.0,98.0
0412.997,-118.325,-0.9461538461538461,101.0,72.0,98.0
0413.028,-95.875,1.2,101.0,72.0,98.0
0413.060,-72.825,5.1875,100.4375,72.0,98.0
0413.099,-40.07692307692307,9.9625,100.0,72.0,98.0
0413.131,-6.566666666666667,12.8,100.0,72.0,98.0
0413.163,37.36666666666667,15.6,99.0,72.04761904761905,98.0
0413.197,78.86666666666666,18.858333333333334,99.125,72.14880952380952,97.99999999999999
0413.230,114.83076923076923,23.683333333333334,102.375,72.24702380952381,98.0
0413.262,140.37692307692308,28.5,107.375,72.3422619047619,98.0
0413.295,164.8,33.6,111.25,72.44047619047618,98.0
0413.329,178.225,34.949999999999996,111.66666666666666,72.54166666666666,98.0
0413.362,186.375,36.65,108.5625,72.63988095238095,98.0
0413.394,192.15555555555557,36.875,104.5625,72.73511904761905,98.0
0413.434,198.46153846153845,36.266666666666666,102.0625,72.85416666666667,98.0
0413.464,204.31666666666663,35.469230769230776,101.0,72.94345238095238,98.0
0413.497,205.75,35.35,99.0,73.00000000000001,98.0
0413.529,197.33333333333331,33.824999999999996,98.0,73.0,98.00000000000001
0413.560,189.5875,34.48461538461538,98.0,73.0,98.0
0413.601,178.51666666666665,33.27692307692308,97.625,73.0,98.0
0413.633,171.02499999999998,32.85,96.0,73.0,98.0
0413.664,160.2,32.19166666666666,95.0,73.0,98.0
0413.695,151.16923076923078,30.374999999999996,94.0,73.0,98.0
0413.727,143.56666666666666,30.92307692307692,93.75,73.0,98.0
0413.760,140.26666666666668,31.49230769230769,94.0,73.0,98.0
0413.801,135.60000000000002,29.674999999999997,94.875,73.0,98.0
0413.839,120.85000000000001,28.26666666666667,95.0,73.0,98.0
0413.865,110.66666666666667,26.075,95.0,73.0,98.00000000000001
0413.896,89.9,23.5375,95.0,73.0,98.0
0413.927,75.12307692307692,22.4125,95.0,73.0,98.0
0413.967,67.1,19.0,94.0,73.0,98.0
0414.000,67.83333333333334,17.638461538461538,94.0,73.0,98.0
0414.032,75.93333333333334,15.166666666666668,95.3125,73.0,98.0
0414.065,74.66666666666667,11.833333333333332,98.75,73.0,98.0
0414.097,67.03333333333333,6.9461538461538455,104.05882352941177,73.0,98.0
0414.128,54.81250000000001,-0.29090909090909106,110.3125,73.0,98.0
0414.159,30.433333333333334,-5.5,111.75,73.0,98.00000000000001
0414.199,-10.15,-12.041666666666666,109.25,73.0,98.0
0414.231,-37.56666666666666,-14.866666666666667,108.0,73.0,98.0
0414.264,-63.45,-21.43846153846154,106.1875,73.0,98.0
0414.295,-89.2,-23.725,102.25,73.0,98.0
0414.327,-115.02499999999999,-29.15,100.25,73.0,98.0
0414.367,-158.93846153846155,-33.025000000000006,98.0,73.0,98.0
0414.399,-193.3166666666667,-37.03333333333333,98.0,73.0,98.0
0414.431,-234.075,-39.44615384615385,99.0,73.0,98.0
0414.462,-277.125,-41.8,99.0,73.0,98.0
0414.494,-318.04615384615386,-42.13333333333333,99.0,73.0,98.0
0414.535,-362.2153846153846,-44.175,98.25,73.0,98.0
0414.567,-392.7166666666667,-43.92307692307692,97.25,73.0,98.0
0414.598,-413.4,-46.369230769230775,96.0,73.0,98.0
0414.629,-435.0,-45.875,95.375,73.0,98.0
0414.660,-450.3,-46.95,95.0,73.0,98.0
0414.701,-471.2,-46.19166666666666,94.125,73.0,98.0
0414.734,-490.9333333333333,-45.76923076923077,95.0,73.0,98.0
0414.767,-501.14166666666665,-44.72307692307692,95.0,73.0,98.0
0414.800,-502.7333333333333,-46.95,95.0,73.0,98.0
0414.833,-494.97499999999997,-49.175,95.0,72.98124999999999,98.0
0414.865,-487.08888888888885,-52.375,95.375,72.88125,98.0
0414.896,-481.7333333333334,-53.7,97.625,72.78437500000001,98.0
0414.927,-480.9,-53.43333333333333,105.75,72.6875,98.0
0414.966,-475.79999999999995,-52.866666666666674,111.375,72.56562500000001,98.0
0414.998,-464.29230769230765,-50.675000000000004,110.3125,72.46562499999999,98.0
0415.030,-447.9666666666667,-49.63076923076923,108.3125,72.365625,98.0
0415.062,-421.62499999999994,-45.86666666666667,106.3125,72.265625,98.0
0415.094,-392.7,-42.34615384615384,103.3125,72.16562499999999,98.0
0415.134,-357.44615384615383,-38.86666666666667,101.8125,72.040625,98.0
0415.167,-329.84444444444443,-35.30769230769231,100.0,72.0,98.0
0415.200,-302.05,-32.92307692307692,101.0,72.0,98.0
0415.233,-266.9,-27.05,100.0,72.0,98.0
0415.268,-227.7,-22.6625,99.4375,72.0,98.0
0415.300,-192.06923076923078,-17.125,98.4375,72.0,98.0
0415.333,-147.25,-13.622222222222222,97.0,72.0,98.0
0415.365,-107.11666666666666,-10.85,96.375,72.0,98.0
0415.396,-65.25,-8.233333333333334,96.0,72.0,98.0
0415.428,-20.569230769230767,-7.049999999999999,96.0,72.0,98.0
0415.461,22.5,-4.353846153846154,96.0,72.0,98.0
0415.494,49.125,-3.9333333333333336,96.0,72.0,98.0
0415.539,78.275,-0.39999999999999997,96.0,72.0,98.0
0415.567,102.72307692307692,0.975,95.75,72.0,98.0
0415.601,146.9,5.2,95.0,72.0,98.0
0415.633,190.625,8.6,95.0,72.0,98.0
0415.666,228.01250000000002,11.7,96.4375,72.0,98.0
0415.698,245.45000000000002,14.9875,99.875,72.0,98.0
0415.729,253.2125,18.823076923076925,107.75,72.0,98.0
0415.761,257.75,21.4,111.0,72.0,98.0
0415.793,267.29999999999995,24.75,109.625,72.0,98.0
0415.832,300.04999999999995,26.31666666666667,106.375,72.0,98.0
0415.863,334.15384615384613,27.93333333333333,104.25,72.0,98.0
0415.894,365.5,28.9,102.0,72.0,98.0
0415.926,384.9769230769231,28.4,100.25,72.0,98.0
0415.967,404.04999999999995,29.674999999999997,98.0,72.0,98.0
0415.998,425.1,29.8,97.0,72.0,98.0
0416.031,448.1,32.338461538461544,96.0,72.0,98.0
0416.064,460.6,35.708333333333336,93.625,72.0,98.0
0416.096,461.7888888888889,38.1,92.625,72.0,98.0
0416.128,451.675,40.84444444444444,91.0,72.0,98.0
0416.160,445.575,42.975,91.0,72.0,98.0
0416.202,429.0333333333333,44.13333333333333,91.0,72.0,98.0
0416.234,417.79999999999995,45.63333333333333,92.0,72.0,97.99999999999999
0416.268,406.04615384615386,47.13333333333333,93.0,72.0,98.0
0416.301,394.65,48.96666666666667,94.0,72.0,98.0
0416.333,382.0875,50.78888888888889,95.0,72.0,98.0
0416.364,373.725,50.349999999999994,95.125,72.0,98.0
0416.396,368.1,49.225,96.0,72.0,98.0
0416.429,367.6461538461539,50.625,96.0,72.0,98.0
0416.462,358.96153846153845,53.45384615384615,98.5,72.0,98.0
0416.494,348.9,56.408333333333324,102.75,72.01186943620178,98.00000000000001
0416.534,331.0583333333334,60.3,112.5,72.13056379821958,98.00000000000001
0416.566,313.7,61.02307692307693,115.0,72.22551928783382,98.0
0416.597,300.3666666666667,59.55833333333333,114.375,72.31750741839762,98.0
0416.630,275.3666666666667,56.61666666666667,111.3125,72.41543026706232,98.0
0416.663,235.53076923076927,49.858333333333334,109.25,72.513353115727,98.0
0416.695,196.2,44.4,107.0,72.60830860534125,98.0
0416.727,146.45833333333334,37.1,105.25,72.70326409495549,98.0
0416.766,93.6375,27.499999999999996,102.8125,72.81899109792285,98.0
0416.798,49.661538461538456,18.824999999999996,101.8125,72.9139465875371,98.0
0416.830,3.8500000000000005,10.366666666666667,101.0,73.00458015267175,98.0
0416.862,-41.05,0.9692307692307692,100.0,73.05343511450383,98.0
0416.894,-82.225,-6.6000000000000005,99.0,73.10229007633588,98.0
0416.926,-118.13333333333333,-11.166666666666666,97.8125,73.15114503816794,98.00000000000001
0416.968,-162.04615384615386,-19.55,97.0,73.21526717557252,98.0
0417.000,-202.00000000000003,-25.15,96.0,73.26412213740458,98.0
0417.032,-240.56923076923078,-30.98461538461538,96.0,73.31297709923663,98.0
0417.064,-295.2,-35.2125,96.0,73.3618320610687,98.0
0417.096,-353.5692307692308,-39.8,96.8125,73.41068702290077,98.0
0417.129,-414.1,-44.55,97.0,73.46106870229008,98.0
0417.160,-456.4,-49.06666666666666,97.0,73.50839694656489,98.0
0417.201,-479.4333333333334,-51.153846153846146,96.0,73.57099236641221,98.0
0417.233,-484.375,-51.16666666666667,96.0,73.61984732824428,98.0
0417.266,-484.3333333333333,-51.4,97.93333333333334,73.6702290076336,98.0
0417.297,-486.5,-50.58461538461538,102.23529411764706,73.7175572519084,98.0
0417.331,-490.05000000000007,-49.746153846153845,110.125,73.76946564885496,98.0
0417.364,-493.225,-50.66666666666667,113.0,73.81984732824428,98.0
0417.396,-495.9,-49.9,111.375,73.86870229007634,98.0
0417.428,-493.66666666666663,-49.1,107.375,73.91755725190839,98.0
0417.460,-491.1,-47.2,105.375,73.96641221374045,98.0
0417.499,-475.5,-45.08461538461539,101.9375,74.0,97.99999999999999
0417.530,-460.04615384615386,-44.0,100.0,74.0,98.0
0417.562,-436.98333333333335,-41.35,99.0,74.0,97.99999999999999
0417.594,-408.8166666666666,-37.825,99.0,74.0,98.0
0417.627,-380.06666666666666,-33.97142857142857,98.9375,74.0,98.0
0417.667,-334.1916666666666,-30.944444444444443,97.0,74.0,98.0
0417.700,-294.03846153846155,-29.650000000000002,96.0,74.0,98.0
0417.732,-254.26923076923077,-27.508333333333333,95.0,74.0,98.0
0417.764,-214.9666666666667,-23.76153846153846,95.0,74.0,98.0
0417.797,-179.13333333333333,-20.766666666666666,95.0,74.0,98.0
0417.831,-143.95,-17.2,95.0,74.0,98.00000000000001
0417.863,-120.37777777777778,-14.225000000000001,95.0,74.0,98.0
0417.895,-90.3,-11.176923076923078,94.0,74.0,98.0
0417.926,-63.400000000000006,-10.0625,94.0,74.0,98.0
0417.967,-10.283333333333333,-5.683333333333334,93.0,74.0,98.0
0418.000,35.775,-0.6230769230769231,93.0,74.0,98.0
0418.033,75.625,4.800000000000001,94.4375,74.0,98.0
0418.066,104.86923076923077,8.366666666666665,100.5,74.0,98.0
0418.097,118.87692307692308,10.175,105.875,74.0,98.0
0418.128,128.69230769230768,10.4,109.0,74.0,98.0
0418.160,134.275,12.5,108.625,74.0,98.0
0418.200,137.18333333333334,12.38888888888889,106.125,74.0,98.00000000000001
0418.231,138.96666666666667,14.125,104.1875,74.0,98.0
0418.263,137.86923076923077,13.95,103.1875,74.0,98.0
0418.295,130.49166666666665,14.430769230769231,101.1875,74.0,98.0
0418.327,129.1,14.353846153846153,100.1875,74.0,98.0
0418.368,121.63333333333334,14.591666666666667,100.0,74.0,98.0
0418.400,119.225,15.15,100.0,74.0,98.0
0418.433,106.24615384615383,16.276923076923076,99.0,74.0,98.0
0418.466,98.21666666666667,14.984615384615385,97.5,74.0,98.0
0418.497,91.1,14.450000000000001,97.0,74.0,98.0
0418.529,79.34615384615384,12.966666666666665,96.0,73.99999999999999,98.0
0418.562,72.01538461538462,11.55,95.0,74.0,98.00000000000001
0418.594,64.19166666666666,10.48888888888889,95.0,74.0,98.0
0418.627,50.991666666666674,11.233333333333334,95.5625,74.0,98.0
0418.660,31.76153846153846,8.966666666666667,96.0,74.0,98.0
0418.699,3.8500000000000005,6.266666666666667,96.0,74.0,98.0
0418.732,-13.015384615384615,1.9384615384615385,96.0,74.0,98.0
0418.765,-24.95,-1.6249999999999998,96.0,74.0,98.0
0418.797,-33.44166666666666,-5.516666666666666,96.00000000000001,74.0,98.0
0418.830,-50.849999999999994,-8.75,97.5,74.01194029850747,98.0
0418.862,-85.39230769230768,-13.053846153846154,104.5,74.10746268656716,98.0
0418.893,-124.72500000000001,-19.223076923076924,109.5,74.2,98.0
0418.933,-202.5,-25.323076923076922,112.25,74.31940298507463,98.0
0418.964,-258.83333333333337,-30.28333333333333,111.3125,74.41194029850746,98.0
0418.996,-317.7,-34.8,109.35294117647058,74.50746268656717,98.0
0419.028,-376.55,-37.72222222222222,106.3125,74.60298507462687,98.0
0419.060,-432.7166666666667,-40.88333333333333,105.0,74.69850746268656,98.0
0419.099,-494.1,-42.45,102.875,74.81492537313433,98.0
0419.131,-539.5999999999999,-44.4,102.0,74.91044776119404,98.0
0419.164,-586.9333333333334,-45.0,102.0,75.0,98.0
0419.198,-630.75,-47.766666666666666,101.6875,75.0,98.0
0419.231,-658.7166666666667,-51.2,100.0,75.0,98.0
0419.264,-681.6333333333332,-53.766666666666666,98.0,75.0,98.0
0419.296,-700.1,-55.70769230769231,97.0,75.0,98.0
0419.328,-715.8750000000001,-55.6,96.0,75.0,98.0
0419.360,-722.4230769230769,-55.075,95.625,75.0,98.0
0419.399,-720.1500000000001,-54.90833333333333,95.0,75.0,98.0
0419.429,-717.7249999999999,-54.05384615384615,95.0,75.0,98.0
0419.460,-706.3666666666668,-52.03333333333333,95.0,75.0,98.0
0419.493,-691.7111111111111,-50.775000000000006,95.0,75.0,98.0
0419.539,-634.2692307692307,-45.983333333333334,95.0,75.0,98.0
0419.566,-585.4,-44.1,94.0,75.0,98.0
0419.599,-518.6,-40.71666666666666,94.3125,75.0,98.0
0419.630,-464.75,-38.400000000000006,95.25,75.0,98.0
0419.663,-403.2076923076923,-34.675000000000004,101.9375,75.0,98.0
0419.696,-338.93333333333334,-29.73846153846154,107.125,75.0,98.0
0419.729,-284.7083333333333,-25.099999999999998,110.0,75.0,98.0
0419.761,-235.9,-20.15,109.0,75.0,98.0
0419.794,-196.75384615384615,-19.25,107.5,75.0,98.0
0419.826,-160.9,-18.483333333333334,105.0,75.0,98.0
0419.866,-117.32499999999999,-16.77692307692308,102.94117647058823,75.0,98.0
0419.898,-84.1,-14.65,101.0,75.0,98.0
0419.930,-57.05555555555556,-12.0,101.0,75.0,98.0
0419.964,-21.030769230769234,-8.5375,100.8125,75.0,98.0
0419.999,21.925,-6.891666666666667,100.0,75.0,98.0
0420.031,56.38333333333333,-3.9230769230769234,99.0,75.0,98.0
0420.062,88.3,-3.1416666666666666,97.75,75.0,98.0
0420.093,113.8125,-1.2666666666666668,96.75,75.0,98.0
0420.132,145.02499999999998,0.85,96.0,75.0,98.0
0420.164,169.88888888888886,2.9000000000000004,96.0,75.0,98.0
0420.196,188.2,5.092307692307692,96.0,75.0,98.0
0420.227,189.4,4.65,96.0,75.0,98.0
0420.259,190.96153846153845,6.8500000000000005,96.0,75.0,98.0
0420.302,210.46666666666667,11.566666666666666,95.0,75.0,98.0
0420.326,232.90833333333333,14.07777777777778,95.0,75.0,98.0
0420.366,280.6,16.05,95.0,75.0,98.0
0420.398,309.9,17.453846153846154,95.3125,75.0,98.0
0420.431,330.15,17.900000000000002,97.75,75.0,98.0
0420.462,337.74615384615385,21.10909090909091,104.9375,75.0,98.0
0420.495,333.33333333333337,21.607692307692307,110.375,75.0,98.0
0420.527,328.10833333333335,23.96666666666667,111.625,75.0,98.0
0420.559,318.70769230769235,22.725,109.625,75.0,98.0
0420.600,309.6333333333333,23.783333333333335,108.0,75.0,98.0
0420.632,304.3625,23.133333333333333,105.125,75.0,98.0
0420.664,299.25,23.83076923076923,103.06666666666668,75.0,98.0
0420.697,291.0666666666667,23.3,100.0,75.0,98.0
0420.729,274.2692307692308,22.3,99.0,75.0,98.0
0420.760,260.6666666666667,22.200000000000003,99.0,75.0,98.0
0420.803,244.8,21.869230769230768,98.0,75.0,98.0
0420.826,236.43333333333334,21.4625,97.0,75.0,98.0
0420.869,227.3,19.9,95.26666666666667,75.0,98.0
0420.901,221.1,17.799999999999997,94.25,75.0,98.0
0420.934,207.4,16.22222222222222,94.0,75.0,98.0
0420.966,197.76666666666665,15.2,93.0,75.0,98.0
0420.996,187.68461538461537,16.4,93.0,75.0,98.0
0421.027,176.70833333333334,15.769230769230768,93.0,75.0,98.0
0421.068,165.5,16.130769230769232,93.0,75.0,98.0
0421.105,153.11666666666667,14.323076923076924,93.0,75.0,98.0
0421.130,149.75,12.533333333333333,93.0,75.0,98.0
0421.161,146.33846153846153,10.316666666666666,93.0,75.0,98.0
0421.201,156.1111111111111,11.63076923076923,92.0,75.0,98.0
0421.233,170.1,12.26923076923077,93.0,75.0,98.0
0421.264,183.01666666666668,13.291666666666668,97.875,75.0,98.0
0421.297,192.4076923076923,12.658333333333331,104.0,75.0,98.0
0421.330,190.6,12.625,110.5625,75.0,98.0
0421.362,186.76666666666668,15.333333333333332,111.0,75.0,98.0
0421.393,178.96666666666667,16.887500000000003,109.5,75.0,98.0
0421.435,171.14166666666665,15.700000000000001,106.875,75.0,98.0
0421.466,159.3153846153846,12.0,105.9375,75.0,98.0
0421.498,135.15,5.476923076923077,102.9375,75.0,97.99999999999999
0421.529,100.00833333333334,-2.9153846153846157,101.0,75.0,98.0
0421.560,54.71111111111111,-10.5,100.0,75.0,98.0
0421.600,-6.33846153846154,-21.541666666666668,99.0,75.0,98.0
0421.632,-52.85,-26.2,98.0,75.0,98.0
0421.664,-100.41666666666666,-31.47692307692308,97.0,75.0,98.0
0421.697,-144.65,-35.233333333333334,96.0,75.0,98.0
0421.730,-198.7,-37.5,95.0,75.0,98.0
0421.762,-255.0,-39.1625,94.4375,75.0,98.0
0421.795,-314.4333333333333,-43.06666666666667,94.0,75.0,98.0
0421.828,-360.6666666666667,-44.599999999999994,94.0,75.0,98.0
0421.860,-392.4,-45.30833333333333,94.0,75.0,98.0
0421.899,-415.10769230769233,-42.641666666666666,94.0,75.0,98.0
0421.930,-421.4583333333333,-40.45384615384616,94.0,75.0,98.0
0421.963,-426.5833333333333,-37.91666666666667,94.0,75.0,98.0
0421.996,-422.05833333333334,-35.71666666666667,94.0,75.0,98.0
0422.029,-407.9769230769231,-33.85,94.0,75.0,98.0
0422.061,-392.1769230769231,-30.0,94.0,75.0,98.0
0422.094,-369.8166666666666,-26.346153846153847,95.3125,75.0,98.0
0422.127,-351.0833333333333,-24.866666666666667,100.125,75.0,98.0
0422.173,-340.2,-22.808333333333334,108.5,75.0,98.0
0422.205,-336.3833333333333,-20.55,111.0,75.0,98.0
0422.232,-335.3,-19.233333333333334,110.0625,75.0,98.0
0422.264,-332.7875,-19.0,109.0625,75.0,98.0
0422.296,-327.57500000000005,-17.991666666666667,106.0625,75.0,98.0
0422.330,-325.0076923076923,-16.8,103.9375,75.0,98.0
0422.363,-320.5333333333333,-14.8,101.875,75.0,98.0
0422.395,-314.26666666666665,-14.407692307692308,101.0,75.0,98.0
0422.434,-310.89166666666665,-14.684615384615384,101.0,75.0,98.0
0422.467,-300.71666666666664,-13.45,102.0,75.0,98.0
0422.499,-295.5,-12.924999999999999,101.0,75.0,98.0
0422.532,-286.24615384615385,-13.541666666666666,98.3125,75.0,98.0
0422.564,-274.2,-12.6,97.26666666666667,75.0,98.0
0422.596,-260.5,-9.733333333333334,96.29411764705881,75.0,98.0
0422.628,-243.96666666666667,-7.1,95.29411764705881,75.0,98.0
0422.659,-225.2125,-5.058333333333334,94.3125,75.0,98.0
0422.699,-197.5,-3.5999999999999996,93.0,75.0,98.0
0422.731,-178.45000000000002,-2.25,94.0,75.0,98.0
0422.763,-163.2166666666667,2.2625,95.1875,75.0,98.0
0422.795,-161.84615384615387,7.125,97.1875,75.0,98.0
0422.828,-151.86666666666667,10.75,99.0,74.9910447761194,98.0
0422.860,-122.55000000000001,11.666666666666666,97.75,74.8955223880597,98.00000000000001
0422.901,-31.012500000000003,9.366666666666667,95.375,74.7731343283582,98.0
0422.935,68.51111111111112,10.508333333333333,93.0625,74.67164179104478,98.0
0422.966,146.02307692307693,12.2,93.86666666666666,74.57910447761193,98.0
0422.998,203.83333333333337,15.666666666666666,96.625,74.48358208955224,98.0
0423.029,235.39999999999998,16.961538461538463,106.4375,74.3910447761194,98.0
0423.062,248.7,18.683333333333334,110.875,74.29253731343283,98.0
0423.094,245.85384615384618,19.0,111.125,74.19701492537314,98.0
0423.133,229.36666666666667,20.4,108.46666666666667,74.08059701492536,98.0
0423.165,203.77692307692308,17.900000000000002,105.0,74.0,98.0
0423.199,177.43333333333334,18.03846153846154,103.5625,74.0,98.0
0423.231,154.96153846153845,17.6,101.5625,74.0,98.0
0423.263,143.0,17.562500000000004,100.0,74.0,98.0
0423.295,132.875,18.511111111111113,99.0,74.0,98.0
0423.328,123.3,15.833333333333334,99.0,74.0,98.0
0423.368,110.70833333333333,16.525000000000002,98.0,74.0,98.0
0423.399,91.7,16.2,97.0625,74.0,98.0
0423.430,67.44999999999999,15.841666666666669,95.125,74.0,98.0
0423.461,54.392307692307696,17.2,94.0,74.0,98.0
0423.500,53.59166666666666,15.424999999999999,93.0,73.99999999999999,98.0
0423.533,68.46666666666667,15.649999999999999,92.0,74.0,98.0
0423.565,77.53333333333333,18.983333333333334,92.0,74.0,98.0
0423.598,84.76923076923077,22.55,92.0,74.0,98.0
0423.630,94.38461538461539,41.21666666666667,93.375,74.0,98.0
0423.663,108.76666666666667,59.53333333333334,96.0,74.0,98.0
0423.694,125.775,74.6,97.0,74.0,98.0
0423.734,136.43846153846155,81.3625,96.1875,74.0,98.0
0423.766,142.11666666666665,76.94285714285714,94.1875,74.0,98.0
0423.797,155.7,73.0,92.25,74.0,98.0
0423.828,189.87499999999997,69.88333333333333,92.6875,74.0,98.0
0423.868,246.36666666666665,69.2076923076923,98.75,74.0,98.0
0423.900,282.6,73.30833333333332,110.5625,74.0,98.0
0423.932,309.64444444444445,78.48333333333332,115.0,74.0,98.0
0423.966,316.25000000000006,82.55,112.25,74.0,98.0
0423.998,306.84999999999997,81.98461538461538,107.25,74.0,98.0
0424.029,285.4083333333333,77.73333333333333,103.375,74.0,98.0
0424.061,264.63076923076926,74.725,100.0,74.0,98.0
0424.100,250.24615384615385,71.975,100.0,74.0,98.0
0424.133,239.86666666666667,68.7,100.8125,74.0,98.0
0424.164,225.05,63.522222222222226,101.75,74.0,98.0
0424.197,199.2,54.3,101.1875,74.0,98.0
0424.231,158.43846153846155,43.6875,99.0625,74.0,98.0
0424.263,110.86666666666667,35.733333333333334,96.05882352941175,74.0,98.0
0424.294,61.51666666666667,27.107692307692307,93.125,74.0,98.0
0424.334,9.200000000000001,19.43846153846154,92.0,74.0,98.0
0424.364,-21.224999999999998,12.141666666666666,93.3125,74.0,98.0
0424.397,-41.0,5.666666666666666,94.375,74.0,98.0
0424.428,-56.5,-0.18461538461538463,96.25,74.0,98.0
0424.469,-72.5,-5.6692307692307695,97.23529411764706,74.0,98.0
0424.500,-96.475,-9.383333333333333,96.25,74.0,98.0
0424.533,-117.98461538461538,-8.8375,94.1875,74.0,98.0
0424.565,-144.1,-6.800000000000001,93.0,74.0,98.0
0424.596,-145.5666666666667,-2.8625,93.0,74.0,98.0
0424.628,-115.675,2.4,94.0,74.0,98.0
0424.670,-45.1,10.091666666666667,95.375,74.0,98.0
0424.694,0.9666666666666659,13.166666666666668,96.875,74.0,98.0
0424.740,67.5,17.325,100.5,74.0,98.0
0424.767,87.7,19.4,106.875,74.0,98.0
0424.799,93.275,19.246153846153845,108.0,74.0,98.0
0424.832,82.59166666666667,22.0,106.5,74.0,97.99999999999999
0424.866,84.0,22.216666666666665,102.375,74.0,98.0
0424.899,105.10000000000001,25.558333333333337,102.0,74.0,98.0
0424.933,136.11666666666667,24.66666666666667,102.0,74.0,98.0
0424.965,162.90833333333333,24.96923076923077,102.0,74.0,98.0
0424.997,174.43333333333334,25.35,101.0,74.0,98.0
0425.029,182.1384615384615,27.7,100.1875,74.0,98.0
0425.061,195.575,28.108333333333334,99.1875,74.0,98.0
0425.093,205.25,27.99230769230769,97.1875,74.0,98.0
0425.133,207.375,23.455555555555556,95.6875,74.0,98.0
0425.164,199.6,21.2,94.0,74.0,98.0
0425.196,177.03333333333333,18.066666666666666,94.0,74.0,98.0
0425.228,148.43333333333334,15.169230769230769,94.0,74.0,98.0
0425.260,110.9375,12.216666666666667,95.0,74.0,98.0
0425.299,49.099999999999994,4.85,95.0,74.0,98.0
0425.332,-12.484615384615385,-0.43333333333333335,95.0,74.0,98.0
0425.365,-78.33333333333334,-5.833333333333334,95.0,74.0,98.0
0425.398,-139.4666666666667,-12.446153846153848,95.0,74.0,98.0
0425.430,-184.82500000000002,-20.333333333333336,95.0,74.0,98.0
0425.463,-213.23846153846154,-27.9,95.0,74.0,98.0
0425.495,-229.84615384615384,-34.70833333333333,94.0,73.95535714285714,98.0
0425.527,-244.25,-41.3,94.9375,73.86011904761905,98.0
0425.567,-284.3125,-47.80769230769231,99.3125,73.74107142857143,98.0
0425.600,-314.95,-52.300000000000004,105.5,73.64285714285714,98.0
0425.634,-339.35,-54.725,111.25,73.54166666666666,98.0
0425.668,-338.78461538461534,-55.36666666666667,112.25,73.44047619047619,98.0
0425.700,-326.37692307692305,-51.766666666666666,109.5,73.3452380952381,98.0
0425.732,-304.85,-46.63076923076923,105.25,73.25,98.0
0425.764,-283.29166666666663,-41.06153846153846,103.25,73.1547619047619,98.0
0425.798,-267.5,-36.86666666666667,102.0,73.05357142857143,98.0
0425.830,-258.46153846153845,-33.8,101.0,73.0,98.0
0425.862,-251.125,-32.983333333333334,101.0,73.0,98.0
0425.895,-242.0125,-31.669230769230765,99.0625,73.0,98.0
0425.928,-229.6375,-29.9,97.0,73.0,98.0
0425.961,-223.2,-28.2,95.875,73.0,98.0
0425.994,-207.1,-24.366666666666667,95.0,73.0,98.0
0426.026,-200.7,-21.575,94.0,73.0,98.0
0426.066,-188.1,-19.88333333333333,94.0,73.0,98.0
0426.097,-182.71249999999998,-18.941666666666663,94.0,73.0,98.0
0426.130,-171.86666666666667,-16.623076923076923,95.0,73.0,98.0
0426.163,-168.325,-12.666666666666668,95.0,73.0,98.0
0426.196,-163.56153846153848,-10.133333333333333,95.8125,73.0,98.0
0426.228,-160.31666666666666,-10.266666666666666,96.0,73.0,98.0
0426.260,-143.25,-10.149999999999999,96.90625,73.0,98.0
0426.299,-112.0,-6.0,97.0,73.0,98.0
0426.331,-82.64166666666668,-3.7,98.0,73.0,98.0
0426.363,-57.99230769230769,-1.8875,102.5,73.0,98.0
0426.397,-37.8,-2.6,108.125,73.0,98.0
0426.428,-29.733333333333334,-0.2777777777777776,112.3125,73.0,98.0
0426.468,-32.141666666666666,3.230769230769231,112.1875,73.0,98.0
0426.500,-38.0,6.953846153846154,110.1875,73.0,98.00000000000001
0426.532,-46.5,7.4,107.1875,73.0,98.0
0426.565,-48.733333333333334,8.7,105.125,73.0,98.0
0426.597,-47.05,9.230769230769232,104.125,73.0,98.0
0426.629,-32.6,11.85,103.0,73.0,98.0
0426.660,-11.484615384615385,15.725000000000001,103.0,73.0,98.0
0426.699,27.299999999999997,20.825000000000003,102.0,73.0,98.0
0426.731,48.575,24.9,101.75,73.0,98.0
0426.763,59.0625,28.761538461538464,100.0,73.0,98.0
0426.797,56.16666666666667,31.015384615384612,99.0,73.0,98.0
0426.830,45.61666666666667,29.875,98.5625,72.99999999999999,98.0
0426.862,32.238461538461536,30.816666666666666,98.0,73.0,98.0
0426.894,20.025000000000002,31.558333333333334,97.0,73.0,98.0
0426.928,17.883333333333333,33.28333333333333,96.4375,73.0,98.0
0426.961,15.716666666666667,32.68333333333334,96.0,73.0,98.0
0427.006,13.766666666666667,32.724999999999994,95.5625,73.0,98.0
0427.031,19.015384615384615,32.3,95.0,73.0,98.0
0427.062,45.94166666666666,34.61666666666667,95.0,73.0,98.0
0427.093,82.41538461538461,35.6,95.0,73.0,98.0
0427.135,141.4,45.175000000000004,96.5,73.0,98.0
0427.167,167.6,53.099999999999994,102.5,73.0,98.0
0427.201,184.15,60.699999999999996,107.875,73.0,98.0
0427.233,186.39999999999998,63.83846153846154,111.0,73.0,98.0
0427.265,182.24166666666667,61.699999999999996,110.375,73.0,98.0
0427.297,175.16923076923075,58.45,108.375,73.0,98.0
0427.331,166.8,52.55,105.25,73.0,98.0
0427.364,159.23333333333335,44.03333333333333,104.0,73.0,98.0
0427.397,147.89999999999998,36.1375,102.125,73.0,98.0
0427.429,129.21666666666667,28.4,101.0,73.0,98.0
0427.461,100.525,20.425,101.0,73.0,98.0
0427.500,59.4,8.275,100.0,73.0,98.0
0427.532,14.7,-4.633333333333334,100.0,73.0,98.0
0427.564,-27.1,-14.325,99.0,73.0,98.0
0427.598,-72.6,-24.9,98.0,73.0,98.0
0427.631,-111.0,-32.375,96.5,73.0,98.0
0427.664,-147.3846153846154,-40.05,92.4375,73.0,98.0
0427.698,-185.56666666666666,-45.73333333333334,91.3125,73.0,98.0
0427.729,-233.56666666666666,-52.03333333333334,91.625,73.0,98.0
0427.762,-293.0230769230769,-57.2,93.0,73.0,98.0
0427.795,-346.88461538461536,-61.85,94.0,73.0,98.0
0427.826,-383.05,-64.4375,93.3125,73.0,98.0
0427.866,-404.4666666666667,-66.0,93.0,73.0,98.0
0427.897,-408.8,-65.8,92.125,73.0,98.0
0427.928,-409.6615384615385,-65.05833333333334,94.0625,73.0,98.0
0427.960,-411.84999999999997,-63.2,98.1875,73.0,98.0
0428.002,-412.69166666666666,-62.650000000000006,108.375,73.0,98.0
0428.027,-419.225,-62.57692307692308,109.75,73.0,98.0
0428.060,-421.5076923076923,-61.93333333333334,106.6875,73.0,98.0
0428.094,-431.1538461538462,-60.43076923076923,104.5625,73.0,98.0
0428.126,-430.6,-59.72307692307693,103.0,73.0,98.0
0428.169,-424.3833333333333,-58.0,100.875,73.0,98.0
0428.202,-415.42499999999995,-56.03076923076923,99.8125,73.0,98.0
0428.235,-406.0777777777778,-53.86666666666667,98.75,73.0,98.0
0428.268,-388.5625,-51.75,98.0,73.0,98.0
0428.299,-371.2,-48.49166666666667,98.0,73.0,98.0
0428.332,-350.95,-44.761538461538464,98.0,73.0,98.0
0428.365,-337.1833333333333,-41.574999999999996,97.0,73.0,98.0
0428.398,-322.0692307692308,-38.925000000000004,96.0,73.0,98.0
0428.430,-306.1083333333333,-37.237500000000004,96.0,73.0,98.0
0428.461,-288.45000000000005,-33.2,97.0,73.0,98.0
0428.493,-279.55,-29.841666666666665,97.375,73.0,98.0
0428.540,-272.7,-23.425,97.0,73.0,98.0
0428.567,-268.65833333333336,-20.3,97.0,73.0,97.99999999999999
0428.599,-247.74999999999997,-17.96153846153846,97.0,73.0,98.0
0428.631,-219.225,-15.23076923076923,97.0,73.0,98.0
0428.664,-178.9923076923077,-12.1,97.0,73.0,98.0
0428.697,-147.4,-8.9,98.25,73.0,98.0
0428.731,-123.36249999999998,-5.916666666666666,103.5,73.0,98.0
0428.765,-113.3,-6.092307692307692,108.75,73.0,98.0
0428.798,-113.3,-6.7875,110.5625,73.0,98.0
0428.830,-121.86923076923077,-7.1,108.5625,73.02089552238806,98.0
0428.861,-132.89999999999998,-6.523076923076923,106.5625,73.1134328358209,98.00000000000001
0428.902,-135.25,-9.158333333333331,104.0,73.23582089552238,98.0
0428.935,-128.0,-8.958333333333334,101.9375,73.33432835820895,98.0
0428.969,-122.0,-6.9,101.0,73.4358208955224,98.0
0429.000,-118.60000000000001,-2.292307692307692,100.0,73.52835820895523,98.0
0429.032,-113.70833333333333,0.30000000000000004,100.0,73.62388059701493,98.0
0429.064,-108.2923076923077,2.375,100.0,73.71940298507462,98.0
0429.095,-98.475,3.3166666666666664,98.9375,73.81194029850747,98.0
0429.134,-87.90833333333333,6.441666666666667,97.5,73.92835820895523,98.0
0429.165,-81.625,6.323076923076923,96.5625,74.0,98.0
0429.198,-77.10769230769232,6.8,95.0,74.0,98.0
0429.231,-68.1076923076923,9.5,95.0,74.0,98.0
0429.263,-60.775000000000006,13.655555555555555,96.0,74.0,98.0
0429.295,-56.25,16.107692307692307,96.5625,74.0,98.0
0429.328,-46.53846153846153,17.916666666666664,97.0,74.0,98.0
0429.367,-34.27777777777778,19.3875,96.9375,74.0,98.0
0429.398,-16.15,22.65,96.0,74.0,98.0
0429.428,3.3,26.51538461538462,96.0,74.0,98.0
0429.460,33.369230769230775,28.200000000000003,96.0,74.0,98.0
0429.500,70.53076923076922,28.999999999999996,101.05882352941177,74.0,97.98130841121495
0429.530,95.07500000000002,29.258333333333336,105.375,74.0,97.88785046728971
0429.561,111.98333333333332,30.133333333333333,109.25,74.0,97.79127725856698
0429.593,125.4,30.675,111.0,74.0,97.69158878504672
0429.633,155.74615384615385,32.36666666666667,109.375,74.0,97.56697819314641
0429.667,182.76153846153846,32.31666666666666,108.25,74.0,97.46105919003116
0429.697,202.63076923076923,33.416666666666664,107.375,74.0,97.36760124610592
0429.728,219.7,34.475,105.4375,74.0,97.27102803738319
0429.768,222.0222222222222,35.05555555555556,101.0,74.0,97.14641744548287
0429.798,226.86666666666667,35.712500000000006,101.0,74.0,97.05295950155764
0429.829,232.3,35.8,100.0,74.00000000000001,97.0
0429.862,236.3375,35.684615384615384,99.0625,74.0,97.0
0429.894,237.825,36.71666666666667,99.0,74.0,97.0
0429.936,241.95,37.03333333333333,97.0,74.0,97.0
0429.968,244.2,37.55833333333334,96.4375,74.0,97.0
0430.001,243.4,37.53333333333333,96.0,74.0,97.0
0430.034,241.5,37.06666666666666,96.0,74.0,97.0
0430.067,232.7,38.176923076923075,95.0,74.0,97.0
0430.099,223.9153846153846,38.26923076923077,95.0,74.0,97.0
0430.132,208.3,37.7,94.125,74.0,97.0
0430.163,194.28333333333333,37.025000000000006,94.0,74.03869047619047,97.03869047619048
0430.195,182.06153846153845,34.82222222222222,94.0,74.13392857142858,97.13392857142857
0430.228,178.975,31.833333333333332,93.0,74.23214285714286,97.23214285714286
0430.260,187.39999999999998,31.0,93.875,74.32738095238095,97.32738095238096
0430.301,195.4,28.376923076923077,96.875,74.44940476190476,97.44940476190476
0430.333,194.225,29.1,100.875,74.54464285714286,97.54464285714286
0430.365,184.66666666666669,26.825,105.875,74.63988095238095,97.63988095238096
0430.396,170.70000000000002,25.708333333333332,110.0,74.73214285714286,97.73214285714286
0430.427,158.14166666666665,23.24615384615385,109.6875,74.82440476190476,97.82440476190476
0430.468,137.675,19.9,107.0,74.94642857142858,97.94642857142857
0430.501,122.8,15.9,106.0,75.00000000000001,98.0
0430.534,104.23333333333333,11.7,105.0,75.0,98.0
0430.565,83.02222222222224,7.415384615384615,104.0,75.0,98.0
0430.597,50.6,2.983333333333333,103.0,75.0,98.0
0430.629,20.6,-0.5875,101.0625,75.0,98.0
0430.662,-14.607692307692307,-6.7875,100.0,75.0,98.0
0430.694,-45.0,-11.2,98.0,75.0,98.0
0430.735,-81.7,-18.2,96.0,75.0,98.0
0430.768,-105.86666666666667,-24.755555555555553,96.0,75.0,98.0
0430.801,-135.07692307692307,-32.2,95.0,75.0,98.0
0430.834,-187.70000000000002,-37.1375,95.0,75.0,98.0
0430.866,-244.53333333333333,-40.8,96.0,75.0,98.0
0430.898,-291.7666666666667,-44.6,97.0,75.0,98.0
0430.929,-319.1333333333333,-48.15,97.0,75.0,98.0
0430.961,-350.9,-49.8,95.0,75.0,98.0
0431.001,-390.9,-52.0,92.8125,75.0,98.0
0431.033,-426.9,-52.684615384615384,92.0,75.0,98.0
0431.064,-447.0,-54.16666666666667,92.125,75.0,98.0
0431.097,-455.6,-54.88333333333333,94.0,75.0,98.0
0431.130,-451.15,-55.45,95.25,75.0,98.0
0431.163,-447.2,-55.36923076923077,97.3125,75.0,98.0
0431.198,-447.53076923076924,-56.6375,103.5,75.0,98.0
0431.230,-453.66923076923075,-56.3,108.0,75.0,98.00000000000001
0431.261,-459.75,-56.46666666666666,109.0,75.0,98.0
0431.294,-461.79999999999995,-56.823076923076925,107.5,75.0,98.0
0431.328,-466.8,-56.57692307692308,106.0,75.0,98.0
0431.361,-464.38461538461536,-55.4,105.0,75.0,98.0
0431.394,-458.24444444444447,-56.4,103.25,75.0,98.0
0431.435,-444.4307692307692,-53.5,100.6875,75.0,98.0
0431.466,-434.73333333333335,-52.1,100.0,75.0,98.0
0431.499,-421.16666666666663,-49.16923076923077,100.0,75.0,98.0
0431.531,-402.0416666666667,-45.75,101.0,75.0,98.0
0431.563,-378.875,-44.137499999999996,100.6875,75.0,98.0
0431.595,-356.76666666666665,-40.7,99.0,75.0,98.0
0431.627,-325.3384615384615,-36.9,97.6875,75.0,98.0
0431.660,-292.63846153846157,-33.7,96.0,75.0,98.0
0431.693,-248.56666666666666,-27.9,95.5625,75.0,98.0
0431.726,-203.86666666666665,-21.9,95.0,75.0,98.0
0431.760,-148.47500000000002,-17.776923076923076,95.0,75.0,98.0
0431.793,-101.43846153846154,-13.133333333333333,95.0,75.0,98.0
0431.833,-48.57692307692308,-8.799999999999999,95.0,74.99999999999999,97.99999999999999
0431.864,-16.200000000000003,-3.2249999999999996,94.0,75.0,98.0
0431.898,25.166666666666668,1.076923076923077,94.0,75.0,98.0
0431.931,62.300000000000004,5.553846153846154,95.0,75.0,98.0
0431.965,107.97692307692307,9.033333333333333,95.0,75.0,98.0
0431.998,141.15,11.774999999999999,96.5625,75.0,98.0
0432.030,163.95000000000002,16.166666666666664,99.125,75.0,98.0
0432.063,179.75,21.415384615384617,105.875,75.0,98.0
0432.094,192.5,26.833333333333336,109.5625,75.0,98.0
0432.134,205.75,30.700000000000003,110.9375,75.0,98.0
0432.164,207.85000000000002,33.46666666666667,109.0625,75.00000000000001,98.0
0432.197,209.3,33.169230769230765,108.0,75.0,98.0
0432.228,207.0,33.44166666666666,106.0625,75.0,98.0
0432.261,201.83846153846153,34.15,105.0,75.0,98.0
0432.293,197.75,33.872727272727275,103.0,75.0,98.0
0432.340,188.3846153846154,35.46666666666667,102.0,75.0,98.0
0432.372,180.72500000000002,34.93333333333334,101.0,75.0,98.0
0432.398,169.24615384615385,33.19230769230769,98.4375,75.0,98.0
0432.431,149.52307692307693,29.725,96.375,75.0,98.0
0432.464,128.275,22.991666666666667,94.3125,75.0,98.0
0432.497,102.3,15.246153846153847,94.0,75.0,98.0
0432.529,76.74615384615385,8.025,94.0,75.0,98.0
0432.562,45.733333333333334,-1.9749999999999999,94.0,75.0,98.0
0432.595,2.3249999999999993,-10.2,94.0,75.0,98.0
0432.628,-49.1,-19.515384615384615,93.0,75.0,98.0
0432.661,-111.025,-26.307692307692307,93.0,75.0,98.0
0432.693,-180.56153846153848,-32.45,93.0,75.0,98.0
0432.733,-270.7,-37.00769230769231,94.0,75.0,98.0
0432.764,-332.6,-39.15,95.0,75.0,98.0
0432.796,-384.075,-43.108333333333334,95.4375,75.0,98.0
0432.827,-418.1833333333334,-46.5,96.0,74.98219584569733,98.0
0432.860,-439.5692307692308,-48.8,95.0,74.88427299703264,98.0
0432.900,-456.7230769230769,-55.375,95.0,74.76557863501483,98.0
0432.932,-480.65,-59.55,95.88235294117646,74.6706231454006,98.0
0432.965,-508.2384615384616,-65.35,101.8125,74.57270029673592,98.0
0432.997,-532.1083333333333,-65.63333333333333,106.8125,74.47774480712167,98.0
0433.029,-540.4,-63.7,109.0,74.38278931750742,98.0
0433.060,-535.3,-61.125,107.125,74.29080118694363,98.0
0433.100,-515.4333333333334,-56.575,104.625,74.17210682492582,98.0
0433.131,-501.3,-53.56666666666667,103.6875,74.08011869436203,98.0
0433.163,-488.2833333333333,-52.050000000000004,102.6875,74.0,98.0
0433.196,-477.5076923076923,-51.892307692307696,100.625,74.0,98.00000000000001
0433.228,-471.2416666666666,-50.275,100.0,74.00000000000001,98.0
0433.261,-462.15,-48.1,99.0,74.0,98.0
0433.301,-445.65,-45.483333333333334,99.0,74.0,98.0
0433.332,-428.70000000000005,-41.1,99.0,74.0,98.0
0433.365,-404.6666666666667,-39.0,98.0,74.0,98.0
0433.398,-382.87692307692305,-34.8,97.0,74.0,98.0
0433.430,-365.5666666666667,-33.8,96.9375,74.0,98.0
0433.463,-346.70000000000005,-33.22222222222223,96.0,74.0,98.0
0433.495,-328.625,-32.3,96.0,74.0,98.0
0433.527,-300.5615384615384,-30.65,96.0,74.0,98.0
0433.560,-279.7166666666667,-28.299999999999997,96.0,74.0,98.0
0433.594,-259.7,-25.023076923076925,96.0,74.0,98.0
0433.633,-243.04999999999998,-25.16923076923077,95.25,74.0,98.0
0433.665,-228.0333333333333,-22.9,95.0,74.0,98.0
0433.696,-204.85,-23.133333333333333,95.0,74.0,98.0
0433.727,-181.5,-20.484615384615385,95.0,74.0,98.0
0433.766,-136.13333333333333,-18.0,95.0625,74.0,98.0
0433.798,-96.97777777777779,-15.2,97.0625,74.0,98.0
0433.830,-68.95,-12.6625,102.0,73.89880952380952,97.94940476190476
0433.863,-50.375,-10.5625,107.25,73.70238095238095,97.85119047619047
0433.896,-45.93333333333334,-10.133333333333333,110.8125,73.50595238095238,97.7529761904762
0433.927,-46.13076923076923,-9.375,109.875,73.32142857142857,97.66071428571428
0433.959,-49.16923076923077,-9.45,107.875,73.13095238095238,97.56547619047618
0433.999,-53.3,-9.0,105.375,72.89285714285714,97.44642857142857
0434.031,-54.508333333333326,-9.13076923076923,104.375,72.70238095238095,97.35119047619048
0434.065,-58.7,-9.584615384615386,102.0,72.5,97.25
0434.096,-57.87692307692308,-8.916666666666666,101.0,72.31547619047619,97.15773809523809
0434.129,-55.275,-9.45,100.0,72.11904761904762,97.05952380952381
0434.163,-46.1,-7.9,100.0,72.0,97.00000000000001
0434.196,-36.86666666666667,-7.0,99.0,72.0,97.0
0434.228,-25.323076923076922,-5.1,97.0625,72.0,97.0
0434.260,-13.841666666666669,-4.500000000000001,96.0625,72.0,97.0
0434.302,4.15,-2.9333333333333336,95.0,72.0,97.0
0434.340,19.175,-2.8166666666666664,95.0,72.0,97.0
0434.360,23.03076923076923,-1.6750000000000003,95.0,72.0,97.0
0434.401,31.088888888888892,-1.7125,95.0,72.0,97.0
0434.433,41.05,-0.6000000000000001,95.0,72.0,97.0
0434.464,48.0,0.75,95.0,72.0,97.0
0434.495,49.9,1.3846153846153846,95.0,72.0,97.0
0434.527,53.0,1.1,95.0,72.0,97.0
0434.568,61.5923076923077,0.16666666666666669,95.0,72.0,97.0
0434.602,94.25,0.2499999999999999,95.0,72.0,97.0
0434.633,138.1,2.476923076923077,95.0,72.0,97.0
0434.664,189.59230769230768,4.961538461538462,95.0,72.0,97.0
0434.696,233.0846153846154,8.641666666666666,96.1875,72.0,97.0
0434.728,255.76666666666668,11.3,99.5625,72.0,97.0
0434.760,265.59999999999997,12.923076923076923,105.375,72.0,97.0
0434.807,276.4833333333333,14.291666666666666,111.0,72.0,97.0
0434.824,277.65,15.116666666666665,110.8125,72.0,97.00892857142857
0434.865,284.5,16.85,108.25,72.0,97.13095238095238
0434.897,285.19166666666666,18.6875,106.25,72.0,97.22619047619048
0434.929,295.76666666666665,18.47692307692308,105.25,72.0,97.32142857142857
0434.961,293.2692307692308,18.392307692307693,103.25,72.0,97.41666666666666
0435.002,287.6,19.4,101.6875,72.0,97.53869047619048
0435.034,268.2666666666667,18.491666666666667,100.0,72.0,97.63392857142858
0435.067,256.65,19.215384615384615,99.625,72.0,97.73214285714286
0435.099,249.51538461538462,21.0,98.625,72.0,97.82738095238096
0435.130,243.05555555555554,22.05,97.6875,72.0,97.91964285714286
0435.163,234.3,22.225,97.0,71.98167938931297,98.0
0435.196,222.675,20.46666666666667,96.0,71.88091603053435,98.0
0435.228,211.85,20.38888888888889,95.5,71.78320610687022,97.99999999999999
0435.268,197.975,18.9,95.0,71.66106870229008,97.99999999999999
0435.302,186.2846153846154,18.5625,95.0,71.55725190839694,97.99999999999999
0435.334,172.70000000000002,15.4,95.0,71.45954198473282,98.0
0435.366,162.025,13.425,95.0,71.3618320610687,98.0
0435.397,136.26153846153846,9.483333333333333,95.0,71.26717557251908,98.0
0435.429,96.43333333333334,5.1,95.0,71.16946564885497,98.0
0435.462,46.03846153846153,-0.024999999999999856,95.0,71.06870229007635,98.0
0435.493,-0.9833333333333338,-6.591666666666667,95.0,70.97404580152671,98.0
0435.534,-53.33846153846153,-14.8,95.0,70.84885496183206,98.0
0435.568,-87.63333333333334,-19.366666666666667,95.6875,70.74503816793893,98.0
0435.600,-125.97500000000001,-22.23846153846154,96.6875,70.6473282442748,98.0
0435.633,-172.67692307692306,-24.366666666666667,99.5,70.54656488549618,98.0
0435.665,-226.225,-29.52307692307692,107.625,70.44885496183205,98.0
0435.697,-274.3769230769231,-34.025,111.625,70.35114503816794,98.0
0435.728,-309.7416666666667,-38.31666666666666,112.0,70.25648854961833,98.0
0435.760,-332.9666666666667,-39.4,108.25,70.1587786259542,98.0
0435.800,-360.51666666666665,-40.6,105.75,70.03664122137404,98.0
0435.831,-377.9307692307692,-40.95,103.8125,70.0,98.0
0435.862,-391.8769230769231,-40.5,102.0,70.0,98.0
0435.894,-405.53333333333336,-39.574999999999996,100.875,70.0,98.0
0435.934,-407.95,-37.95,100.0,70.0,98.0
0435.965,-411.9,-37.43333333333334,100.0,70.0,98.0
0435.999,-419.7625,-34.292307692307695,99.0,70.0,98.0
0436.033,-426.53846153846155,-29.84166666666667,98.0,70.0,98.0
0436.065,-413.75,-24.9,97.0,70.0,98.0
0436.097,-376.475,-20.241666666666667,96.0,70.0,98.0
0436.129,-339.20000000000005,-17.138461538461538,96.0,70.0,98.0
0436.161,-304.54615384615386,-12.100000000000001,96.0,70.0,98.0
0436.194,-284.5,-8.5,96.0,70.0,98.0
0436.239,-260.9923076923077,-5.866666666666667,96.0,70.0,98.0
0436.264,-248.86666666666667,-4.3,96.0,70.0,98.0
0436.296,-232.42222222222225,-4.7,96.0,70.0,98.0
0436.329,-214.07777777777778,-4.2,96.0,70.0,98.0
0436.363,-191.6375,-3.6833333333333327,96.0,70.0,98.0
0436.396,-162.85833333333332,-3.55,96.0,70.0,98.0
0436.428,-137.16666666666669,-3.3461538461538463,95.5,70.0,98.0
0436.460,-111.2125,-3.1999999999999997,96.47058823529412,70.0,98.0
0436.499,-100.44999999999999,-1.3846153846153846,100.625,69.95820895522388,98.0
0436.531,-98.67692307692307,-0.3153846153846154,105.625,69.86268656716418,98.0
0436.563,-96.63333333333333,1.5333333333333332,110.875,69.76716417910448,98.0
0436.595,-96.18333333333334,2.275,110.125,69.67164179104478,98.0
0436.627,-93.55,1.3249999999999997,107.125,69.57611940298507,98.0
0436.660,-94.9,0.16666666666666669,105.0625,69.47761194029852,98.0
0436.700,-100.66666666666667,-2.476923076923077,102.5625,69.35820895522387,98.0
0436.731,-101.5,-2.3,101.5625,69.26567164179104,98.0
0436.761,-101.175,-2.358333333333333,101.0,69.17611940298508,98.0
0436.795,-100.625,-1.3923076923076922,100.0,69.07462686567163,98.0
0436.827,-100.56666666666666,-0.8,100.0,69.0,98.0
0436.868,-102.96923076923076,-1.0666666666666667,99.0,69.0,98.0
0436.899,-105.33333333333334,-2.0,99.0,69.0,98.0
0436.932,-107.1,-2.1,98.0,69.0,98.0
0436.965,-107.3,-2.5846153846153848,96.9375,69.0,98.0
0436.998,-109.24444444444444,-4.1083333333333325,96.0,69.0,98.0
0437.031,-108.95833333333333,-5.7749999999999995,96.0,69.0,98.0
0437.064,-103.75833333333333,-5.2,96.0,69.0,98.0
0437.096,-96.17777777777778,-5.491666666666666,96.0,69.0,98.0
0437.127,-89.15,-5.2875,97.0,69.0,98.0
0437.168,-84.29166666666666,-3.5,96.0,69.0,98.0
0437.200,-82.9,-0.5,96.0,69.0,98.0
0437.232,-77.81538461538462,-0.3375,95.0,69.0,98.0
0437.263,-56.66666666666667,-0.6,95.0,69.0,98.0
0437.295,-27.7,-1.6538461538461537,96.0,69.0,98.0
0437.327,6.0,-2.6461538461538465,96.6875,69.0,98.0
0437.359,37.59230769230769,0.35000000000000003,101.375,69.0,98.0
0437.399,57.56666666666666,3.638461538461539,108.375,69.0,98.0
0437.430,69.625,8.225,112.875,69.0,98.0
0437.461,72.31249999999999,9.875,110.9375,69.0,98.0
0437.501,81.8,11.933333333333334,107.4375,69.00000000000001,98.0
0437.533,89.52222222222221,12.022222222222222,106.4375,69.0,98.0
0437.564,102.3076923076923,12.75,104.5,69.0,98.0
0437.597,112.85,15.175,102.4375,69.0,98.0
0437.629,120.98333333333333,16.0375,100.4375,69.0,98.0
0437.662,128.44166666666666,17.6,100.0,69.0,98.0
0437.694,129.1,17.9,100.0,69.0,98.0
0437.726,130.76666666666665,19.3,99.0,69.0,98.0
0437.766,121.05833333333334,19.758333333333333,97.875,69.0,98.0
0437.799,114.75,21.13846153846154,97.0,69.0,98.0
0437.831,107.33846153846154,19.653846153846153,96.8125,69.0,98.0
0437.864,105.54166666666667,20.358333333333334,96.0,69.0,98.0
0437.896,107.63333333333333,19.8,96.0,69.0,98.0
0437.929,111.98333333333332,18.6,96.0,69.0,98.0
0437.961,112.76666666666667,18.276923076923076,96.0,69.0,98.0
0437.994,106.7,19.450000000000003,95.0,69.0,98.0
0438.026,101.94166666666666,21.583333333333332,95.0,69.0,98.0
0438.068,106.2,26.200000000000003,95.0,69.0,98.0
0438.100,124.6625,27.03333333333333,95.0,69.0,98.0
0438.132,156.8,28.77692307692308,95.0,69.0,98.0
0438.164,203.8,31.099999999999998,95.0,69.0,98.0
0438.197,242.8,35.733333333333334,97.125,69.0,98.0
0438.229,265.40000000000003,40.05384615384615,104.1875,69.0,98.0
0438.260,276.33846153846156,40.650000000000006,109.0625,69.0,98.0
0438.301,278.9384615384615,39.125,109.39999999999999,69.0,98.0
0438.333,280.84166666666664,36.04166666666667,107.4,69.0,98.0
0438.367,279.75,34.33333333333333,105.25,69.0,98.0
0438.400,285.0923076923077,33.11538461538461,103.0,69.0,98.0
0438.433,291.3,34.35,101.1875,69.0,98.0
0438.467,292.925,35.474999999999994,99.0625,69.0,98.0
0438.500,292.98333333333335,36.925000000000004,99.0,69.0,97.99999999999999
0438.534,292.3076923076923,36.292307692307695,98.875,69.0,98.00000000000001
0438.566,293.26666666666665,35.83333333333333,98.0,69.0,98.0
0438.598,291.05,35.95,97.0,69.0,98.0
0438.631,279.275,35.84615384615384,96.0,69.0,98.0
0438.665,263.7666666666667,34.666666666666664,96.0,69.0,97.99999999999999
0438.698,241.83076923076925,31.775,95.0,69.0,98.0
0438.732,212.3,25.175,95.0,69.0,98.0
0438.767,176.56666666666666,18.300000000000004,95.6875,69.0,98.0
0438.801,138.70000000000002,10.853846153846153,96.0,69.0,98.0
0438.839,82.48333333333333,3.4250000000000003,96.0,69.0,98.0
0438.865,40.400000000000006,-1.8,96.0,69.0,98.0
0438.896,-13.45,-10.083333333333332,96.0,69.0,98.0
0438.928,-54.55,-17.853846153846156,96.0,69.0,98.0
0438.959,-86.7,-26.6,96.0,69.0,98.0
0438.999,-134.61111111111111,-33.69166666666666,96.1875,69.0,98.0
0439.032,-186.51250000000002,-38.3875,99.5,69.0,98.0
0439.064,-249.65000000000003,-41.4,103.75,69.0,98.0
0439.096,-314.7,-44.84615384615385,110.5,69.0,98.0
0439.128,-376.7125,-48.40833333333333,111.75,69.0,98.0
0439.160,-421.55,-51.4,110.75,69.0,98.0
0439.202,-473.91666666666663,-54.075,106.125,69.0,98.0
0439.227,-498.6916666666666,-54.42307692307692,105.0,69.0,98.0
0439.268,-548.55,-56.233333333333334,102.0,69.0,98.0
0439.302,-580.9384615384615,-57.25,101.0,69.0,98.0
0439.333,-605.5666666666666,-58.025000000000006,101.0,69.0,98.0
0439.367,-620.1500000000001,-57.63846153846154,101.8125,69.0,98.0
0439.399,-622.4,-59.15,101.0,69.0,98.0
0439.433,-618.5307692307692,-58.625,99.6875,69.0,98.0
0439.466,-607.4615384615383,-56.875,98.625,69.0,98.0
0439.498,-589.6,-54.900000000000006,97.625,69.0,98.0
0439.529,-565.7,-51.261538461538464,97.0,69.0,98.0
0439.561,-538.8,-48.3,96.0,69.0,98.0
0439.595,-510.04999999999995,-44.84166666666666,96.0,69.0,98.0
0439.635,-481.25,-43.3,96.0,69.0,98.0
0439.666,-467.5,-40.55384615384615,96.0,69.0,98.0
0439.697,-457.9666666666667,-37.89090909090909,96.0,69.0,98.0
0439.729,-438.4,-34.0,96.0,69.0,98.0
0439.761,-401.7916666666667,-31.083333333333336,96.0,69.0,98.0
0439.794,-348.03076923076924,-28.6375,96.0,69.0,98.0
0439.826,-287.25384615384615,-26.275,96.9375,69.0,98.0
0439.867,-222.23076923076923,-23.092307692307692,104.0,69.125,98.0
0439.899,-180.75,-20.233333333333334,108.5,69.225,98.0
0439.932,-139.3,-18.25,109.4375,69.328125,98.0
0439.965,-98.30000000000001,-15.946153846153845,107.75,69.43125,98.0
0439.998,-64.77692307692307,-12.2,104.3125,69.534375,98.0
0440.033,-48.56923076923077,-5.958333333333333,102.125,69.64375,98.0
0440.064,-28.825000000000003,-2.625,101.0,69.740625,98.0
0440.096,-8.9,1.2076923076923076,100.0,69.840625,98.0
0440.128,1.2333333333333334,5.55,100.0,69.94062500000001,98.0
0440.161,0.17500000000000027,7.45,100.0,69.99999999999999,98.0
0440.203,-26.5,9.016666666666666,99.0,69.99999999999999,98.0
0440.240,-17.22222222222222,6.9,97.1875,70.0,98.0
0440.266,-3.7083333333333335,8.425,96.5625,70.0,98.0
0440.299,23.0,11.666666666666666,96.0,70.0,98.0
0440.331,33.43333333333334,15.192307692307693,95.0,70.0,98.0
0440.362,32.392307692307696,17.825,95.4375,70.0,98.0
0440.396,19.93333333333333,17.400000000000002,96.0,70.0,98.0
0440.427,4.05,18.116666666666667,96.0,70.0,98.0
0440.467,-14.3,15.850000000000001,96.0,70.0,98.0
0440.499,-16.0,15.977777777777778,96.0,70.0,98.0
0440.531,0.3666666666666664,16.2,96.0,70.0,98.0
0440.562,34.35,20.0,96.0,70.0,98.0
0440.595,85.1375,24.03333333333333,95.03125,70.0,98.0
0440.628,138.73333333333332,31.946153846153845,98.0,70.0,98.0
0440.661,176.625,38.983333333333334,102.5,70.0,98.0
0440.694,190.27499999999998,49.85,108.52941176470588,70.0,98.0
0440.726,186.0125,56.474999999999994,112.8235294117647,70.0,98.0
0440.767,189.4125,62.746153846153845,111.25,70.0,98.0
0440.800,192.12499999999997,59.55,108.1875,70.0,98.0
0440.835,201.6777777777778,58.07692307692308,106.0,69.99999999999999,98.0
0440.861,207.15,56.324999999999996,105.375,70.0,98.0
0440.901,208.34166666666664,55.525,101.875,70.0,98.0
0440.934,205.58333333333331,54.949999999999996,100.8125,70.0,98.0
0440.965,201.45,54.3,100.0,70.0,98.0
0441.000,191.59166666666667,53.9,99.0,70.0,98.0
0441.032,188.23333333333335,53.60000000000001,98.0,70.0,98.0
0441.064,184.775,53.66923076923077,96.6875,70.0,98.0
0441.096,182.73846153846154,54.233333333333334,96.0,70.0,98.0
0441.129,179.47500000000002,51.80833333333334,95.0,70.0,98.0
0441.161,180.61666666666665,48.65,95.0,70.0,98.0
0441.194,188.25000000000003,45.15384615384616,95.0,70.0,98.0
0441.235,191.32500000000002,45.530769230769224,95.0,70.0,97.99999999999999
0441.267,186.64999999999998,46.63333333333333,95.0,70.0,98.0
0441.300,185.25,47.60000000000001,95.0,70.0,98.0
0441.333,196.12500000000003,47.66666666666667,94.125,70.0,98.0
0441.364,225.3,50.7,95.0,70.0,98.0
0441.396,257.24615384615385,55.599999999999994,95.0,70.0,98.0
0441.429,298.33333333333337,77.93333333333334,96.25,70.0,98.0
0441.461,324.775,98.35833333333333,100.375,70.0,98.0
0441.501,342.75,119.92500000000001,106.875,70.02976190476191,98.0
0441.533,336.28461538461534,121.98461538461538,111.0,70.125,98.0
0441.564,325.53333333333336,122.5,109.4375,70.2172619047619,98.0
0441.596,312.31666666666666,121.14999999999999,106.4375,70.3125,98.0
0441.629,295.1166666666667,121.41538461538462,104.375,70.41071428571428,98.0
0441.663,281.64444444444445,119.7,103.25,70.51190476190476,98.0
0441.696,266.325,117.4,101.1875,70.61011904761905,98.0
0441.729,253.02500000000003,115.76666666666668,100.0,70.70833333333334,98.0
0441.760,239.46666666666667,111.21111111111111,100.0,70.80059523809524,98.0
0441.800,221.76666666666668,106.875,100.0,70.91964285714285,98.0
0441.831,214.9692307692308,100.6125,99.0,71.0,98.0
0441.863,214.0,98.1,98.0,71.0,98.0
0441.895,211.97500000000002,97.13076923076923,97.0,71.0,98.0
0441.926,208.23846153846154,94.95384615384614,96.0,71.0,98.0
0441.959,203.37692307692308,93.7,95.0,71.0,98.0
0442.001,192.4125,91.46666666666667,94.0,71.0,98.0
0442.040,188.875,90.78333333333333,94.0,71.0,98.0
0442.059,180.08461538461538,90.6888888888889,94.0,71.0,98.0
0442.098,176.75,89.36923076923077,94.0,71.0,98.0
0442.130,175.30769230769232,88.90833333333333,94.0,71.0,98.0
0442.164,186.39999999999998,88.6,94.0,71.05059523809523,97.99999999999999
0442.195,202.5,88.7,94.0,71.14285714285714,98.0
0442.227,227.1777777777778,88.4,95.0,71.23809523809524,97.99999999999999
0442.269,257.15384615384613,87.25384615384615,101.875,71.36309523809524,98.0
0442.294,267.40000000000003,86.70833333333333,106.375,71.4375,98.0
0442.340,276.40000000000003,85.275,111.9375,71.57440476190476,98.0
0442.369,274.45000000000005,84.23333333333333,110.125,71.66071428571428,98.0
0442.403,269.39230769230767,81.90769230769232,107.0,71.76190476190476,98.0
0442.435,263.45,79.90833333333333,106.0,71.85714285714286,98.0
0442.466,252.1375,78.275,104.0625,71.94940476190477,98.0
0442.498,246.03333333333336,78.1,102.0625,72.0,98.0
0442.529,248.03333333333336,77.25,101.125,72.0,98.0
0442.561,253.86153846153846,74.14615384615385,101.0,72.0,98.0
0442.594,266.73846153846154,71.45,100.0,72.0,98.0
0442.634,269.25,68.3,98.5625,72.0,98.0
0442.665,266.94166666666666,67.55,98.0,72.0,98.0
0442.698,261.575,66.8,97.0,72.0,98.0
0442.731,258.03846153846155,65.4,96.5,72.0,98.0
0442.762,249.35000000000002,64.75,96.0,72.0,98.0
0442.795,245.47499999999997,62.675000000000004,96.0,72.0,98.0
0442.827,232.575,61.1875,96.0,72.0,98.0
0442.869,222.15,57.733333333333334,96.0,72.0,98.0
0442.893,211.40000000000003,56.9,96.0,72.0,98.0
0442.934,198.3,52.65,96.0,72.0,98.0
0442.967,186.93076923076922,48.146153846153844,95.6875,72.0,98.0
0442.998,182.06923076923078,45.974999999999994,95.0,72.0,98.0
0443.031,175.38333333333333,44.6,96.3125,72.0,98.0
0443.063,164.8,41.8,99.9375,72.0,98.0
0443.094,130.2,37.80833333333334,105.5,72.0,98.0
0443.134,77.79230769230769,30.1,111.75,72.0,98.0
0443.166,27.241666666666667,25.541666666666664,111.0,72.03571428571429,98.0
0443.199,-10.808333333333334,17.066666666666666,107.1875,72.13392857142857,98.0
0443.233,-39.06666666666667,5.838461538461537,105.0625,72.23511904761904,98.0
0443.265,-61.684615384615384,-4.7250000000000005,104.0625,72.33035714285715,98.0
0443.297,-86.74615384615386,-17.1125,102.0,72.42559523809524,98.0
0443.329,-120.0,-27.6,101.0,72.52083333333334,98.0
0443.361,-155.79999999999998,-35.94615384615385,100.0,72.61607142857143,98.0
0443.401,-192.13076923076923,-52.09230769230769,100.0,72.73511904761905,98.0
0443.433,-223.25,-64.7,98.5625,72.83035714285714,98.0
0443.465,-250.375,-77.73333333333333,97.0,72.92559523809524,98.0
0443.497,-273.1,-87.80000000000001,95.5625,72.99999999999999,98.0
0443.528,-297.15000000000003,-94.03076923076922,94.625,73.0,97.99999999999999
0443.559,-325.2,-100.04615384615384,94.0,73.0,98.0
0443.601,-372.55,-102.11666666666667,94.0,73.0,98.0
0443.634,-417.20000000000005,-103.82499999999999,94.0,73.0,98.0
0443.667,-460.24999999999994,-106.0,95.0,73.0,98.0
0443.700,-496.05,-107.41111111111111,94.875,73.0,98.0
0443.736,-532.2230769230769,-114.975,94.0,73.0,98.0
0443.760,-540.8461538461538,-117.4875,94.0,73.0,98.0
0443.794,-552.4,-121.78333333333333,94.0,73.0,98.0
0443.827,-547.6846153846154,-123.45384615384616,95.0,73.0,98.0
0443.861,-544.3076923076923,-123.3153846153846,96.375,73.0,98.0
0443.893,-547.0,-123.05000000000001,101.5625,73.0,98.0
0443.933,-552.9166666666666,-123.35,109.6875,73.0,98.0
0443.965,-556.875,-123.65,111.0,73.0,98.0
0443.998,-556.5125,-121.18461538461538,108.5,73.0,98.0
0444.030,-550.4777777777778,-118.675,106.25,73.0,98.0
0444.063,-542.8833333333332,-115.8875,104.1875,73.0,98.0
0444.096,-533.7416666666667,-113.7,102.125,73.0,98.0
0444.128,-527.8,-113.05,101.0,73.0,98.0
0444.161,-523.4,-110.74444444444444,99.0,73.0,98.0
0444.193,-511.43333333333334,-108.76666666666668,99.0,73.0,98.0
0444.232,-495.68333333333334,-103.0,98.625,73.0,98.0
0444.264,-475.575,-98.05,97.625,73.0,98.0
0444.298,-448.7923076923077,-92.87692307692308,96.5,73.0,98.0
0444.332,-419.5307692307692,-88.3,95.375,73.0,98.0
0444.366,-381.7692307692308,-84.35000000000001,95.0,73.0,98.0
0444.397,-340.8333333333333,-81.55833333333334,94.0,73.0,98.0
0444.429,-302.15,-75.76153846153846,94.6875,73.0,98.0
0444.462,-260.6777777777778,-68.29166666666666,95.0,73.0,98.0
0444.493,-222.4125,-61.025,95.0,73.0,98.0
0444.534,-159.27499999999998,-54.675,94.0,73.0,98.0
0444.565,-96.225,-51.4,94.0,73.0,98.0
0444.597,-38.96153846153846,-44.84615384615385,94.0,73.0,98.0
0444.629,24.250000000000004,-38.61666666666666,94.1875,73.0,98.0
0444.660,62.89999999999999,-31.266666666666666,97.25,73.0,98.0
0444.700,95.275,-23.8875,102.875,73.0,98.0
0444.731,106.31666666666666,-18.566666666666666,109.5625,73.0,98.0
0444.763,117.05384615384617,-13.761538461538462,111.0,73.0,98.0
0444.795,128.5,-13.0,108.4375,73.0,98.0
0444.828,138.0,-13.2,106.375,73.0,98.0
0444.861,141.0,-12.5,104.3125,73.0,98.0
0444.894,138.61538461538464,-9.746153846153847,102.0,73.0,98.0
0444.935,127.8,-5.069230769230769,100.0,73.0,98.0
0444.967,124.52727272727273,-5.00909090909091,100.3125,73.0,98.0
0444.997,114.36666666666666,-7.058333333333333,100.0,73.0,98.0
0445.029,106.9,-7.966666666666667,97.8125,73.0,98.0
0445.061,99.7,-7.6923076923076925,97.0,73.0,98.0
0445.093,91.925,-3.825,97.20000000000002,73.0,98.0
0445.133,89.54999999999998,-2.4000000000000004,99.75,73.0,98.0
0445.163,87.2625,-2.75,99.375,73.0,98.0
0445.195,83.65,-3.7333333333333334,95.41176470588235,73.0,98.0
0445.227,78.12499999999999,-3.408333333333333,93.0,73.0,97.99999999999999
0445.267,63.86666666666667,-1.3,93.0,73.0,98.0
0445.297,56.92307692307692,-0.08461538461538459,93.0,73.0,98.0
0445.329,56.16666666666666,3.1083333333333334,94.0,73.0,98.0
0445.362,62.266666666666666,0.9916666666666665,94.0,73.0,98.0
0445.393,77.175,1.3,93.0,73.0,98.0
0445.431,102.28461538461538,-0.7307692307692308,93.3125,73.0,98.0
0445.462,115.48333333333333,0.45,95.5,73.0,98.0
0445.494,120.7,1.425,100.75,73.01190476190476,98.00000000000001
0445.533,120.5,3.0,109.375,73.12797619047619,98.0
0445.565,113.2375,4.237500000000001,110.0,73.22321428571429,98.0
0445.597,108.3625,3.925,108.3125,73.31845238095238,98.0
0445.628,102.5375,3.5249999999999995,106.375,73.41071428571429,98.0
0445.668,102.60000000000001,2.7,103.875,73.5297619047619,98.0
0445.699,104.30000000000001,2.5500000000000003,102.0,73.62202380952381,98.0
0445.731,104.65,3.175,100.9375,73.7172619047619,98.0
0445.762,100.03333333333333,3.5666666666666664,99.0,73.80952380952381,98.0
0445.793,96.3,4.65,99.0,73.90178571428571,98.0
0445.832,91.8,4.4,97.625,74.00000000000001,98.0
0445.865,85.1,4.7,96.0,74.0,98.0
0445.896,77.10833333333335,3.1125,95.0,74.00000000000001,98.0
0445.927,64.7,1.8111111111111111,95.3125,74.0,98.0
0445.967,46.366666666666674,-1.5666666666666669,96.0,74.0,98.0
0446.000,27.1,-6.333333333333334,96.0,74.0,98.0
0446.034,2.315384615384615,-14.184615384615386,95.0,74.0,98.0
0446.066,-33.323076923076925,-20.51111111111111,94.0,74.0,98.0
0446.099,-73.18333333333334,-29.187499999999996,93.0,74.0,98.0
0446.131,-106.7,-35.9,93.0,74.0,98.0
0446.163,-145.1153846153846,-41.92307692307693,93.125,74.0,98.0
0446.194,-171.58333333333331,-48.46666666666666,94.0,74.0,98.0
0446.235,-195.10000000000002,-54.849999999999994,95.3125,74.0,98.0
0446.267,-198.0625,-59.59166666666667,96.625,74.0,98.0
0446.298,-217.975,-62.0,100.125,74.0,98.0
0446.330,-249.43333333333334,-63.93333333333333,107.125,74.0,98.0
0446.363,-300.775,-64.55,110.625,74.0,98.0
0446.395,-348.18333333333334,-65.26666666666667,110.375,74.0,98.0
0446.427,-380.05,-67.25,107.41176470588235,74.0,98.0
0446.467,-397.5615384615385,-69.11111111111111,103.875,74.0,98.0
0446.497,-401.5615384615385,-69.82222222222222,103.0,73.99999999999999,98.0
0446.530,-403.2,-69.875,102.0,74.0,98.0
0446.562,-408.42499999999995,-67.48333333333333,100.9375,74.0,98.0
0446.594,-413.24615384615385,-66.08461538461538,100.0,74.0,98.0
0446.636,-403.12307692307695,-63.892307692307696,99.3125,74.0,98.0
0446.669,-385.66153846153844,-61.733333333333334,98.25,74.0,98.0
0446.701,-358.625,-57.7,97.0,74.0,98.0
0446.734,-329.26666666666665,-51.675,95.1875,74.0,98.0
0446.766,-294.95384615384614,-45.776923076923076,95.0,74.0,98.0
0446.800,-250.65,-40.2,94.0,74.0,98.0
0446.833,-203.34999999999997,-36.224999999999994,94.0,73.99999999999999,98.0
0446.866,-157.16666666666669,-31.05,94.0,74.0,98.0
0446.898,-117.2923076923077,-28.05,94.0,74.0,98.0
0446.931,-89.71666666666667,-21.924999999999997,94.0,74.0,98.0
0446.964,-62.4,-18.474999999999998,94.0,74.0,98.0
0446.995,-30.733333333333334,-13.066666666666666,94.0,74.0,98.0
0447.027,15.815384615384616,-7.592307692307692,94.0,74.0,98.0
0447.060,65.13333333333334,-0.12307692307692308,94.1875,74.0,98.0
0447.101,112.5,7.3,96.5,74.0,98.0
0447.133,136.1,11.625,103.25,74.0,98.0
0447.166,147.575,13.115384615384613,108.625,74.0,97.99999999999999
0447.199,149.05384615384617,14.707692307692307,111.0,74.0,98.0
0447.231,132.7,17.441666666666666,109.125,73.99999999999999,98.0
0447.265,112.6,18.0,107.0,74.0,98.0
0447.298,89.0,16.8,104.0,74.0,98.0
0447.332,78.0875,15.208333333333334,102.8125,74.0,98.0
0447.365,76.46666666666667,13.953846153846156,100.75,74.0,98.0
0447.397,81.675,17.5,100.0,74.0,98.0
0447.430,78.19999999999999,21.175,100.0,74.0,98.0
0447.462,76.0,28.684615384615384,100.0,74.0,98.0
0447.494,79.5,41.266666666666666,99.0,74.0,98.0
0447.539,77.84615384615384,55.766666666666666,98.0,74.0,98.0
0447.567,76.93333333333334,63.25,97.125,74.0,98.0
0447.599,68.55000000000001,61.75,95.0,74.0,98.0
0447.631,59.0923076923077,60.50833333333333,94.0,74.0,98.0
0447.662,55.33076923076923,57.3,94.0,74.0,98.0
0447.694,58.35,57.03333333333333,94.0,74.0,98.0
0447.727,60.150000000000006,58.93333333333333,95.0,74.0,98.0
0447.768,59.13333333333333,61.883333333333326,96.0,74.0,98.0
0447.800,48.62222222222222,63.73846153846154,96.0,74.0,98.0
0447.833,46.5375,63.52307692307692,95.5,73.99999999999999,98.0
0447.865,55.3,63.2,95.0,74.0,98.0
0447.897,70.26666666666665,65.2375,94.0,74.0,98.0
0447.929,98.2923076923077,64.73333333333333,94.53333333333333,74.0,98.0
0447.960,126.0,65.85000000000001,97.0,74.0,98.0
0448.001,147.61666666666667,64.27499999999999,108.1875,74.0,98.0
0448.034,159.38333333333333,64.25833333333333,113.125,74.0,98.0
0448.066,159.6307692307692,63.469230769230776,113.76470588235293,74.0,98.0
0448.097,164.66153846153847,62.60000000000001,111.0,74.0,98.0
0448.128,164.575,63.35384615384615,108.125,74.0,98.0
0448.159,168.45,63.91538461538462,105.125,74.0,98.0
0448.200,162.0,66.35,103.5625,74.0,97.99999999999999
0448.232,146.2,63.5,101.5625,74.0,98.0
0448.264,120.28888888888889,52.7,101.0,74.0,98.0
0448.295,87.06666666666666,32.43076923076923,100.625,74.0,98.0
0448.327,36.7,8.9625,100.0,74.0,98.0
0448.369,-51.36923076923077,-25.883333333333333,98.9375,74.0,98.0
0448.401,-121.86153846153847,-43.36666666666667,97.0,74.0,98.0
0448.433,-189.62499999999997,-58.025,96.0,74.0,98.0
0448.465,-266.0,-69.43333333333334,96.0,74.0,98.0
0448.497,-360.3615384615385,-78.55384615384615,96.0,74.0,98.0
0448.528,-437.0615384615385,-83.05454545454546,96.0,74.0,98.0
0448.559,-496.83333333333337,-87.76666666666668,96.0,74.0,98.0
0448.601,-543.3499999999999,-90.06666666666666,96.0,74.0,98.0
0448.632,-576.425,-93.43846153846154,96.0,74.0,98.0
0448.664,-602.4071428571428,-94.46153846153845,96.0,74.0,98.0
0448.696,-619.55,-95.45,95.0,74.0,98.0
0448.729,-625.2916666666666,-95.5875,95.0,74.0,98.0
0448.761,-614.1,-94.05000000000001,94.5,74.0,98.0
0448.794,-599.2692307692308,-92.4625,95.0,74.0,98.0
0448.835,-566.375,-88.86666666666666,98.375,74.0,98.0
0448.867,-544.35,-86.1,106.375,74.0,98.0
0448.899,-521.225,-79.46666666666667,110.125,74.0,98.0
0448.930,-504.7444444444444,-72.88461538461539,110.9375,74.0,98.0
0448.962,-488.2375,-64.8,107.9375,74.0,98.0
0448.992,-465.0166666666667,-61.15,106.0625,74.0,98.0
0449.033,-433.04999999999995,-59.233333333333334,102.5,74.0,98.0
0449.065,-410.96666666666664,-59.03333333333333,101.0,74.0,98.0
0449.097,-391.0846153846154,-57.330769230769235,100.0,74.0,98.0
0449.128,-372.54999999999995,-54.425000000000004,100.0,74.0,98.0
0449.160,-354.49999999999994,-49.487500000000004,101.0,74.0,97.99999999999999
0449.201,-340.4833333333333,-43.925,102.0,74.0,98.0
0449.232,-331.8,-39.94166666666666,102.0,74.0,97.99999999999999
0449.264,-329.776923076923,-39.1,100.0,74.0,98.0
0449.296,-324.7153846153846,-40.375,96.0,74.0,98.0
0449.328,-314.85,-40.041666666666664,94.0,74.0,98.0
0449.360,-297.9,-37.233333333333334,95.0,74.0,98.0
0449.401,-258.95000000000005,-32.9,96.0,74.0,98.0
0449.433,-231.075,-30.525,98.0,74.0,98.0
0449.465,-200.03076923076927,-30.615384615384613,98.0,74.0,98.0
0449.495,-184.85000000000002,-30.5,97.5625,73.97916666666666,98.0
0449.527,-164.125,-31.95,95.5625,73.88392857142856,98.0
0449.560,-132.23333333333332,-30.1,94.0,73.78571428571429,98.00000000000001
0449.601,-75.37499999999999,-28.392307692307693,94.0,73.66369047619048,98.0
0449.632,-22.5,-23.933333333333334,95.0,73.57142857142857,98.0
0449.664,20.033333333333335,-23.8375,98.0,73.47619047619048,98.0
0449.695,49.325,-22.25,106.8125,73.38392857142857,98.0
0449.726,48.676923076923075,-22.107692307692307,110.75,73.29166666666667,98.0
0449.765,1.3538461538461535,-17.423076923076923,109.6875,73.17559523809524,98.0
0449.796,-57.8,-12.966666666666669,107.75,73.08333333333333,98.0
0449.828,-115.21249999999999,-10.15,105.0,73.0,98.0
0449.860,-146.83333333333331,-7.175000000000001,103.75,73.0,98.0
0449.901,-155.36923076923077,-7.592307692307692,102.1875,73.0,98.0
0449.932,-146.4769230769231,-6.6000000000000005,101.0,73.0,98.0
0449.964,-121.3,-4.366666666666667,100.0,73.0,98.0
0449.997,-84.1,0.6333333333333333,98.1875,73.0,98.0
0450.029,-44.86153846153846,4.223076923076923,97.1875,73.0,98.0
0450.061,-0.6000000000000003,10.341666666666669,96.1875,73.0,98.0
0450.100,30.7625,28.133333333333333,95.0,73.0,98.0
0450.131,49.1375,44.225,95.0,73.0,98.0
0450.162,57.46666666666666,58.7625,94.875,73.0,98.0
0450.193,53.2,61.8,93.0,73.0,98.0
0450.234,52.733333333333334,59.00769230769231,92.0,73.0,98.0
0450.264,57.266666666666666,58.416666666666664,92.5,73.0,98.0
0450.295,67.325,58.858333333333334,93.0,73.0,98.0
0450.327,73.52307692307691,63.738461538461536,93.0,73.0,98.0
0450.367,82.3,67.28888888888889,93.0,73.0,98.0
0450.400,112.95,67.93333333333334,93.0,73.0,98.0
0450.432,151.025,69.64166666666667,93.0,73.0,98.0
0450.465,199.86666666666667,82.625,94.0,73.0,98.0
0450.496,224.9666666666667,112.6,98.0,73.0,98.0
0450.527,241.425,139.48333333333335,103.75,73.0,98.0
0450.567,256.6,158.35833333333335,111.4375,73.0,98.0
0450.597,258.4769230769231,155.95000000000002,111.0,73.0,98.0
0450.628,261.43333333333334,148.75384615384618,107.75,73.0,98.0
0450.660,251.8,145.0,104.75,73.0,98.0
0450.700,240.96666666666667,139.0875,103.25,73.0,98.0
0450.730,235.09999999999997,136.1,101.375,73.0,98.0
0450.761,229.0846153846154,133.8,100.0,73.0,98.0
0450.793,225.1,129.23333333333335,100.0,73.0,98.0
0450.832,213.8,125.53333333333335,100.0,73.0,98.0
0450.864,206.41666666666669,120.2,99.0,73.0,98.0
0450.895,201.07692307692307,115.78461538461539,98.0,73.0,98.0
0450.928,191.575,108.46153846153847,97.0,73.0,98.0
0450.960,187.63333333333333,103.4,96.0,73.0,98.0
0451.000,178.425,96.95833333333333,95.0,73.0,98.0
0451.032,171.39999999999998,94.5,95.0,73.0,98.0
0451.065,160.01538461538462,89.03076923076924,96.0,73.0,98.0
0451.098,157.075,82.425,96.0,73.0,98.0
0451.129,169.55,76.48888888888888,95.52941176470588,73.0,98.0
0451.161,194.7923076923077,75.3,96.0,72.97321428571429,98.0
0451.193,220.23076923076923,76.75384615384615,95.0,72.87797619047618,98.0
0451.233,242.6230769230769,82.73846153846154,94.0,72.75892857142857,98.0
0451.265,250.01666666666668,85.75,94.0,72.66369047619048,98.0
0451.297,256.92499999999995,89.66666666666666,95.0,72.56845238095238,98.0
0451.330,273.3833333333333,90.66666666666666,96.25,72.4702380952381,98.0
0451.362,300.33076923076925,92.35384615384615,104.375,72.375,98.0
0451.393,329.1833333333334,92.89999999999999,110.125,72.2827380952381,98.0
0451.433,355.9,90.85,113.0,72.16369047619048,98.0
0451.463,358.875,89.83333333333333,110.5625,72.07440476190476,98.0
0451.493,349.9384615384615,89.47692307692307,107.6875,72.0,98.0
0451.534,331.20000000000005,89.34615384615385,103.125,72.0,98.00000000000001
0451.566,313.7,86.8,102.125,72.0,98.0
0451.598,299.075,84.975,101.0,72.0,98.0
0451.630,283.3333333333333,81.85,100.0,72.0,98.0
0451.662,272.72499999999997,82.0,100.0,72.0,98.0
0451.694,264.02500000000003,80.95833333333333,100.0,72.0,98.0
0451.735,252.725,77.0,99.5625,72.0,98.0
0451.767,236.53333333333333,71.4,98.5625,72.0,98.0
0451.798,211.95384615384614,67.3076923076923,97.625,72.0,98.0
0451.828,178.70000000000002,64.53333333333333,97.0,72.0,98.00000000000001
0451.861,136.73333333333335,60.366666666666674,97.0,72.0,98.0
0451.901,86.95,53.00000000000001,97.0,72.0,98.0
0451.933,34.784615384615385,42.800000000000004,98.0,72.0,98.0
0451.966,-28.133333333333333,27.46923076923077,98.0,72.0,98.0
0452.000,-97.9,6.800000000000001,98.0,72.0,98.0
0452.034,-153.42499999999998,-12.1,98.0,72.0,98.0
0452.067,-180.16153846153847,-26.7625,98.0,72.0,98.0
0452.100,-188.05,-34.1,98.25,72.0,98.0
0452.134,-174.56666666666666,-34.45,99.375,72.0,98.0
0452.166,-141.15,-33.625,103.75,72.0,98.0
0452.198,-103.69999999999999,-31.05833333333333,108.8235294117647,72.0,98.00000000000001
0452.229,-67.2,-25.2,112.375,72.0,98.0
0452.261,-49.65,-16.191666666666666,111.625,72.0,98.0
0452.292,-44.13846153846154,-8.1375,108.6875,72.0,98.0
0452.332,-34.44444444444444,-0.4666666666666668,104.1875,72.0,98.0
0452.364,-18.2,3.8538461538461544,102.23529411764707,72.0,98.0
0452.396,-11.425,7.15,100.1875,72.0,98.0
0452.427,-1.0000000000000004,9.033333333333333,99.0,72.0,98.0
0452.468,10.7,15.3,99.0,72.0,98.0
0452.500,24.33076923076923,17.0,98.0,72.0,98.0
0452.533,36.266666666666666,19.9875,98.0,72.0,98.0
0452.567,41.5,20.325,96.75,72.0,98.0
0452.597,42.7,23.8625,96.0,72.0,98.0
0452.629,35.592307692307685,25.53333333333333,95.625,72.0,98.0
0452.660,33.44166666666666,24.75,95.0,72.0,98.0
0452.699,30.7375,23.55,94.25,72.0,98.0
0452.731,30.599999999999998,22.35,94.0,72.0,98.0
0452.765,32.077777777777776,22.583333333333336,95.0,72.0,98.0
0452.799,39.7625,24.375,95.0,72.0,98.0
0452.831,55.3,21.8,95.0,72.0,98.0
0452.864,73.4,20.666666666666668,94.9375,72.0,98.0
0452.896,92.725,17.35,95.0,72.0,98.0
0452.929,117.09230769230768,16.46666666666667,96.125,72.0,98.0
0452.963,141.6583333333333,15.075,102.5,72.0,98.0
0452.996,157.75,16.4125,107.625,72.0,98.0
0453.028,149.63333333333335,14.05,110.3125,72.0,98.0
0453.061,130.2,14.644444444444444,108.625,72.0,98.0
0453.101,96.53076923076924,13.161538461538461,106.125,72.0,98.0
0453.132,80.63333333333334,8.866666666666667,104.1875,72.0,98.0
0453.164,60.5,1.6500000000000004,103.0,72.0,97.99999999999999
0453.197,38.1,-7.746153846153847,102.0,72.0,98.0
0453.229,14.6125,-18.661538461538463,102.0,72.0,98.0
0453.261,-14.649999999999999,-31.6,102.0,72.0,98.00000000000001
0453.301,-58.574999999999996,-55.37500000000001,101.0,72.0,98.0
0453.331,-91.33333333333334,-71.2,99.75,72.0,98.0
0453.363,-136.07692307692307,-85.16666666666667,97.75,72.0,98.0
0453.394,-181.7,-91.32499999999999,96.8125,72.0,98.0
0453.433,-232.3,-96.80000000000001,96.0,72.0,98.0
0453.465,-286.9083333333333,-103.55,97.0,72.0,98.0
0453.497,-350.33846153846156,-110.58461538461538,97.0,72.0,98.0
0453.528,-427.025,-120.875,97.0,72.0,98.0
0453.561,-501.70000000000005,-129.7,97.0,72.0,98.0
0453.595,-553.4,-137.25,96.125,72.0,98.0
0453.628,-581.8538461538462,-142.47692307692307,95.0,72.0,98.0
0453.661,-599.8875,-147.08333333333331,94.125,72.0,98.0
0453.701,-616.9000000000001,-148.3,95.375,72.0,98.0
0453.733,-631.1916666666666,-147.625,98.125,72.0,98.0
0453.765,-647.0333333333333,-145.73333333333335,105.375,72.0,98.0
0453.797,-664.1615384615385,-144.675,107.375,72.0,98.0
0453.829,-685.5916666666667,-143.46153846153845,106.625,72.01785714285714,98.0
0453.861,-710.35,-145.23333333333335,103.625,72.11309523809524,97.99999999999999
0453.901,-727.375,-143.6125,101.125,72.23214285714286,98.0
0453.933,-734.9,-141.89999999999998,99.125,72.32738095238096,98.0
0453.965,-735.390909090909,-138.82857142857142,98.125,72.42261904761905,98.0
0453.998,-733.9307692307692,-135.57777777777778,98.0,72.52083333333334,98.0
0454.029,-728.1833333333334,-131.53333333333333,99.0,72.61309523809524,98.0
0454.061,-711.9833333333333,-128.71666666666667,99.0,72.70833333333334,98.0
0454.101,-690.8333333333333,-122.26666666666665,98.0,72.82738095238095,98.0
0454.139,-667.3874999999999,-119.075,97.29411764705883,72.94047619047619,98.0
0454.166,-652.4,-116.19999999999999,96.5625,73.0,98.0
0454.197,-632.0,-113.6,96.0,73.0,98.0
0454.229,-610.7666666666667,-108.13333333333333,95.0,73.0,98.0
0454.262,-586.5,-102.75833333333333,95.0,73.0,98.0
0454.294,-564.4625,-97.25555555555555,95.0,73.0,98.0
0454.334,-526.8,-88.8,96.0,73.0,98.0
0454.366,-494.78749999999997,-82.89999999999999,96.0,73.0,98.0
0454.398,-452.14444444444445,-80.6,96.0,73.0,98.0
0454.430,-408.375,-78.26666666666665,96.9375,73.0,98.0
0454.463,-358.1,-77.19999999999999,99.0,73.0,98.0
0454.496,-322.5,-72.7,105.2,73.00000000000001,98.00000000000001
0454.529,-303.4923076923077,-68.9,109.1875,73.0,98.0
0454.561,-291.0,-65.24615384615385,108.8125,73.0,98.0
0454.594,-283.0,-63.55,105.75,73.0,98.0
0454.627,-270.6,-62.05,103.6875,73.0,98.0
0454.659,-256.9769230769231,-59.95833333333333,101.6875,73.0,98.0
0454.698,-239.5666666666667,-58.230769230769226,100.0,73.0,98.0
0454.729,-223.675,-57.3,100.0,73.0,98.0
0454.761,-212.525,-56.775,100.0,73.0,98.0
0454.800,-191.99999999999997,-53.7,99.0,73.0,98.0
0454.832,-177.43333333333334,-51.53333333333333,98.875,73.0,98.00000000000001
0454.865,-161.85000000000002,-47.76923076923077,98.0,73.0,98.0
0454.897,-152.51666666666668,-43.81666666666666,97.0,73.0,98.0
0454.929,-145.3,-41.575,96.0,73.0,98.0
0454.960,-134.13076923076923,-38.61666666666667,96.0,73.0,98.0
0455.001,-117.52222222222224,-38.025000000000006,97.0,73.0,98.0
0455.034,-106.65,-34.37777777777778,97.0,73.0,98.0
0455.066,-100.35,-33.775,97.0,73.0,98.0
0455.098,-82.46153846153847,-32.230769230769226,97.0,73.0,98.0
0455.130,-42.900000000000006,-30.7,96.0,73.0,98.0
0455.162,13.4,-29.9,96.0,73.0327380952381,98.0
0455.195,68.8,-27.7,97.0,73.13095238095238,98.0
0455.228,106.4,-25.7,102.625,73.22916666666667,98.0
0455.261,119.56923076923078,-25.8,107.64705882352942,73.32738095238096,98.0
0455.293,120.17777777777779,-23.244444444444444,111.875,73.42261904761904,98.0
0455.332,126.57500000000002,-19.75,109.6875,73.53869047619048,98.0
0455.365,134.67499999999998,-17.575000000000003,106.625,73.63690476190476,98.0
0455.396,149.3,-17.2,105.6875,73.72916666666666,98.0
0455.428,161.76923076923077,-17.23846153846154,103.6875,73.82440476190476,98.0
0455.461,167.5,-16.8,101.0,73.92261904761905,98.0
0455.494,167.9,-15.5,100.0,74.0,98.0
0455.533,164.775,-12.55,99.125,74.0,98.00000000000001
0455.563,164.27692307692308,-11.25,99.0,74.0,98.0
0455.595,162.15454545454543,-8.733333333333334,98.25,74.0,98.0
0455.626,158.45,-8.383333333333333,97.0,74.0,98.0
0455.667,146.55384615384617,-5.8076923076923075,96.0,74.0,98.0
0455.698,140.80833333333334,-5.083333333333334,95.0,74.0,98.0
0455.729,138.97272727272727,-3.977777777777778,95.0,74.0,98.0
0455.761,132.625,-0.8624999999999999,95.0,74.0,98.0
0455.793,124.7,0.8,95.0,74.0,98.0
0455.834,110.1,-0.5,95.0,74.03273809523809,98.0
0455.866,109.49230769230769,-4.75,94.0,74.1279761904762,98.0
0455.897,106.33333333333334,-10.069230769230769,94.0,74.2202380952381,98.0
0455.928,102.25,-13.561538461538461,94.5625,74.3125,98.0
0455.960,100.02499999999999,-15.499999999999998,96.5625,74.4077380952381,98.0
0456.002,86.30000000000001,-15.9,104.375,74.5327380952381,98.0
0456.034,69.53076923076924,-15.738461538461538,108.375,74.62797619047619,98.0
0456.066,43.85000000000001,-16.40833333333333,110.0,74.72321428571429,98.0
0456.097,18.325000000000003,-16.35,107.875,74.81547619047619,98.0
0456.129,-9.776923076923076,-19.5,105.875,74.91071428571428,98.0
0456.161,-36.1,-21.766666666666666,103.875,75.0,98.0
0456.193,-62.69166666666667,-25.775,102.0,75.0,98.0
0456.239,-106.28333333333333,-29.15,100.0,75.0,98.0
0456.265,-139.63333333333333,-31.15833333333333,99.0,75.0,98.0
0456.296,-183.3,-31.949999999999996,99.0,75.0,98.0
0456.327,-212.26923076923077,-31.746153846153845,99.0,75.0,98.0
0456.360,-241.95000000000002,-33.0,98.0,75.0,98.0
0456.401,-272.4,-33.53333333333333,96.0,75.0,98.0
0456.432,-298.54615384615386,-33.3,95.0,75.0,98.0
0456.464,-321.11538461538464,-35.400000000000006,94.875,75.0,98.0
0456.496,-337.075,-36.49166666666666,94.0,75.0,98.0
0456.528,-350.1,-36.85,93.0,75.0,97.99999999999999
0456.561,-362.2230769230769,-35.8,94.0,75.0,98.0
0456.594,-384.0416666666667,-34.12222222222222,94.0,75.0,98.0
0456.626,-389.73333333333335,-33.849999999999994,94.0,75.0,98.0
0456.666,-373.2416666666667,-33.45,94.0,75.0,98.0
0456.698,-336.6,-31.3,93.0,75.0,98.0
0456.731,-287.7076923076923,-28.4,93.8125,75.0,98.0
0456.762,-247.27499999999998,-25.799999999999997,95.75,75.0,98.0
0456.796,-219.3,-22.2,99.75,75.0,98.0
0456.827,-192.0,-19.75,106.625,75.01934523809524,97.99999999999999
0456.867,-166.67692307692306,-16.816666666666663,109.0,75.07886904761905,98.0
0456.899,-141.04999999999998,-15.833333333333334,106.6875,75.1264880952381,98.0
0456.930,-117.1,-15.253846153846153,104.75,75.17261904761904,98.0
0456.963,-91.74166666666667,-13.775,103.0,75.22172619047619,98.0
0456.996,-68.025,-11.674999999999999,102.0,75.27083333333334,98.0
0457.027,-49.13333333333333,-9.116666666666665,100.6875,75.31696428571428,98.0
0457.058,-28.9,-6.166666666666668,100.0,75.36309523809524,98.0
0457.106,14.333333333333334,-1.6461538461538459,100.0,75.4345238095238,98.0
0457.138,46.85,1.2333333333333334,99.0,75.48214285714286,98.0
0457.168,69.88461538461539,4.425,98.0,75.52678571428572,98.0
0457.200,96.00833333333334,6.3999999999999995,97.0,75.57440476190476,98.0
0457.232,117.21666666666667,8.899999999999999,96.0,75.62202380952381,98.0
0457.265,131.5,10.3,96.0,75.67113095238096,98.0
0457.296,148.2846153846154,11.133333333333333,96.0,75.7172619047619,98.0
0457.328,161.06666666666666,13.438461538461539,96.0,75.76488095238096,98.0
0457.361,165.93333333333334,14.633333333333335,96.0,75.8139880952381,98.0
0457.394,160.43333333333334,17.73076923076923,96.0,75.86309523809524,98.0
0457.425,150.16153846153844,19.816666666666666,96.0,75.90922619047619,98.0
0457.463,149.7,21.092307692307692,95.0,75.9657738095238,98.0
0457.496,177.36666666666665,22.85,95.0,76.02976190476191,98.0
0457.527,213.05,24.084615384615383,95.0,76.12202380952381,98.0
0457.567,259.6333333333333,28.184615384615388,96.0625,76.24107142857142,98.0
0457.599,278.0,31.0,100.1875,76.33630952380953,98.0
0457.631,284.7230769230769,34.3125,106.125,76.43154761904762,98.0
0457.663,283.3833333333333,34.125,110.0625,76.52678571428572,98.0
0457.694,279.075,32.63076923076923,111.0,76.61904761904762,98.0
0457.726,273.1333333333333,30.666666666666668,110.0,76.71428571428572,98.0
0457.765,272.575,30.53333333333333,106.5625,76.83035714285714,98.0
0457.796,272.2,30.4,105.625,76.92261904761904,98.0
0457.827,270.1083333333333,31.43076923076923,103.6875,77.0,98.0
0457.867,260.6,31.076923076923077,101.0,77.0,98.0
0457.898,250.93333333333334,31.0,100.0,77.0,98.0
0457.931,238.03333333333336,29.5,100.0,77.0,98.0
0457.963,223.43076923076924,29.30769230769231,99.1875,77.0,98.0
0457.995,208.28461538461536,28.566666666666666,98.1875,77.0,98.0
0458.027,198.9,29.3,97.0,77.0,98.0
0458.067,185.0,29.15833333333333,95.0,77.0,98.0
0458.099,176.51538461538462,27.433333333333334,94.0,77.0,98.0
0458.132,160.2111111111111,24.0,94.0,77.0,98.0
0458.165,141.8625,18.03333333333333,94.0,77.0,98.0
0458.196,117.7875,11.149999999999999,94.0,77.0,98.0
0458.227,90.05000000000001,5.775,94.0,77.0,98.0
0458.260,52.42307692307692,-1.4923076923076923,94.0,77.0,98.0
0458.299,10.200000000000001,-7.375,94.0,77.0,98.0
0458.331,-30.133333333333333,-12.576923076923077,94.0,77.0,98.0
0458.362,-59.23333333333333,-16.616666666666667,94.0,77.0,98.0
0458.395,-79.93846153846154,-18.283333333333335,94.0,77.0,98.0
0458.434,-84.4,-21.416666666666668,94.25,77.0,98.0
0458.465,-100.13333333333334,-22.092307692307692,95.375,77.0,98.0
0458.498,-132.05,-23.73076923076923,101.75,76.94029850746269,98.00000000000001
0458.531,-180.025,-25.65,107.9375,76.84179104477612,98.0
0458.564,-236.8,-26.925,112.0,76.74328358208956,98.0
0458.596,-284.04999999999995,-29.825000000000003,110.5625,76.64776119402984,98.0
0458.627,-317.6333333333333,-32.5,108.625,76.55522388059701,98.0
0458.667,-347.0230769230769,-34.97692307692307,106.0,76.43582089552238,98.0
0458.699,-368.375,-37.05833333333334,105.0,76.34029850746269,98.0
0458.732,-393.55000000000007,-38.133333333333326,102.0625,76.24179104477612,98.0
0458.765,-412.4,-38.983333333333334,101.0,76.14328358208955,98.0
0458.799,-430.48888888888894,-37.44615384615385,100.0,76.04179104477612,98.0
0458.831,-437.7846153846154,-36.07692307692308,100.0,76.0,98.00000000000001
0458.865,-451.09999999999997,-35.06923076923077,99.8125,76.0,98.0
0458.897,-453.5,-34.57692307692308,97.8125,76.0,98.00000000000001
0458.929,-456.55,-35.275,96.8125,76.0,98.0
0458.962,-449.5846153846154,-36.1875,95.75,76.0,98.0
0458.994,-440.27500000000003,-34.75,95.0,76.0,98.0
0459.027,-421.60769230769233,-33.1,95.0,76.0,98.0
0459.060,-392.30833333333334,-29.376923076923074,95.0,76.0,98.0
0459.095,-355.8333333333333,-25.166666666666664,95.0,76.0,98.0
0459.127,-321.2307692307692,-22.56666666666667,95.0,76.0,98.0
0459.168,-278.55,-19.2,95.0,76.0,98.0
0459.200,-241.0,-17.8,94.0,76.0,98.0
0459.232,-187.3125,-15.858333333333334,94.0,76.0,98.0
0459.266,-109.55,-13.6,94.0,76.0,98.0
0459.299,-18.9,-10.4,94.0,76.0,98.0
0459.332,58.625,-3.6846153846153844,95.0,76.0,98.0
0459.364,115.1,1.0,100.3125,76.0,98.0
0459.397,147.8,6.6,106.0,76.0,98.0
0459.428,165.44615384615383,7.1000000000000005,110.4375,76.0,98.0
0459.459,178.94166666666663,8.3875,110.625,76.0,98.0
0459.499,192.53333333333333,9.8,108.125,75.95833333333334,98.0
0459.531,209.39166666666665,12.375,106.0,75.86309523809524,98.00000000000001
0459.563,221.26153846153846,13.438461538461539,104.125,75.76785714285714,98.0
0459.597,231.46666666666664,18.1,103.0,75.66666666666667,98.0
0459.629,228.36666666666667,18.9,101.0,75.57142857142858,98.0
0459.663,220.56666666666666,20.5,101.0,75.4702380952381,98.0
0459.696,211.5769230769231,20.5,100.0,75.37202380952381,98.0
0459.729,203.9375,23.1,99.75,75.27380952380952,98.0
0459.762,194.95,25.246153846153845,98.0,75.17559523809524,98.0
0459.793,184.27500000000003,26.4,97.0,75.08333333333334,98.0
0459.835,174.2,23.733333333333334,96.0,75.0,98.0
0459.868,167.13333333333333,23.833333333333336,96.0,75.0,98.0
0459.900,161.7,23.146153846153847,95.0,75.0,98.0
0459.932,155.25,22.21666666666667,95.0,75.0,98.0
0459.963,136.22307692307692,19.775,96.0,75.0,98.0
0459.996,109.42307692307692,15.4875,95.0,75.0,98.0
0460.028,76.75,10.9,95.0,75.0,98.0
0460.061,32.7,3.8777777777777773,95.0,75.0,98.0
0460.094,-18.9,-3.9000000000000004,95.0,75.0,98.0
0460.135,-87.03333333333333,-10.675,95.0,75.0,98.0
0460.166,-132.0076923076923,-16.383333333333333,95.0,74.94375,98.0
0460.198,-171.27692307692305,-20.115384615384613,95.0,74.74375,98.0
0460.229,-206.52307692307693,-23.333333333333336,96.0,74.55,98.0
0460.261,-242.7,-26.176923076923075,101.5,74.35,98.0
0460.294,-283.7,-29.633333333333333,107.6875,74.14375,98.0
0460.326,-318.6375,-32.35,113.5625,73.94375,98.0
0460.369,-357.975,-32.99166666666667,112.5,73.675,98.0
0460.401,-380.6333333333333,-33.4,108.75,73.475,98.0
0460.434,-399.04999999999995,-33.3,106.6875,73.26875,98.0
0460.467,-416.26666666666665,-35.26923076923077,105.66666666666666,73.0625,98.0
0460.499,-432.83333333333337,-35.5,103.0,73.0,98.0
0460.532,-452.12307692307695,-34.13333333333333,102.0,73.0,98.00000000000001
0460.565,-465.475,-34.792307692307695,101.0,73.0,98.0
0460.597,-475.86923076923074,-34.03333333333333,101.0,73.0,98.0
0460.629,-478.15,-33.766666666666666,100.0,73.0,98.0
0460.662,-468.36923076923074,-31.758333333333333,98.4375,73.0,98.0
0460.696,-445.9,-29.315384615384616,97.3125,73.0,98.0
0460.730,-417.6,-26.183333333333337,96.0,73.0,98.0
0460.765,-387.4,-23.4,95.0,73.0,98.0
0460.797,-362.5692307692308,-21.558333333333334,95.0,73.0,98.0
0460.830,-335.2555555555556,-20.3125,95.0,73.0,97.99999999999999
0460.863,-301.9,-18.8,95.0,73.0,97.99999999999999
0460.894,-273.975,-16.0,95.0,73.0,98.0
0460.926,-239.53750000000002,-13.341666666666665,95.0,73.0,98.0
0460.967,-197.0333333333333,-9.562499999999998,94.375,73.0,98.0
0460.998,-161.33333333333334,-8.361538461538462,94.0,73.0,98.0
0461.032,-93.5,-5.71111111111111,95.0,73.0,98.0
0461.065,-10.850000000000003,-2.5083333333333333,95.0,73.0,98.0
0461.097,64.42307692307693,0.5,96.0,73.0,98.0
0461.129,123.56666666666666,5.092307692307693,101.5,73.0,98.0
0461.161,157.48333333333335,8.158333333333333,107.25,72.98214285714286,98.0
0461.195,180.53333333333336,11.5,110.875,72.93154761904762,98.0
0461.227,193.6153846153846,15.637500000000001,110.125,72.88392857142857,98.0
0461.261,210.7625,19.0,108.0,72.83333333333334,98.0
0461.294,218.95,20.423076923076923,104.9375,72.78422619047619,98.0
0461.340,231.96666666666667,19.924999999999997,103.0625,72.71577380952381,98.0
0461.357,229.47500000000002,19.75,102.0,72.69047619047619,98.0
0461.399,223.27499999999998,22.475,100.375,72.62797619047619,98.0
0461.430,218.8846153846154,25.150000000000002,100.0,72.58184523809524,98.0
0461.463,218.93333333333334,26.507692307692306,100.0,72.5327380952381,98.0
0461.495,218.475,27.508333333333333,99.0,72.48511904761905,98.0
0461.528,214.4,27.28333333333333,97.3125,72.4360119047619,98.0
0461.561,209.66153846153847,27.35833333333333,96.25,72.38690476190476,98.0
0461.603,201.75,27.883333333333333,95.0,72.32440476190476,98.0
0461.628,200.20833333333331,28.200000000000003,95.0,72.28720238095238,98.0
0461.662,196.2,26.230769230769234,95.0,72.23660714285714,98.0
0461.696,188.00833333333335,26.025,95.0,72.1860119047619,98.0
0461.730,182.00000000000003,23.1,95.0,72.13541666666666,98.0
0461.765,180.03846153846155,23.25,96.0,72.08333333333334,98.0
0461.798,170.75,21.866666666666667,96.0,72.03422619047619,98.0
0461.832,157.14999999999998,20.65,95.0,71.96716417910447,98.0
0461.865,136.3,19.2,95.0,71.8686567164179,98.0
0461.897,131.2777777777778,18.275,95.0,71.77313432835821,98.0
0461.931,140.975,17.453846153846154,95.0,71.67164179104478,98.0
0461.963,155.8,16.25,95.0,71.57611940298507,98.0
0461.995,167.81111111111113,13.883333333333333,96.875,71.48059701492537,98.0
0462.035,165.67499999999998,14.1,105.2,71.36119402985074,98.0
0462.066,155.65,11.558333333333334,110.75,71.26865671641792,98.0
0462.099,143.15,9.799999999999999,113.0,71.17014925373134,98.0
0462.133,123.14615384615385,5.7,110.875,71.0686567164179,98.0
0462.166,101.05000000000001,-1.7,107.41176470588235,71.0,98.0
0462.199,79.325,-7.223076923076923,106.0,71.0,98.0
0462.233,56.95,-11.016666666666666,104.1875,71.0,98.0
0462.265,33.830769230769235,-12.8,102.0,71.0,98.0
0462.296,5.033333333333334,-14.23076923076923,101.0,71.0,98.0
0462.328,-31.291666666666664,-17.041666666666664,100.0,71.0,98.0
0462.367,-80.46666666666667,-21.046153846153846,100.0,71.0,98.0
0462.398,-120.2625,-25.10833333333333,98.875,71.0,98.0
0462.431,-159.38888888888889,-26.75,97.8125,71.0,98.0
0462.463,-200.325,-27.084615384615386,96.8125,71.0,98.0
0462.495,-231.4,-24.166666666666664,95.8125,71.0,98.0
0462.527,-253.04999999999998,-21.7,95.0,71.0,98.0
0462.565,-262.34615384615387,-17.1,95.0,71.0,98.0
0462.596,-242.19230769230768,-14.4,95.0,71.0,98.0
0462.628,-213.26666666666665,-9.923076923076923,95.0,71.0,98.0
0462.660,-178.45833333333331,-5.0125,94.0,71.0,98.0
0462.699,-150.0625,0.5166666666666668,94.0,71.0,98.0
0462.730,-128.6076923076923,6.9750000000000005,94.0,71.0,98.0
0462.761,-91.98333333333333,11.507692307692308,94.8125,71.0,98.0
0462.808,-14.9,21.549999999999997,95.0,71.0,98.0
0462.825,19.599999999999998,24.333333333333332,95.0,70.96130952380952,98.00000000000001
0462.867,94.81666666666666,34.875,96.4375,70.83630952380952,98.00000000000001
0462.900,141.81666666666666,40.95,102.3125,70.73809523809524,98.0
0462.933,167.95,45.05384615384615,108.125,70.63988095238095,98.0
0462.964,180.70000000000002,47.63333333333334,112.5,70.54761904761905,98.0
0462.996,180.5,51.0,111.5,70.45238095238095,98.0
0463.028,177.6,52.99230769230769,108.5,70.35714285714286,98.0
0463.061,174.18333333333334,52.38461538461538,105.4375,70.25892857142857,98.0
0463.094,177.51538461538462,49.525,104.0,70.16071428571428,98.0
0463.134,177.24444444444447,46.74545454545455,101.875,70.04166666666667,98.0
0463.167,175.5,53.375,101.0,70.0,98.0
0463.200,161.3,70.14444444444445,101.0,70.0,98.0
0463.233,152.89166666666665,82.8625,100.0,70.0,98.0
0463.266,140.53636363636363,92.37142857142857,99.625,70.0,98.0
0463.297,133.13333333333333,82.5875,98.0,70.0,98.0
0463.329,125.78333333333333,75.48461538461538,97.0,70.0,98.0
0463.361,121.33333333333334,72.6,96.0,70.0,98.0
0463.393,115.375,68.0,95.0,70.0,98.0
0463.434,106.82307692307691,67.17500000000001,95.0,70.0,98.0
0463.465,99.41666666666667,62.47500000000001,95.0,70.0,98.0
0463.497,97.64999999999999,60.238461538461536,95.0,70.0,97.99999999999999
0463.530,93.25,58.825,95.0,70.0,98.0
0463.562,88.11111111111111,56.833333333333336,95.0,70.0,98.0
0463.595,79.625,55.3,95.0,70.0,98.0
0463.635,78.0,54.14615384615384,95.0,70.0,98.0
0463.667,87.04166666666667,53.5,95.0,70.0,98.0
0463.698,116.47692307692307,54.2,95.0,70.0,98.0
0463.730,160.58461538461538,56.383333333333326,95.0,70.0,98.0
0463.762,206.4,75.53846153846155,96.625,70.0,98.0
0463.794,241.0,99.08461538461538,103.9375,70.0,98.0
0463.826,259.1333333333333,120.81666666666666,109.66666666666666,70.0,98.0
0463.869,274.2,130.275,111.0,70.0,98.0
0463.906,281.4461538461539,126.6,108.25,70.0,98.0
0463.939,291.6,125.14615384615384,104.58823529411765,70.0,98.0
0463.968,302.1,124.98461538461538,103.75,70.0,98.0
0464.001,311.73333333333335,122.46666666666667,102.6875,70.0,98.0
0464.035,299.55384615384617,119.15,101.0,70.0,98.0
0464.068,255.0,109.79166666666666,101.0,70.0,98.0
0464.102,193.58333333333331,97.76666666666667,101.0,70.0,98.0
0464.139,119.425,75.4,101.0,70.0,98.0
0464.165,62.684615384615384,58.4,101.0,70.0,98.0
0464.196,4.991666666666667,30.023076923076925,100.5,70.0,98.0
0464.227,-67.075,3.700000000000001,100.0,70.0,98.0
0464.259,-136.12307692307692,-19.866666666666667,100.4375,70.0,98.0
0464.299,-226.46153846153845,-41.75,101.0,70.0,98.0
0464.332,-312.0666666666667,-57.815384615384616,101.0,70.0,98.0
0464.364,-402.975,-73.64999999999999,102.0,70.0,98.0
0464.397,-487.45000000000005,-87.67500000000001,102.0,70.0,98.0
0464.429,-551.1076923076923,-96.68333333333332,101.0,70.0,98.0
0464.461,-599.3,-104.12307692307692,100.0,70.0,98.0
0464.494,-645.3000000000001,-104.36153846153846,98.875,69.99375,98.0
0464.527,-672.9230769230768,-105.45,98.0,69.890625,98.0
0464.568,-696.0222222222222,-106.55000000000001,98.0,69.7625,98.0
0464.599,-694.475,-109.25,97.0,69.665625,98.0
0464.631,-690.9,-108.4888888888889,97.6875,69.565625,98.0
0464.664,-687.05,-104.18461538461538,103.5,69.4625,98.0
0464.696,-683.6111111111112,-96.85,108.5,69.3625,98.0
0464.728,-678.625,-89.2,111.0,69.2625,98.0
0464.760,-665.3000000000001,-83.25384615384615,108.5,69.1625,98.0
0464.795,-648.3,-78.96666666666667,106.0625,69.053125,98.0
0464.826,-625.3461538461538,-75.85000000000001,103.125,69.0,98.0
0464.867,-595.7461538461539,-72.83333333333333,101.5625,69.0,98.00000000000001
0464.899,-563.25,-69.0923076923077,98.5625,69.0,98.0
0464.931,-530.4,-65.675,97.0,69.0,98.0
0464.963,-494.5,-61.96666666666667,97.0,69.0,98.0
0464.996,-456.94615384615383,-61.233333333333334,97.5,69.0,98.0
0465.029,-424.75,-60.4,97.4375,69.0,98.0
0465.062,-396.125,-58.84444444444444,96.0,69.0,98.0
0465.093,-375.575,-54.7375,95.0,69.0,98.0
0465.133,-361.58333333333337,-47.833333333333336,94.0,69.0,98.0
0465.163,-354.73333333333335,-43.31666666666666,94.0,69.0,98.0
0465.196,-350.83333333333337,-39.230769230769226,94.0,69.0,98.0
0465.228,-337.94166666666666,-37.06666666666666,94.0,69.0,97.99999999999999
0465.268,-316.65,-34.300000000000004,94.0,69.0,98.0
0465.298,-305.03076923076924,-32.86666666666667,94.0,69.0,98.0
0465.329,-290.35,-30.95,94.0,69.0,98.0
0465.361,-259.675,-29.407692307692308,94.0,69.0,98.0
0465.393,-219.63333333333333,-25.266666666666666,94.0,69.0,98.0
0465.438,-167.4,-18.733333333333334,94.125,69.0,98.0
0465.464,-143.24166666666667,-14.375,97.5,69.0,98.0
0465.496,-119.72500000000001,-9.6,102.25,69.0,98.0
0465.528,-98.1,-6.6,107.6,69.0,98.0
0465.560,-80.725,-3.9749999999999996,110.0,69.0,98.0
0465.602,-76.46666666666667,-3.05,107.625,69.0,98.0
0465.634,-71.24615384615385,-3.775,104.6,69.0,98.0
0465.664,-65.975,-2.7692307692307696,102.6875,69.0,98.0
0465.696,-57.900000000000006,-3.1,100.6875,69.0,98.0
0465.726,-49.266666666666666,-2.0615384615384613,100.0,69.0,98.0
0465.766,-40.5375,-1.9666666666666668,100.0,69.0,98.0
0465.797,-33.675000000000004,-2.4615384615384612,100.0,69.0,98.0
0465.828,-30.025000000000002,-3.9083333333333328,99.4375,69.0,98.0
0465.860,-18.58888888888889,-5.0,98.0,69.0,98.0
0465.901,-8.330769230769231,-4.566666666666666,97.0,69.0,98.0
0465.934,-6.475,-2.5846153846153843,96.0,69.0,98.0
0465.966,-13.666666666666666,-1.6,96.0,69.0,98.0
0465.999,-21.784615384615382,-0.7,95.75,69.0,98.0
0466.032,-23.54615384615385,-1.25,95.0,69.0,98.0
0466.065,-21.376923076923077,-1.25,95.0,69.0,98.0
0466.097,-21.03333333333333,-1.475,95.0,69.0,98.0
0466.128,-22.55,0.36153846153846153,94.0,69.0,98.0
0466.159,-20.633333333333333,-0.2,94.0,69.0,98.01190476190477
0466.199,23.533333333333335,0.5916666666666667,93.0,69.0,98.13095238095238
0466.230,73.925,0.575,93.0,69.0,98.22321428571428
0466.262,124.55,1.0384615384615383,92.6875,69.0,98.31845238095238
0466.293,137.4625,0.8,93.625,69.0,98.41071428571428
0466.333,91.71666666666667,-5.6,102.375,69.0,98.5297619047619
0466.364,19.050000000000004,-13.95,108.125,69.0,98.62202380952381
0466.397,-76.975,-26.25,110.0,69.0,98.7202380952381
0466.429,-167.03333333333333,-35.900000000000006,107.875,69.0,98.8154761904762
0466.461,-232.5916666666667,-44.275,105.875,69.0,98.91071428571429
0466.493,-293.37692307692305,-48.825,103.0,69.00000000000001,99.00000000000001
0466.532,-358.31538461538463,-53.46666666666667,101.4375,69.0,99.0
0466.563,-403.5333333333333,-55.43076923076923,100.0,69.0,99.0
0466.594,-442.625,-57.016666666666666,99.0,69.0,99.0
0466.626,-475.0230769230769,-57.43333333333334,99.0,69.0,99.0
0466.666,-506.8230769230769,-59.40833333333333,99.0,69.0,99.0
0466.697,-521.1,-61.72307692307692,98.0,69.0,99.0
0466.730,-523.8666666666667,-62.8,97.0,69.0,99.0
0466.763,-518.6,-62.1,96.0,69.0,99.0
0466.795,-511.11538461538464,-59.8875,95.0,69.0,99.0
0466.826,-504.73333333333335,-57.25,95.0,69.0,99.00000000000001
0466.866,-496.9,-50.753846153846155,95.0,69.0,99.0
0466.897,-490.75,-46.61538461538462,95.0,69.0,99.0
0466.928,-477.0692307692308,-43.69166666666666,95.0,69.0,99.0
0466.959,-456.1333333333333,-39.75,95.25,69.0,99.0
0466.998,-419.5333333333334,-35.800000000000004,96.0,69.0,99.0
0467.029,-382.25,-32.91666666666667,96.0,69.0,99.0
0467.060,-337.0,-30.57692307692308,95.5625,69.0,99.0
0467.092,-285.6,-28.85,96.0,69.0,99.0
0467.132,-241.825,-26.183333333333334,101.125,69.0,99.0
0467.164,-213.9,-24.953846153846154,106.125,69.05059523809524,99.0
0467.196,-203.89166666666665,-24.4,109.0625,69.14583333333333,99.0
0467.228,-191.66923076923078,-22.8,108.9375,69.24107142857142,99.0
0467.261,-185.81666666666666,-21.2,106.75,69.33928571428572,99.0
0467.292,-184.925,-19.8625,102.9375,69.43154761904762,99.0
0467.332,-183.88333333333333,-17.95,100.4375,69.55059523809524,99.0
0467.364,-191.60000000000002,-18.875,99.0,69.64583333333333,99.0
0467.396,-190.5625,-19.166666666666664,99.0,69.74107142857143,99.0
0467.428,-196.5,-20.16923076923077,99.0,69.83630952380953,99.0
0467.462,-193.54166666666666,-20.587500000000002,100.0,69.9375,99.0
0467.494,-189.35384615384615,-19.23846153846154,100.0,69.99999999999999,98.99999999999999
0467.525,-186.9923076923077,-17.2,100.58823529411765,70.0,99.0
0467.563,-176.26666666666668,-13.575000000000001,101.0,70.0,99.0
0467.596,-169.46666666666667,-10.715384615384615,101.0,70.0,99.0
0467.629,-158.63333333333335,-8.9,101.0,70.0,99.0
0467.661,-154.8846153846154,-5.5249999999999995,101.0,70.0,99.0
0467.693,-135.40833333333333,-4.166666666666667,101.0,70.0,99.0
0467.732,-122.10833333333332,-1.953846153846154,100.0,70.0,99.0
0467.763,-107.8,-3.5833333333333335,100.0,70.0,99.0
0467.796,-96.82222222222222,-4.775,99.0,70.0,99.0
0467.829,-75.9,-4.316666666666666,98.0,70.0,99.0
0467.861,-42.5625,-4.1,97.0,70.0,99.0
0467.900,-3.2749999999999995,-1.3230769230769233,96.0,70.0,99.0
0467.931,30.325000000000003,-1.4916666666666667,97.125,70.0,99.0
0467.964,56.84615384615384,-1.4846153846153847,101.35294117647058,70.0,99.0
0467.998,77.8,-3.7333333333333334,107.5625,70.0,99.0
0468.030,83.31666666666668,-3.4615384615384617,113.0,70.0,99.0
0468.061,80.43076923076924,-2.375,112.875,70.0,99.0
0468.094,72.2,2.0666666666666664,108.625,70.0,99.0
0468.140,63.45384615384616,4.6,104.9375,70.0,99.0
0468.166,60.766666666666666,6.416666666666667,104.0,70.0,99.0
0468.200,66.125,7.353846153846154,102.1875,70.0,99.0
0468.233,68.05,5.958333333333333,101.0,70.0,99.0
0468.264,66.0,5.9,101.0,70.0,99.0
0468.296,59.27499999999999,4.177777777777778,101.0,70.0,99.0
0468.327,51.858333333333334,5.4375,100.25,70.0,99.0
0468.366,49.0875,6.191666666666667,96.8125,70.0,99.0
0468.399,46.2,9.838461538461539,95.75,70.0,99.0
0468.431,46.175,10.0,94.0,70.0,99.0
0468.463,47.45,12.633333333333335,93.75,70.0,99.0
0468.495,50.87777777777778,14.225,93.0,70.0,99.0
0468.527,57.25,16.29230769230769,93.0,70.0,99.0
0468.566,63.76249999999999,18.066666666666666,93.0,70.0,99.0
0468.598,70.425,19.16923076923077,93.0,70.0,99.0
0468.630,85.26666666666667,17.991666666666667,93.0,70.0,99.0
0468.662,115.61538461538461,18.6,92.0,70.0,99.0
0468.693,147.35,17.788888888888888,92.0,70.0,99.0
0468.735,196.0,19.638461538461538,94.25,70.0,99.0
0468.766,216.28333333333333,20.75,97.5625,70.0,99.0
0468.798,232.30769230769232,22.25,103.5625,70.0,99.0
0468.829,238.0,23.815384615384612,111.0,70.05373134328359,98.94626865671641
0468.860,230.10000000000002,25.01666666666667,110.9375,70.14626865671642,98.85373134328358
0468.902,223.975,24.433333333333334,106.3125,70.27164179104477,98.72835820895521
0468.933,211.95,22.616666666666667,104.375,70.36417910447761,98.63582089552239
0468.965,206.8769230769231,20.433333333333337,102.375,70.4597014925373,98.5402985074627
0468.997,204.4666666666667,20.2,100.375,70.55522388059701,98.44477611940299
0469.029,200.625,21.384615384615383,100.0,70.65074626865672,98.34925373134328
0469.061,200.8846153846154,21.400000000000002,100.0,70.74626865671641,98.25373134328358
0469.093,196.5,20.7,101.0,70.84179104477612,98.15820895522388
0469.125,189.91666666666663,21.1,100.0,70.93731343283582,98.06268656716418
0469.165,187.6,20.15555555555556,97.8125,71.0,98.0
0469.197,181.9230769230769,20.4375,96.8125,71.0,98.0
0469.229,170.63076923076923,18.4,94.8125,71.0,98.0
0469.260,166.875,16.7,94.0,71.0,98.0
0469.299,178.22500000000002,18.338461538461537,94.0,71.0,98.0
0469.332,205.49999999999997,21.76666666666667,94.625,71.0,98.0
0469.367,223.99166666666665,28.65,95.0,71.0,98.0
0469.399,227.23846153846154,51.166666666666664,95.0,71.0,98.0
0469.431,220.66666666666666,69.46666666666667,95.0,71.0,98.0
0469.463,221.14999999999998,82.93846153846154,93.1875,71.0,98.0
0469.496,229.75,81.35,92.125,71.0,98.04166666666667
0469.528,252.4666666666667,76.45,92.0,71.0,98.13690476190477
0469.561,273.9916666666667,75.725,94.9375,71.0,98.23511904761904
0469.601,306.54999999999995,77.25,101.75,71.0,98.35416666666666
0469.635,313.19166666666666,77.58333333333333,110.0,71.0,98.45535714285714
0469.667,316.54999999999995,74.81538461538462,111.0,71.0,98.55059523809524
0469.700,314.05,72.53333333333333,107.4,71.0,98.64880952380952
0469.731,306.75,69.6,105.46666666666667,71.0,98.74107142857142
0469.763,300.9333333333334,67.73333333333333,103.4375,71.0,98.83630952380952
0469.795,291.59999999999997,67.12307692307692,101.4375,71.0,98.93154761904762
0469.828,283.2076923076923,64.78333333333333,100.375,71.0,99.00000000000001
0469.861,273.0076923076923,62.66666666666667,100.6875,71.0,99.0
0469.900,257.83333333333337,58.224999999999994,101.0,71.0,99.0
0469.932,247.675,55.66923076923077,100.875,71.0,99.0
0469.964,238.33333333333331,54.6,100.0,71.0,99.0
0469.998,230.34615384615384,55.33333333333333,99.0,71.0,99.0
0470.030,220.4125,52.9,97.75,71.0,99.0
0470.061,213.3375,53.11538461538461,97.0,71.0,99.0
0470.102,200.17499999999998,47.353846153846156,97.0,71.0,99.0
0470.135,188.17499999999998,42.7,96.1875,71.0,99.0
0470.166,165.73846153846154,37.84166666666666,96.0,71.0,99.0
0470.197,142.66666666666669,30.246153846153845,96.0,71.0,99.0
0470.228,106.9,20.116666666666667,96.0,71.0,99.0
0470.261,75.28461538461538,6.883333333333333,95.0,71.0,99.0
0470.301,43.50769230769231,-9.025,95.0,71.0,99.0
0470.331,17.758333333333333,-20.075,96.0625,71.0,99.0
0470.364,-17.808333333333334,-30.85384615384615,99.375,71.0,99.0
0470.397,-55.75384615384615,-40.224999999999994,105.5625,71.0,99.0
0470.429,-93.33846153846154,-46.50000000000001,111.1875,71.0,99.0
0470.462,-122.625,-50.93333333333333,111.75,71.0,99.0
0470.494,-143.88333333333335,-51.05833333333334,107.75,71.0125,98.9875
0470.539,-153.36666666666667,-47.983333333333334,104.9375,71.153125,98.84687500000001
0470.564,-156.35000000000002,-45.099999999999994,103.375,71.23125,98.76875
0470.596,-155.93846153846152,-40.40833333333333,100.375,71.33125,98.66874999999999
0470.628,-153.79166666666666,-36.6,100.0,71.43125,98.56875
0470.660,-143.7,-33.3,100.0,71.53125,98.46875
0470.701,-125.55,-28.4,100.0,71.659375,98.34062499999999
0470.733,-120.86666666666667,-26.037499999999998,98.8125,71.759375,98.240625
0470.766,-120.15,-23.558333333333334,97.75,71.8625,98.1375
0470.798,-119.875,-21.376923076923077,96.75,71.96249999999999,98.0375
0470.831,-116.47500000000001,-19.441666666666666,95.0,72.0,98.0
0470.865,-101.86153846153847,-18.466666666666665,94.5625,72.0,98.00000000000001
0470.897,-86.25384615384615,-18.0,94.0,72.0,98.0
0470.930,-73.26666666666668,-17.66923076923077,94.0,72.0,98.0
0470.963,-55.233333333333334,-14.876923076923077,94.5625,72.0,98.0
0470.996,-43.10000000000001,-11.7,95.0,72.0,98.0
0471.028,-13.007692307692308,-6.916666666666666,95.0,72.0,98.0
0471.060,28.175000000000004,-5.0,95.0,72.0,98.0
0471.101,87.46666666666665,0.8500000000000001,95.1875,72.0,98.0
0471.134,124.35384615384615,4.983333333333333,99.5,72.0,98.0
0471.165,143.75384615384615,7.800000000000001,104.5625,72.02831594634873,98.0
0471.196,153.73333333333335,9.725,109.25,72.07451564828614,98.0
0471.227,156.14999999999998,12.653846153846153,111.9375,72.12071535022355,98.0
0471.267,154.75833333333333,13.744444444444444,109.4375,72.18032786885246,98.0
0471.297,149.81538461538463,14.066666666666666,105.5625,72.22503725782414,98.0
0471.327,142.5666666666667,11.708333333333332,104.0,72.26974664679582,98.0
0471.366,124.75,9.700000000000001,102.1875,72.32786885245902,98.0
0471.399,96.56666666666668,5.907692307692308,101.0,72.37704918032787,98.0
0471.430,61.76153846153846,-0.2,100.1875,72.42324888226528,98.0
0471.461,19.141666666666666,-5.7749999999999995,100.0,72.46944858420268,98.0
0471.500,-35.40833333333333,-20.16666666666667,99.8125,72.52757078986588,98.0
0471.531,-89.425,-28.776923076923076,97.93333333333334,72.57377049180329,98.0
0471.563,-151.56666666666666,-37.25,96.9375,72.6214605067064,98.0
0471.595,-216.75714285714287,-41.875,96.0,72.66915052160954,98.0
0471.641,-296.975,-49.150000000000006,96.0,72.73770491803279,98.0
0471.667,-333.2666666666667,-51.86666666666667,95.0,72.77645305514157,98.0
0471.700,-361.33333333333337,-55.69230769230769,95.0,72.82563338301043,98.0
0471.733,-380.1,-57.333333333333336,95.0,72.87481371087928,98.0
0471.766,-389.2,-57.26666666666667,95.0,72.92399403874813,98.0
0471.797,-391.675,-53.95,95.0,72.97019374068554,98.0
0471.828,-380.0833333333333,-48.900000000000006,95.0,73.0326409495549,98.0
0471.869,-339.8625,-41.65,95.0,73.15430267062314,98.0
0471.900,-290.4333333333334,-33.44166666666666,95.375,73.24629080118694,98.0
0471.930,-244.87692307692308,-28.53333333333333,100.1875,73.3353115727003,98.0
0471.962,-199.3,-21.23076923076923,106.1875,73.43026706231454,98.0
0471.994,-162.86153846153846,-18.333333333333332,110.0625,73.52522255192878,98.0
0472.035,-136.4,-13.525,109.375,73.64688427299703,98.0
0472.067,-120.87692307692308,-12.4,107.375,73.74183976261128,98.0
0472.099,-111.25384615384615,-10.055555555555554,105.0,73.83679525222553,98.0
0472.131,-98.33333333333334,-9.850000000000001,104.0,73.93175074183976,98.0
0472.163,-85.55384615384615,-8.6625,102.4375,74.0,98.0
0472.196,-79.7,-7.7749999999999995,100.375,74.0,98.0
0472.229,-79.5,-7.425,100.0,74.0,98.0
0472.261,-72.425,-6.561538461538461,100.0,74.0,98.0
0472.301,-63.050000000000004,-6.216666666666666,98.8125,74.0,98.0
0472.333,-57.63333333333334,-3.1750000000000003,96.8125,74.0,98.0
0472.365,-51.5125,-2.0,96.0,74.0,98.0
0472.398,-36.475,0.46923076923076923,95.0,74.0,98.0
0472.431,-24.525,2.45,95.0,74.0,98.0
0472.463,-9.225,3.5999999999999996,95.0,74.0,98.0
0472.495,-13.233333333333334,5.625,94.0,74.0,98.0
0472.527,-16.075,6.466666666666667,94.3125,74.0,97.99999999999999
0472.560,-19.01538461538462,8.0875,95.0,74.00000000000001,98.0
0472.601,-19.153846153846153,8.05,94.0,74.0,97.99999999999999
0472.633,-2.75,6.366666666666667,93.0625,74.0,98.0
0472.664,30.45,5.084615384615385,93.0,74.0,98.0
0472.696,74.10769230769232,7.6,93.875,74.0,97.99999999999999
0472.728,113.07692307692307,11.191666666666666,95.875,74.0,98.0
0472.760,142.675,15.549999999999999,104.5,74.0,98.0
0472.801,165.29999999999998,17.733333333333334,110.875,74.0,98.0
0472.833,175.45,18.584615384615386,112.5625,74.0,98.0
0472.865,179.0230769230769,18.116666666666667,110.51612903225806,74.0,98.0
0472.897,182.2076923076923,19.0,108.0,74.0,98.0
0472.929,190.86666666666665,20.25,106.5,74.0,98.0
0472.961,194.68333333333334,25.3375,104.52941176470588,74.0,98.0
0473.002,193.64999999999998,27.1125,102.0,74.0,98.0
0473.034,187.9230769230769,28.449999999999996,101.0,74.0,98.0
0473.064,175.0,27.700000000000003,100.0,74.0,98.0
0473.095,165.98333333333335,28.384615384615383,99.125,74.0,98.0
0473.139,149.575,30.50769230769231,97.4,74.0,98.0
0473.165,145.4,30.983333333333334,96.75,73.99999999999999,98.0
0473.199,137.77692307692308,32.875,96.0,74.0,98.0
0473.231,130.92499999999998,33.916666666666664,95.0,74.0,98.0
0473.264,126.95,34.55384615384615,95.0,74.0,98.0
0473.295,127.73333333333332,34.949999999999996,95.0,74.0,98.0
0473.335,124.50769230769231,41.099999999999994,95.0,74.0,98.0
0473.368,117.525,62.7,95.0,74.0,98.0
0473.399,111.95,79.075,94.0,74.0,98.0
0473.431,112.10000000000001,92.35,94.0,74.0,98.0
0473.462,120.45384615384616,87.8,94.0,74.0,98.0
0473.494,140.6,79.33333333333333,94.0,74.0,98.00000000000001
0473.539,157.9,73.89999999999999,95.625,74.0,98.0
0473.568,167.06666666666666,70.6,99.3125,74.0,98.0
0473.600,158.3923076923077,61.25,105.3125,74.0,98.0
0473.632,141.7153846153846,52.3,111.4375,74.0,98.0
0473.665,109.57499999999999,40.15,111.0,74.0,98.0
0473.697,69.05,29.8,108.5,74.0,98.0
0473.728,26.507692307692313,17.3,106.5625,74.0,98.0
0473.762,-24.684615384615384,1.5307692307692307,105.4375,74.0,98.0
0473.793,-66.7,-11.799999999999999,102.5,74.0,98.0
0473.832,-121.06666666666668,-25.5,101.0625,74.0,98.0
0473.864,-172.95,-33.6875,101.0,74.0,98.0
0473.896,-238.45555555555558,-39.95,101.0,74.0,98.0
0473.928,-306.75,-45.275,100.0,74.0,98.0
0473.960,-371.175,-51.776923076923076,98.0625,74.0,98.0
0474.002,-434.83333333333337,-56.97692307692308,97.0,74.0,98.0
0474.034,-469.74615384615385,-63.16666666666667,96.0,74.0,98.0
0474.066,-497.3666666666666,-65.63333333333334,96.0,74.0,98.0
0474.096,-520.8666666666667,-68.775,96.0,74.0,98.0
0474.129,-541.9000000000001,-70.79230769230769,96.0,74.0,98.0
0474.161,-562.7846153846153,-71.65,96.0,74.0,97.99999999999999
0474.194,-586.1666666666666,-72.0,95.4375,74.0,98.0
0474.240,-607.7307692307692,-70.66666666666667,95.0,74.0,98.0
0474.267,-611.05,-70.26666666666667,94.0,74.0,98.0
0474.300,-605.7,-70.08461538461539,94.0,74.0,98.0
0474.331,-587.2666666666667,-68.44999999999999,94.0,74.0,98.0
0474.362,-562.0,-66.28333333333335,94.0,74.0,98.0
0474.396,-536.1999999999999,-62.2,95.1875,74.0,98.0
0474.429,-511.7416666666666,-60.45384615384616,101.75,74.0,98.0
0474.462,-485.0,-59.925000000000004,106.9375,74.0,98.0
0474.494,-456.80000000000007,-56.13333333333333,111.0,74.00000000000001,98.0
0474.533,-410.70000000000005,-51.25,109.25,74.0,98.0
0474.564,-373.9875,-44.9,107.3125,74.0,98.0
0474.597,-336.68749999999994,-43.45384615384615,104.25,74.0,98.0
0474.629,-304.6,-41.8,103.25,74.0,98.0
0474.662,-278.7692307692308,-41.8,100.1875,74.0,98.0
0474.695,-250.7,-39.6,100.0,74.0,98.0
0474.728,-224.44166666666663,-36.8,100.0,74.0,98.0
0474.759,-195.64444444444442,-32.6125,99.0,74.0,98.0
0474.799,-158.93076923076922,-26.549999999999997,97.625,74.0,98.0
0474.831,-122.2,-24.191666666666663,96.0,74.0,98.0
0474.863,-85.13333333333333,-20.700000000000003,95.625,73.99999999999999,98.0
0474.897,-43.75,-17.055555555555557,95.0,74.0,98.0
0474.930,-11.833333333333334,-12.65,95.0,74.0,98.0
0474.962,25.544444444444444,-8.566666666666666,95.0,74.0,98.0
0474.993,53.56666666666667,-5.730769230769231,95.0,74.0,98.0
0475.033,77.10000000000001,-3.3384615384615386,96.0,74.0,98.0
0475.066,91.39999999999999,0.8384615384615386,95.9375,74.0,98.0
0475.098,106.6888888888889,4.65,95.0,74.0,98.0
0475.131,132.06923076923078,7.949999999999999,94.0,74.0,98.0
0475.163,162.95,9.524999999999999,94.0,73.99999999999999,98.0
0475.197,201.75833333333333,11.607692307692307,94.25,74.0,98.0
0475.230,231.875,15.608333333333333,97.3125,74.0,98.0
0475.261,248.9923076923077,18.999999999999996,101.75,74.0,98.0
0475.294,260.35,20.5375,107.625,74.0,98.0
0475.334,260.9,23.4,112.0,74.0,98.0
0475.364,253.88333333333333,22.866666666666667,110.3125,74.0,98.0
0475.396,250.29999999999998,21.808333333333334,107.3125,74.0,98.0
0475.426,246.4875,20.100000000000005,106.4375,74.0,98.0
0475.467,236.87499999999997,18.85,103.0,74.0,98.0
0475.498,228.34166666666664,19.56923076923077,101.875,74.0,98.00000000000001
0475.530,214.4,20.666666666666668,101.0,74.0,98.0
0475.563,204.8,20.5,100.0,74.0,98.0
0475.597,192.36666666666665,18.725,100.0,74.0,98.0
0475.631,174.96666666666664,15.646153846153846,98.0,74.0,98.0
0475.664,159.88333333333333,12.525,97.0,74.0,98.0
0475.696,137.23846153846154,10.200000000000001,96.0,74.0,98.0
0475.728,110.96666666666667,6.1125,95.0,74.0,98.0
0475.760,83.8,1.55,94.5,74.0,98.0
0475.794,41.43333333333334,-4.300000000000001,94.0,74.0,98.0
0475.827,0.40000000000000013,-10.0,94.0,73.98909811694746,98.0
0475.868,-55.15384615384616,-17.9,95.0,73.94846382556987,98.0
0475.907,-123.72222222222223,-23.566666666666666,95.0,73.90981169474728,98.0
0475.924,-154.55,-24.992307692307694,94.25,73.89296333002973,98.0
0475.966,-234.2,-28.676923076923075,94.0,73.85133795837463,98.0
0475.999,-275.83076923076925,-31.51666666666667,94.0,73.81863230921705,98.0
0476.031,-298.92499999999995,-33.708333333333336,94.0,73.78691774033697,98.0
0476.062,-313.2,-36.11538461538461,94.0,73.7561942517344,98.0
0476.095,-317.4,-36.9,94.4375,73.72348860257681,98.0
0476.127,-328.1,-37.3125,99.875,73.69177403369673,98.0
0476.166,-343.9,-38.383333333333326,107.625,73.65312190287413,98.0
0476.197,-359.8,-39.275,111.625,73.62239841427156,98.0
0476.229,-371.0,-40.650000000000006,111.1875,73.59068384539148,98.0
0476.261,-375.3666666666667,-41.01666666666667,109.1875,73.55896927651139,98.0
0476.293,-376.4384615384615,-40.175000000000004,106.1875,73.52725470763133,98.0
0476.327,-379.42499999999995,-38.78333333333334,105.0,73.49355797819624,98.0
0476.361,-377.9333333333334,-39.04615384615384,101.9375,73.45986124876114,98.0
0476.395,-378.0583333333333,-37.7,100.8125,73.42616451932606,98.0
0476.427,-372.8666666666667,-37.2,100.0,73.39444995044599,98.0
0476.467,-357.5,-34.541666666666664,99.3125,73.35480673934589,98.0
0476.497,-339.1,-33.233333333333334,99.0,73.32507433102082,98.0
0476.529,-309.5,-30.25,97.0,73.29335976214074,98.0
0476.563,-281.925,-27.06666666666667,96.0,73.25966303270565,98.0
0476.594,-254.975,-22.976923076923075,95.0,73.22893954410307,98.0
0476.626,-224.65,-19.733333333333334,94.4375,73.197224975223,98.0
0476.667,-188.06666666666666,-15.425,94.0,73.1565906838454,98.0
0476.698,-159.03846153846155,-14.3,94.0,73.12586719524282,98.0
0476.728,-126.25,-11.35,94.0,73.09613478691774,98.0
0476.760,-96.29166666666666,-8.2,94.0,73.06442021803765,98.0
0476.800,-63.0,-1.946153846153846,94.0,73.02477700693755,98.0
0476.831,-33.0,2.8692307692307693,94.0,73.0,98.0
0476.865,7.0,7.333333333333334,94.0,73.0,98.0
0476.899,61.83333333333333,13.2,94.0,73.0,98.0
0476.931,101.4,16.846153846153847,94.6875,73.0,98.0
0476.963,132.75,21.05,95.6875,73.0,98.0
0476.996,149.0,24.84166666666667,100.46666666666667,73.0,98.0
0477.028,167.77499999999998,26.124999999999996,106.25,73.0,98.0
0477.061,187.49999999999997,29.5,110.8125,73.0,98.0
0477.092,199.53333333333336,32.125,111.25,73.0,98.0
0477.133,210.45,36.86666666666666,108.6875,73.0,98.0
0477.163,216.2923076923077,39.650000000000006,105.8125,73.0,98.0
0477.197,226.06923076923078,43.1,104.0,73.0,98.0
0477.229,239.3,46.72307692307692,101.66666666666667,73.0,98.0
0477.260,240.59230769230768,48.21538461538461,100.6875,73.0,98.0
0477.302,241.7,49.824999999999996,100.0,73.0,98.0
0477.335,233.42499999999998,49.22500000000001,99.0,73.0,98.0
0477.369,226.9923076923077,48.9,98.9375,73.0,98.0
0477.400,218.29166666666669,46.983333333333334,97.0,73.0,98.0
0477.432,217.85,47.041666666666664,97.0,73.0,98.0
0477.463,211.60000000000002,47.0,96.0,73.0,98.0
0477.496,203.06153846153848,44.7,95.0,73.0,98.0
0477.528,192.25384615384615,43.8,95.0,73.0,98.0
0477.560,177.725,39.975,95.0,73.0,97.99999999999999
0477.594,166.5666666666667,38.044444444444444,95.0,73.0,98.0
0477.635,152.7,36.392307692307696,95.0,73.0,98.0
0477.667,142.0111111111111,33.425,94.3125,73.0,98.0
0477.698,128.95,33.9875,94.0,73.0,98.0
0477.729,116.1,34.0,94.0,73.0,98.0
0477.759,108.8875,32.8,94.0,73.0,98.0
0477.798,109.43333333333332,31.769230769230766,94.0,73.0,98.0
0477.829,120.4,28.691666666666663,94.0,72.96130952380953,98.00000000000001
0477.860,132.86666666666667,28.638461538461538,94.0,72.86904761904762,98.0
0477.901,140.0,27.975,97.625,72.74702380952381,98.0
0477.933,140.93333333333334,28.3,103.17647058823529,72.65178571428572,98.0
0477.966,135.33333333333331,26.85,111.375,72.55357142857142,98.0
0477.999,118.22307692307692,23.03846153846154,112.5625,72.45535714285714,98.0
0478.032,91.9076923076923,14.515384615384615,109.5,72.35714285714286,98.0
0478.066,57.43076923076923,4.7,107.375,72.25595238095238,98.0
0478.098,19.6,-4.1125,105.375,72.16071428571429,98.0
0478.131,-17.0,-12.711111111111112,103.3125,72.0625,98.0
0478.164,-63.0,-22.6,102.0,72.0,98.0
0478.197,-124.94615384615386,-29.633333333333336,101.0,72.0,98.0
0478.229,-191.4,-38.025000000000006,100.1875,72.0,98.0
0478.262,-255.2333333333333,-42.86923076923077,100.0,72.0,98.00000000000001
0478.294,-315.53846153846155,-47.4,100.0,72.0,98.0
0478.334,-385.3333333333333,-51.52307692307692,98.625,72.0,98.0
0478.367,-432.5,-54.41666666666667,97.0,72.0,98.0
0478.401,-478.04999999999995,-54.14166666666667,97.0,72.0,98.0
0478.434,-518.1500000000001,-55.38461538461539,96.0,72.0,98.0
0478.467,-558.6444444444445,-56.2,96.0,72.0,98.0
0478.499,-591.5,-55.9875,96.0,72.0,98.0
0478.531,-619.6,-57.77499999999999,96.0,72.0,98.0
0478.564,-633.65,-60.34444444444445,96.0,72.0,98.0
0478.596,-638.8307692307692,-61.599999999999994,95.25,72.0,98.0
0478.629,-642.5,-62.05,95.0,72.0,98.0
0478.661,-635.5166666666667,-59.79166666666666,95.0,72.0,98.0
0478.701,-607.55,-57.7,94.0,72.0,98.0
0478.733,-569.1,-56.5,94.0,72.0,98.0
0478.764,-530.5,-53.7,94.25,72.0,98.0
0478.796,-490.87500000000006,-50.55,95.25,72.0,98.0
0478.827,-457.1,-47.323076923076925,100.5625,71.99059561128526,98.0
0478.868,-398.8,-43.28461538461538,107.5,71.86206896551724,98.0
0478.899,-365.0615384615385,-40.815384615384616,110.0,71.76489028213166,98.0
0478.933,-323.62307692307695,-38.275,108.1875,71.65830721003135,98.0
0478.967,-286.025,-35.86666666666667,105.0625,71.55172413793103,98.0
0478.999,-257.23333333333335,-33.675,104.0,71.45141065830721,98.0
0479.030,-233.26923076923077,-30.23333333333333,103.0,71.35423197492163,98.0
0479.062,-211.6,-25.875,103.0,71.25391849529781,98.0
0479.093,-192.2666666666667,-23.275,102.1875,71.15673981191223,98.0
0479.140,-160.65,-18.675,102.0,71.00940438871474,98.0
0479.167,-147.8,-16.8,102.0,70.96428571428572,98.0
0479.200,-135.7,-14.566666666666668,101.0,70.91517857142857,98.0
0479.235,-126.29230769230769,-9.4,100.0,70.86309523809524,98.00000000000001
0479.268,-113.275,-6.9,99.23529411764706,70.81398809523809,98.0
0479.301,-95.57499999999999,-3.3,99.0,70.76488095238095,98.0
0479.332,-80.70769230769231,-3.7,99.0,70.71875,98.0
0479.364,-71.88333333333333,-1.1666666666666667,98.0,70.67113095238095,98.0
0479.396,-63.39999999999999,-0.3769230769230769,98.0,70.62351190476191,98.0
0479.428,-55.738461538461536,1.7999999999999998,98.0,70.57589285714286,98.0
0479.461,-39.63333333333334,4.0,97.0,70.52678571428572,98.0
0479.493,-23.4,7.366666666666666,97.0,70.47916666666666,98.0
0479.534,14.925,9.35,97.0,70.41815476190476,98.0
0479.567,66.3375,10.533333333333335,96.75,70.36904761904762,98.0
0479.599,119.42307692307692,13.299999999999999,96.0,70.32142857142857,98.0
0479.630,165.5846153846154,16.450000000000003,96.0,70.27529761904762,98.0
0479.663,197.86666666666665,20.666666666666668,98.0,70.22619047619048,98.0
0479.695,210.1,23.453846153846158,102.5,70.17857142857143,98.0
0479.735,217.2166666666667,25.76153846153846,111.0,70.11904761904762,98.0
0479.768,217.6384615384615,27.558333333333337,111.9375,70.06994047619047,98.0
0479.800,217.85,27.033333333333335,107.875,70.02232142857143,98.0
0479.834,211.93333333333334,26.508333333333333,104.625,70.0,98.0
0479.867,207.0,21.8,101.75,70.0,98.0
0479.900,197.55555555555554,19.2,99.6875,70.0,98.0
0479.933,190.075,17.1,98.625,70.0,98.0
0479.967,183.975,16.866666666666667,97.0,70.0,98.0
0480.002,182.5,16.325,96.0,70.0,98.0
0480.026,182.2,15.625,94.8125,70.0,98.0
0480.067,171.53333333333336,14.416666666666668,94.0,70.0,98.0
0480.099,161.20833333333334,13.816666666666666,93.0,70.0,98.0
0480.131,149.4,12.838461538461539,92.25,70.0,98.0
0480.164,141.85384615384612,14.433333333333334,92.8125,70.0,98.00000000000001
0480.195,140.3153846153846,14.4,93.0,70.0,98.0
0480.227,137.3,14.0,93.0,70.0,98.0
0480.267,157.90833333333333,10.0,93.0,70.0,98.0
0480.300,186.54615384615386,9.123076923076923,93.0,70.0,98.0
0480.332,222.4153846153846,11.207692307692309,94.0,70.0,98.0
0480.363,247.20000000000002,14.8,94.0,70.0,98.0
0480.396,272.0,17.7,94.3125,70.0,98.0
0480.428,289.25,20.73076923076923,95.0,70.0,98.0
0480.467,322.30000000000007,24.888888888888893,95.0,70.0,98.0
0480.498,332.45,28.29230769230769,96.6875,70.0,98.0
0480.531,338.2,41.833333333333336,102.375,70.0,98.0
0480.564,341.26666666666665,56.53846153846153,107.625,70.0,98.0
0480.596,331.8538461538461,67.10000000000001,110.0,70.0,98.0
0480.628,330.53333333333336,71.76666666666667,109.1875,70.0,98.0
0480.660,326.38461538461536,67.31666666666666,107.1875,70.0,98.0
0480.701,326.2153846153846,63.35,102.625,70.0,98.0
0480.733,334.34999999999997,60.599999999999994,100.625,70.0,98.0
0480.766,354.6666666666667,60.38333333333333,99.0,70.0,98.0
0480.798,375.6333333333333,59.77692307692308,99.0,70.0,98.0
0480.832,404.63846153846157,59.02307692307693,100.0,70.0,98.0
0480.864,412.7692307692308,57.75,100.0,70.0,98.0
0480.896,420.05,56.9,99.4375,70.0,98.0
0480.927,415.39166666666665,58.44615384615385,96.5,70.0,98.0
0480.968,393.16666666666663,60.51111111111111,94.0,70.0,98.0
0481.001,352.1153846153846,61.083333333333336,93.0,70.0,98.0
0481.039,285.5692307692308,54.7,93.0,70.0,98.0
0481.066,236.9875,47.6,94.0,70.0,98.0
0481.099,165.7,35.761538461538464,94.25,70.0,98.0
0481.130,99.46923076923076,24.299999999999997,95.0,70.0,98.0
0481.164,18.325,12.25,96.0,70.0,98.0
0481.197,-57.55,0.3999999999999999,96.0,70.0,98.0
0481.230,-121.55000000000001,-11.446153846153846,96.4375,70.0,98.0
0481.263,-180.35384615384615,-20.34166666666667,97.0,70.0,98.0
0481.296,-241.4666666666667,-24.0125,97.5625,70.0,98.0
0481.327,-307.8666666666667,-28.4625,101.0,70.0,98.0
0481.359,-378.4083333333333,-33.0,106.5,70.0,98.0
0481.406,-464.15,-39.475,116.4375,70.0,98.0
0481.424,-494.5615384615385,-41.4,117.0,70.0,98.0
0481.465,-541.7375,-45.06666666666667,112.875,70.0,98.0
0481.497,-574.75,-48.08333333333333,109.86666666666667,70.0,98.0
0481.529,-610.3875,-51.669230769230765,107.8125,70.0,98.0
0481.561,-644.5461538461539,-56.1,104.86666666666667,70.0,98.0
0481.594,-672.4375,-62.4,103.0,70.0,98.0
0481.634,-693.1500000000001,-67.125,103.0,70.0,98.0
0481.666,-690.175,-68.9,103.75,70.0,98.0
0481.696,-683.2692307692307,-67.67500000000001,104.0,70.0,98.0
0481.727,-668.9076923076923,-66.5,102.47058823529412,70.0,98.0
0481.766,-653.8666666666667,-61.63333333333333,101.05882352941177,70.0,98.0
0481.797,-635.225,-57.599999999999994,99.0625,70.0,98.0
0481.829,-613.8000000000001,-54.46153846153847,98.0625,70.0,98.0
0481.862,-585.1307692307691,-51.0,98.0,70.0,97.99999999999999
0481.895,-551.5500000000001,-48.599999999999994,98.0,70.0,98.0
0481.926,-520.5916666666666,-45.7,98.0,70.0,98.0
0481.967,-471.45000000000005,-40.21666666666667,98.0,70.0,98.0
0482.000,-418.0857142857143,-34.7,97.0,70.0,98.0
0482.033,-355.59999999999997,-30.783333333333335,95.375,70.0,98.0
0482.065,-292.73333333333335,-26.275,95.0,70.0,98.0
0482.097,-238.51538461538462,-21.638461538461538,95.0,70.0,98.0
0482.128,-187.23333333333335,-16.766666666666666,98.125,70.0,98.0
0482.160,-140.15,-11.383333333333333,103.6875,70.0,98.0
0482.193,-100.25,-4.933333333333333,109.625,70.0,98.0
0482.238,-52.449999999999996,0.8307692307692307,108.125,70.0,98.0
0482.263,-30.7,3.5000000000000004,105.0,70.0,98.0
0482.293,1.2499999999999984,4.766666666666667,101.125,70.0,98.0
0482.333,35.96666666666667,5.075,99.0,70.0,98.0
0482.365,54.349999999999994,3.3249999999999997,99.375,70.0,98.0
0482.397,71.83076923076922,3.2,100.375,70.0,98.0
0482.429,88.9,4.45,103.0,70.0,98.0
0482.462,106.9,5.199999999999999,101.5625,70.0,98.0
0482.493,119.1,6.292307692307692,99.625,70.0,98.0
0482.533,133.16153846153844,6.184615384615385,97.0,70.0,98.00000000000001
0482.564,140.7833333333333,7.883333333333333,97.0,70.0,98.0
0482.594,148.03333333333333,8.283333333333335,96.0,70.0,98.0
0482.634,144.70000000000002,10.15,96.0,70.0,98.0
0482.667,147.0,10.338461538461537,96.0,70.0,98.0
0482.699,143.9,9.7875,96.0,70.0,98.0
0482.731,144.86666666666667,8.35,95.0,70.0,98.0
0482.763,145.2,8.525,94.0,70.0,98.0
0482.798,152.95,7.5,94.0,70.0,98.0
0482.831,172.36923076923077,7.8999999999999995,94.0,70.02507836990596,98.0
0482.864,199.27499999999998,7.05,94.0,70.12852664576802,98.0
0482.897,233.10833333333335,7.45,94.0,70.2319749216301,98.0
0482.930,249.925,13.015384615384615,96.75,70.33542319749216,98.0
0482.964,258.2692307692308,15.469230769230768,102.625,70.44200626959247,98.0
0482.996,258.2769230769231,19.333333333333332,109.75,70.5423197492163,98.0
0483.028,255.84615384615387,21.7,110.0,70.64263322884013,98.0
0483.060,253.85000000000002,23.858333333333334,107.25,70.74294670846395,98.0
0483.094,251.2375,24.046153846153846,104.0,70.84952978056427,98.0
0483.140,255.90000000000003,24.99230769230769,103.0,70.99373040752351,98.0
0483.161,251.8125,25.0,101.8125,71.0,98.0
0483.201,238.66666666666669,26.7,101.0,71.0,97.99999999999999
0483.233,228.81666666666666,25.52307692307692,100.0,71.0,98.0
0483.265,217.93076923076924,26.06666666666667,99.3125,71.0,98.0
0483.297,215.05,25.199999999999996,98.3125,71.0,98.0
0483.331,211.28333333333333,26.25,96.1875,71.0,98.0
0483.364,202.46666666666667,27.575000000000003,96.0,71.0,98.0
0483.397,189.2,28.383333333333333,96.0,71.0,98.0
0483.427,179.3,26.833333333333336,96.0,71.0,98.0
0483.466,162.925,25.9,96.0,71.0,98.0
0483.498,154.93846153846152,24.33076923076923,95.75,71.0,98.0
0483.530,147.65384615384613,23.308333333333334,94.75,71.0,98.0
0483.560,133.675,21.999999999999996,94.0,71.0,98.0
0483.602,109.8,19.833333333333332,94.75,71.0,98.0
0483.635,89.86666666666667,17.922222222222224,95.0,71.0,98.0
0483.667,81.6076923076923,13.675,95.0,71.0,98.0
0483.700,79.0,10.725,94.125,71.0,98.0
0483.734,79.3875,8.05,94.0,71.0,98.0
0483.767,81.4,6.777777777777777,98.125,71.0,98.0
0483.800,76.63333333333333,6.446153846153846,106.375,71.0,98.0
0483.833,64.025,4.041666666666666,110.0,71.0188492063492,98.0
0483.867,41.108333333333334,-0.55,108.6875,71.05257936507937,97.99999999999999
0483.900,13.441666666666666,-6.0,106.60000000000001,71.08531746031746,98.0
0483.934,-14.853846153846153,-11.1,104.5,71.11904761904762,98.0
0483.966,-40.0,-16.3,103.0,71.15079365079364,97.99999999999999
0483.999,-73.63076923076923,-20.707692307692305,101.41176470588235,71.18353174603175,98.0
0484.032,-109.675,-24.35,100.375,71.21626984126985,98.0
0484.064,-155.4230769230769,-25.477777777777778,100.0,71.24801587301587,98.0
0484.097,-203.95384615384614,-27.322222222222223,100.0,71.28075396825398,98.00000000000001
0484.131,-249.1,-30.799999999999997,99.0,71.31448412698413,98.0
0484.164,-291.55,-35.7875,97.125,71.34722222222223,98.0
0484.197,-329.1,-39.375,96.0,71.37996031746032,98.0
0484.230,-363.95384615384614,-41.50769230769231,96.0,71.41269841269842,98.0
0484.263,-391.0125,-42.60000000000001,96.0,71.4454365079365,98.0
0484.296,-415.1666666666667,-43.62307692307692,96.0,71.47817460317461,98.0
0484.330,-428.6461538461539,-44.1,96.0,71.51190476190476,98.0
0484.362,-444.65384615384613,-44.72307692307693,97.0,71.54365079365078,98.0
0484.395,-454.46923076923076,-44.724999999999994,97.0,71.57638888888889,98.0
0484.427,-471.2416666666667,-46.0,97.0,71.60813492063492,98.0
0484.467,-485.0,-46.16666666666667,97.0,71.64781746031747,98.0
0484.499,-492.53846153846155,-45.761538461538464,97.0,71.6795634920635,98.0
0484.532,-489.7,-44.37499999999999,97.0,71.71230158730158,98.0
0484.564,-481.7,-44.74999999999999,96.125,71.74404761904762,98.0
0484.596,-473.20000000000005,-43.325,97.0,71.77579365079366,98.0
0484.628,-467.1846153846154,-43.3,100.75,71.80753968253968,98.0
0484.660,-458.18888888888887,-43.55,105.75,71.83928571428572,98.0
0484.702,-440.26153846153846,-41.62499999999999,111.0,71.88095238095238,98.0
0484.735,-415.35,-39.4875,110.0,71.91369047619048,98.0
0484.766,-397.4,-36.09166666666667,108.5,71.94444444444444,98.0
0484.798,-370.8461538461538,-35.8,106.5,71.97619047619047,98.0
0484.830,-347.775,-33.13333333333333,102.5,72.0,98.0
0484.862,-327.8833333333333,-31.049999999999997,99.5,72.0,98.0
0484.895,-309.66923076923075,-28.416666666666664,98.0,72.0,98.00000000000001
0484.927,-284.28333333333336,-26.375,98.0,72.0,98.0
0484.967,-245.97499999999997,-21.933333333333334,98.0,72.0,97.99999999999999
0484.999,-209.36666666666667,-20.424999999999997,98.0,72.0,98.0
0485.032,-182.26666666666668,-16.76153846153846,98.1875,72.0,98.0
0485.064,-159.4846153846154,-12.350000000000001,97.8125,72.0,98.0
0485.096,-138.04999999999998,-6.883333333333334,96.8125,72.0,98.0
0485.130,-106.86666666666667,-3.2230769230769227,94.6875,72.0,98.0
0485.163,-71.03333333333333,-1.4769230769230768,94.0,72.0,98.0
0485.196,-37.55384615384615,-0.8,95.0,72.0,98.0
0485.228,-21.633333333333333,2.1333333333333333,96.0,72.0,98.0
0485.261,-5.966666666666668,4.792307692307692,96.0,72.0,98.0
0485.302,18.6,10.208333333333332,96.0,72.0,98.0
0485.333,53.65555555555556,12.253846153846153,95.0,72.0,98.0
0485.366,95.6375,16.553846153846152,95.0625,72.0,98.0
0485.399,122.88333333333333,17.4,96.25,72.0,98.0
0485.431,138.05,21.6,99.375,72.0,98.0
0485.464,141.73076923076923,24.946153846153848,108.375,72.0,98.0
0485.496,147.75,28.5875,112.1875,72.0,98.0
0485.528,154.65,31.5,112.8125,72.0,98.0
0485.560,166.4666666666667,30.715384615384615,108.625,72.0,98.0
0485.594,175.59999999999997,30.7,105.6875,72.0,98.0
0485.634,171.9,26.923076923076927,103.0,72.0,98.0
0485.665,170.51666666666665,26.799999999999997,102.25,72.0,98.0
0485.697,164.95,27.09166666666667,102.0,72.0,98.0
0485.729,157.625,27.766666666666666,101.0,72.0,98.0
0485.760,148.73846153846154,28.39230769230769,99.3125,72.0,98.0
0485.802,137.5769230769231,27.8,96.6875,72.0,98.0
0485.835,134.81666666666666,27.0,95.625,72.0,97.99999999999999
0485.867,131.76666666666668,26.09166666666667,95.0,72.0,98.0
0485.900,130.9666666666667,25.93333333333333,94.0,72.0,98.00000000000001
0485.933,128.86666666666665,24.6,94.0,72.0,98.0
0485.966,124.5375,23.5,94.0,72.0,98.0
0486.000,115.875,23.216666666666665,94.6875,72.0,98.0
0486.033,110.53333333333333,25.583333333333332,95.0,72.0,98.0
0486.065,104.95384615384614,26.775,95.0,72.0,98.0
0486.097,103.5,27.308333333333337,94.0,72.0,98.0
0486.130,99.8,28.391666666666666,93.0,72.0,98.0
0486.163,108.7,24.93076923076923,92.0,72.00000000000001,98.00000000000001
0486.196,128.30769230769232,23.633333333333333,92.0,72.0,98.00000000000001
0486.228,158.5,24.525,93.0,72.0,98.0
0486.260,184.67499999999998,24.15,94.0,72.0,98.0
0486.300,205.95,27.299999999999997,101.125,72.0,98.0
0486.331,216.0,28.0,106.9375,72.0,98.0
0486.362,230.28461538461536,31.375000000000004,112.25,72.0,98.0
0486.395,237.64999999999998,32.525000000000006,112.0,72.0,98.0
0486.426,244.65,32.63333333333334,108.75,72.0,98.0
0486.467,251.7,31.7,106.1875,72.0,98.0
0486.499,256.35,31.6,104.1875,72.0,98.0
0486.530,257.475,31.833333333333332,102.0,72.0,98.0
0486.562,249.4,31.975,101.0,72.0,98.0
0486.594,233.70833333333331,31.592307692307692,101.0,72.0,98.0
0486.635,205.23076923076923,28.884615384615383,100.625,72.0,98.0
0486.666,176.46666666666667,23.150000000000002,99.6875,72.0,98.0
0486.699,135.93333333333334,17.650000000000002,98.0,72.0,98.0
0486.732,96.9,10.875,97.0,72.0,98.0
0486.765,53.56666666666667,1.4461538461538461,96.0,72.0,98.0
0486.799,10.884615384615383,-5.85,96.0,72.0,98.0
0486.831,-33.4,-11.9,96.0,72.0,98.0
0486.862,-72.39166666666667,-15.830769230769231,95.0,72.0,98.0
0486.895,-106.175,-22.008333333333333,95.0,72.0,98.0
0486.929,-160.375,-27.776923076923076,95.0,72.0,98.0
0486.963,-219.15000000000003,-31.074999999999996,95.875,72.0,98.0
0486.996,-281.325,-35.2375,96.0,72.0,98.0
0487.028,-329.2625,-40.6,96.0,72.0,98.0
0487.060,-356.6615384615385,-46.0,96.0,72.0,98.0
0487.099,-379.31666666666666,-47.3,96.375,72.0,98.0
0487.132,-396.5333333333333,-46.8,97.4375,72.0,98.0
0487.165,-418.85833333333335,-45.8,104.5,72.0,98.0
0487.197,-443.0846153846154,-45.88461538461539,109.5,72.0,98.0
0487.229,-469.23333333333335,-46.641666666666666,112.0,72.0,98.0
0487.263,-489.125,-47.5,110.375,72.0,98.0
0487.295,-513.0333333333333,-49.974999999999994,108.375,72.0,98.0
0487.328,-527.3888888888889,-51.79230769230769,105.3125,72.0,98.0
0487.361,-542.6,-51.95,104.0,72.0,98.0
0487.395,-554.6,-51.8875,102.125,72.0,98.0
0487.429,-560.9416666666666,-51.15,101.0,72.0,98.0
0487.463,-559.1166666666667,-51.141666666666666,101.0,72.0,98.0
0487.496,-548.0384615384614,-50.63076923076923,100.0,72.0,98.0
0487.529,-531.9,-48.05,99.0,72.0,98.0
0487.560,-507.5,-45.7,97.8125,72.0,98.0
0487.601,-461.2375,-41.1,96.25,72.0,98.0
0487.634,-417.6875,-38.1,96.0,72.0,98.0
0487.666,-372.575,-34.8,95.0,72.0,98.0
0487.698,-332.4,-32.43846153846154,95.0,72.0,98.0
0487.732,-293.9916666666667,-27.1,96.0,72.0,98.0
0487.765,-260.55833333333334,-23.5,96.0,72.0,98.0
0487.798,-227.44615384615383,-19.97692307692308,95.9375,72.0,98.0
0487.830,-182.25833333333333,-16.3,95.0,71.94940476190476,97.99999999999999
0487.863,-115.525,-12.8,95.0,71.85119047619048,97.99999999999999
0487.896,-28.816666666666663,-8.661538461538461,95.0,71.75297619047619,98.0
0487.930,56.87692307692308,-1.8538461538461537,95.3125,71.65178571428572,98.0
0487.962,115.4,5.725,98.625,71.55654761904762,98.0
0487.996,155.3875,10.15,103.3125,71.45535714285714,98.0
0488.030,186.75,14.075,109.125,71.35416666666667,98.0
0488.063,207.35555555555555,17.853846153846153,111.0,71.25595238095238,98.0
0488.095,223.05,19.45,109.375,71.16071428571429,98.0
0488.128,231.4,21.341666666666665,105.3125,71.0625,98.0
0488.160,240.825,18.974999999999998,104.0,71.0,98.0
0488.192,242.8,18.9,102.3125,71.0,98.0
0488.232,239.2846153846154,21.315384615384616,99.8125,71.0,98.0
0488.265,229.7,22.315384615384616,99.0,71.0,98.0
0488.300,222.76923076923077,26.066666666666666,99.5625,71.0,98.0
0488.334,217.9333333333333,27.799999999999997,99.0,71.0,98.0
0488.367,213.08333333333334,28.755555555555553,97.375,71.0,98.0
0488.402,205.24615384615382,27.592307692307692,96.1875,71.0,98.0
0488.435,194.43333333333337,27.28333333333333,96.0,71.0,98.0
0488.469,186.54166666666666,27.5,95.0,71.0,98.0
0488.499,175.08333333333334,28.627272727272725,95.0,71.00000000000001,98.0
0488.531,169.25384615384615,28.776923076923076,95.0,71.0,98.0
0488.563,163.70833333333331,26.366666666666667,95.0,71.0,98.0
0488.595,154.13333333333333,25.550000000000004,95.0,71.0,98.0
0488.628,145.13846153846154,25.275000000000002,96.0,71.0,98.0
0488.662,130.16153846153847,26.415384615384617,96.0,71.0,98.0
0488.695,129.06666666666666,24.787499999999998,96.0,71.0,98.0
0488.728,139.8,23.2625,95.0,71.0,98.0
0488.760,161.85,24.1,95.0,71.0,98.0
0488.802,189.14999999999998,25.583333333333336,96.875,71.0,98.0
0488.835,198.8,24.45,101.625,71.0,98.0
0488.868,196.4,23.369230769230768,110.8125,71.0,98.0
0488.899,190.4,23.133333333333333,112.875,71.0,98.0
0488.931,184.3,24.325,111.125,71.0,98.0
0488.963,178.725,23.5,108.125,71.0,98.0
0488.995,167.75,24.43846153846154,106.125,71.0,98.0
0489.027,158.96153846153845,23.48333333333333,104.125,71.0,98.0
0489.069,138.225,26.038461538461537,103.0,71.0,98.0
0489.101,132.5,27.625,102.0,71.0,98.0
0489.133,126.2625,29.4,102.0,71.0,98.0
0489.164,125.84444444444445,29.12222222222222,101.0,71.0,98.0
0489.199,117.44999999999999,27.676923076923078,100.0,71.0,98.0
0489.231,116.65833333333333,24.7,98.375,71.0,98.0
0489.263,112.86666666666667,22.53333333333333,96.375,71.0,98.0
0489.296,106.10769230769232,18.169230769230765,96.0,71.0,98.0
0489.328,94.76666666666668,16.683333333333337,95.0,71.0,98.0
0489.360,81.325,14.45,95.0,71.0,98.0
0489.402,69.7,10.1,95.0,71.0,98.0
0489.434,52.708333333333336,6.325,95.0,71.0,98.0
0489.466,29.96153846153846,0.46153846153846156,95.0,71.0,98.0
0489.497,-5.524999999999998,-4.9,94.6875,71.0,98.0
0489.529,-37.333333333333336,-10.566666666666666,94.0,71.0,98.0
0489.562,-56.13333333333333,-17.29230769230769,94.0,71.0,98.0
0489.595,-76.05384615384617,-22.569230769230767,94.0,71.0,98.0
0489.626,-92.3625,-27.799999999999997,94.0,71.0,98.0
0489.666,-127.38333333333335,-30.891666666666666,98.75,71.0,98.0
0489.697,-163.1,-35.099999999999994,104.4375,71.0,98.0
0489.728,-212.68888888888887,-38.88461538461538,111.75,71.0,98.0
0489.760,-266.25,-43.7,112.25,71.0,98.0
0489.802,-345.1125,-47.099999999999994,108.625,71.0,98.0
0489.827,-378.31666666666666,-48.05,107.0625,71.00000000000001,98.0
0489.869,-421.1666666666667,-49.55,104.4375,71.0,98.0
0489.901,-443.65000000000003,-49.730769230769226,102.4375,71.0,98.0
0489.933,-466.02307692307687,-52.8,101.0,71.0,98.0
0489.965,-482.6166666666667,-52.974999999999994,100.0,71.0,98.0
0489.998,-494.95000000000005,-53.55833333333334,100.0,71.0,98.0
0490.031,-507.6,-53.15384615384616,99.0,71.0,98.0
0490.065,-518.2076923076922,-54.830769230769235,97.1875,71.0,98.0
0490.099,-523.0916666666666,-57.03333333333333,95.0625,71.0,98.0
0490.133,-531.0999999999999,-57.275,93.9375,71.0,98.0
0490.168,-531.4333333333333,-55.1875,93.0,71.0,98.0
0490.201,-532.3333333333334,-53.7875,93.0,71.0,98.0
0490.235,-516.6538461538461,-49.6,93.0,71.0,98.0
0490.269,-492.4111111111111,-45.52307692307693,94.0,71.0,98.0
0490.293,-473.7833333333333,-44.0,94.0,71.0,98.0
0490.334,-427.54999999999995,-42.025000000000006,94.0,71.0,98.0
0490.365,-393.75,-41.13076923076923,94.0,71.0,98.0
0490.400,-346.8,-36.68333333333333,94.0,71.0,98.0
0490.433,-283.94166666666666,-31.066666666666663,94.0,71.0,98.0
0490.467,-224.66666666666666,-24.666666666666668,95.9375,71.0,98.0
0490.500,-165.8,-17.991666666666667,100.0,71.0,98.0
0490.533,-118.62307692307692,-12.484615384615385,108.125,71.0,98.0
0490.566,-75.0,-7.9,111.0,71.0,98.0
0490.598,-26.266666666666666,-5.175,109.75,71.0,98.0
0490.630,21.975,-2.125,106.875,71.0,98.0
0490.662,62.830769230769235,2.3,104.875,71.0,98.0
0490.694,93.95,7.233333333333333,102.0,71.0,98.0
0490.727,100.525,12.024999999999999,100.86666666666666,71.0,98.0
0490.768,84.91666666666667,16.262500000000003,100.0,71.0,98.0
0490.801,66.16666666666667,18.775,100.0,71.0,98.0
0490.833,52.25,19.766666666666666,100.0,71.0,98.0
0490.867,45.625,21.66666666666667,98.0,71.0,98.0
0490.899,39.49166666666667,23.923076923076923,97.0,71.0,98.0
0490.932,35.358333333333334,27.433333333333334,96.0,71.0,98.0
0490.965,29.03333333333333,33.41666666666667,96.0,71.0,98.0
0490.997,17.74615384615385,38.608333333333334,95.0,71.0,98.0
0491.028,12.438461538461539,40.2,95.0,71.0,98.0
0491.061,7.1000000000000005,41.6,95.125,71.0,98.0
0491.094,9.25,41.66666666666667,96.0,71.0,98.0
0491.135,9.899999999999999,44.5,96.0,71.0,98.0
0491.167,12.033333333333335,45.6375,96.0,71.0,98.0
0491.200,15.215384615384618,46.7,95.0,71.0,98.0
0491.232,26.333333333333336,47.824999999999996,95.0,71.0,98.0
0491.265,39.46666666666667,47.325,96.0,71.0,98.0
0491.297,50.37500000000001,46.25000000000001,97.8125,71.0,98.0
0491.329,52.1,46.13333333333333,106.4375,71.0,98.0
0491.363,63.46923076923077,44.78333333333334,111.8125,71.0,98.0
0491.397,81.1125,44.62307692307692,111.9375,71.0,98.0
0491.429,97.2,43.62500000000001,109.9375,71.0,98.0
0491.462,115.5,43.575,106.86666666666667,71.0,98.0
0491.494,119.5,45.266666666666666,104.875,70.99999999999999,98.0
0491.540,128.1,49.275,103.0,71.0,98.0
0491.569,131.93333333333334,52.6625,100.1875,71.0,98.0
0491.602,137.84615384615384,84.26923076923077,100.0,71.0,98.0
0491.634,147.63333333333333,122.20833333333334,100.0,71.0,98.0
0491.665,154.55,154.59166666666667,99.0,71.0,98.0
0491.696,158.8,169.775,98.0,71.0,98.0
0491.729,159.20000000000002,165.625,96.1875,71.0,98.0
0491.762,161.72307692307695,158.89999999999998,96.0,71.0,98.0
0491.795,162.95000000000002,153.46666666666667,95.0,71.0,98.0
0491.829,172.34999999999997,148.90833333333333,95.0,71.0,98.0
0491.861,180.1125,144.36666666666667,95.0,71.0,98.0
0491.894,189.84444444444443,141.75555555555556,96.0,71.0,98.0
0491.927,196.5111111111111,135.7125,96.0,71.0,98.0
0491.961,195.75000000000003,130.075,95.0,71.0,98.0
0491.994,204.725,123.725,95.0,71.0,98.0
0492.041,232.72499999999997,120.75,95.0,71.0,98.0
0492.058,245.5,119.19166666666666,95.0,71.0,98.0
0492.099,278.3166666666666,117.9,95.9375,71.0,98.0
0492.133,291.7083333333333,113.16666666666669,101.1875,71.0,98.0
0492.166,291.7076923076923,108.57692307692308,107.25,71.01787487586891,98.0
0492.200,277.69230769230774,102.66923076923078,111.75,71.05163853028799,97.99999999999999
0492.232,251.9,96.375,110.75,71.08341608738827,98.0
0492.265,231.3,87.28333333333333,108.375,71.11618669314797,98.0
0492.298,208.0,75.21538461538461,105.0,71.14895729890765,98.0
0492.330,183.70000000000002,58.91538461538462,103.625,71.18073485600794,98.0
0492.364,144.0,38.1,101.5,71.214498510427,98.0
0492.400,92.30000000000001,17.05,100.25,71.25024826216485,98.0
0492.432,46.475,0.6833333333333336,100.0,71.28202581926516,98.0
0492.465,-3.5083333333333324,-15.183333333333334,99.1875,71.31479642502482,98.0
0492.497,-51.325,-31.653846153846153,99.0,71.34657398212512,98.0
0492.528,-95.225,-42.13333333333333,97.25,71.37735849056604,98.0
0492.561,-141.175,-53.36666666666666,97.0,71.4101290963257,98.0
0492.600,-202.225,-59.725,96.0,71.4488579940417,98.0
0492.632,-266.20000000000005,-64.63333333333334,95.0,71.480635551142,98.0
0492.665,-334.75,-67.98333333333333,95.0,71.51340615690168,98.0
0492.698,-399.6,-75.63333333333333,96.0,71.54617676266136,98.0
0492.731,-452.04999999999995,-86.1,96.0,71.57894736842105,98.0
0492.762,-491.3769230769231,-94.2,96.0,71.60973187686196,98.0
0492.795,-525.4666666666667,-102.80000000000001,96.0,71.64250248262165,98.0
0492.828,-549.4166666666667,-105.95833333333331,96.0,71.67527308838133,98.0
0492.860,-568.625,-106.2,96.0,71.70705064548163,98.0
0492.903,-584.0416666666666,-105.38333333333333,96.0,71.74975173783515,98.0
0492.927,-590.125,-104.93333333333334,96.75,71.77358490566039,98.0
0492.961,-602.3,-104.80833333333334,100.75,71.80734856007945,98.0
0492.993,-609.8538461538461,-107.0923076923077,106.625,71.83912611717975,98.0
0493.040,-614.525,-107.86666666666667,113.0,71.88579940417081,98.0
0493.057,-614.3666666666666,-107.55000000000001,112.125,71.90268123138034,98.0
0493.100,-606.8666666666667,-107.19166666666666,107.4375,71.94538232373387,98.0
0493.132,-595.8333333333333,-106.15,105.4375,71.97715988083417,98.0
0493.164,-578.876923076923,-103.62307692307692,102.4375,72.00000000000001,98.0
0493.199,-558.8000000000001,-98.69999999999999,101.0,72.0,98.0
0493.232,-536.775,-93.36666666666667,99.1875,72.0,98.0
0493.265,-505.375,-89.13333333333334,99.0,72.0,98.0
0493.298,-468.4461538461539,-84.83846153846153,99.0,72.0,98.0
0493.330,-428.3777777777778,-78.33333333333333,97.0625,72.0,98.0
0493.364,-383.17499999999995,-70.0625,96.0,72.0,98.0
0493.398,-344.4583333333333,-60.85000000000001,95.0,72.0,98.0
0493.431,-318.5076923076923,-56.52499999999999,94.75,72.0,98.0
0493.464,-292.7,-53.60769230769231,94.0,72.0,98.0
0493.497,-269.8,-52.233333333333334,94.0,72.0,98.0
0493.528,-248.85,-50.175,94.0,72.0,98.0
0493.561,-224.25,-46.65833333333333,94.0,72.0,98.0
0493.603,-193.3375,-43.75,94.0,72.0,98.0
0493.627,-166.4153846153846,-43.04615384615384,94.0,72.0,98.0
0493.669,-79.45,-38.06153846153846,93.125,72.0,98.0
0493.701,-4.049999999999999,-33.35,94.0,72.0,98.0
0493.734,77.725,-27.28333333333333,96.375,72.0,98.0
0493.767,135.4,-20.883333333333333,100.75,72.0,98.0
0493.801,168.63846153846154,-14.625,109.75,72.0,98.0
0493.833,188.83076923076925,-6.9230769230769225,112.0,72.0,98.0
0493.867,205.24166666666665,-1.0,111.25,72.0,98.0
0493.900,215.93333333333334,2.6,107.4375,72.0,98.0
0493.931,227.27692307692308,5.346153846153847,105.5,72.0,98.0
0493.964,241.8,7.016666666666667,103.4375,72.0,98.0
0493.998,250.55,9.2,101.3125,72.0,98.0
0494.031,255.375,11.2,100.25,72.0,98.0
0494.066,253.61666666666665,12.016666666666667,100.0,72.0,98.0
0494.097,252.04444444444445,11.43846153846154,100.0,72.0,98.0
0494.129,243.2375,9.8,98.125,72.0,98.0
0494.161,235.7,9.833333333333332,97.125,72.0,98.0
0494.193,226.40000000000003,10.274999999999999,96.0,72.0,98.00000000000001
0494.234,212.79230769230767,10.407692307692308,94.5625,72.0,98.0
0494.265,204.26153846153846,9.653846153846153,94.0,72.0,98.0
0494.297,195.5666666666667,7.75,94.375,72.0,98.0
0494.330,189.03076923076924,7.450000000000001,95.0,72.0,98.0
0494.363,173.26363636363635,7.7,95.0,72.0,98.0
0494.395,152.5,7.025,95.0,72.0,98.0
0494.428,125.33846153846156,6.892307692307693,95.0,72.0,98.0
0494.462,99.2,6.0777777777777775,94.0,72.0,98.0
0494.495,82.65,9.641666666666666,94.0,72.0,98.0
0494.526,78.8,13.316666666666666,95.0,72.0,98.0
0494.566,87.28888888888889,17.35,97.375,72.0,98.0
0494.597,104.80000000000001,18.1,105.5,72.0,98.0
0494.628,122.63333333333335,18.174999999999997,112.125,72.0,98.0
0494.663,139.2,15.45,114.0,72.0,98.0
0494.697,144.0,16.85,110.25,72.0,98.0
0494.730,140.82307692307694,17.9,107.125,72.0,98.0
0494.762,140.01538461538462,20.11111111111111,103.5625,72.0,98.0
0494.796,133.63333333333333,20.325,102.0,72.0,98.0
0494.828,133.84166666666667,19.3,100.4375,72.0,98.0
0494.861,128.36153846153846,18.900000000000002,99.0,72.0,98.0
0494.906,117.70833333333334,13.65,99.0,72.0,98.0
0494.932,102.44615384615385,9.353846153846153,98.0,72.0,98.0
0494.966,75.20000000000002,1.1750000000000003,97.0,72.0,98.0
0494.999,45.723076923076924,-6.35,96.0,72.0,98.0
0495.034,16.6,-13.466666666666665,95.0,72.0,98.0
0495.067,-20.57692307692308,-19.923076923076923,95.0,72.0,98.0
0495.100,-62.80833333333332,-27.9,95.0,72.0,98.0
0495.134,-112.85,-35.983333333333334,95.0,72.0,98.0
0495.167,-164.39999999999998,-41.4,95.0,72.0,98.0
0495.200,-227.43333333333334,-47.63333333333333,95.0,72.0,98.0
0495.234,-297.23333333333335,-52.099999999999994,95.0,72.0,98.0
0495.268,-354.15,-57.866666666666674,95.0,72.0,98.0
0495.300,-395.1333333333334,-59.65,95.0,72.0,98.0
0495.332,-417.8375,-61.300000000000004,95.0,72.0,98.0
0495.364,-433.5076923076923,-62.56666666666667,95.0,72.0,98.0
0495.397,-442.24999999999994,-61.28333333333334,96.125,72.0,98.0
0495.430,-453.775,-60.416666666666664,100.5625,72.0,98.0
0495.461,-466.81666666666666,-60.97692307692307,106.375,72.0,98.0
0495.494,-485.20000000000005,-59.11538461538461,113.0,72.05671641791045,97.99999999999999
0495.535,-513.6538461538462,-60.52307692307693,112.25,72.17910447761194,98.0
0495.566,-525.6333333333333,-59.65454545454545,107.625,72.27164179104477,97.99999999999999
0495.600,-527.625,-60.06666666666668,105.1875,72.37313432835822,98.0
0495.633,-512.2,-58.43333333333334,103.11764705882352,72.47164179104477,98.0
0495.667,-494.1714285714286,-56.80769230769231,101.0,72.57313432835821,98.0
0495.701,-475.4,-54.44166666666666,100.0,72.67462686567164,98.0
0495.733,-456.67499999999995,-50.099999999999994,100.0,72.77014925373135,98.0
0495.765,-430.55555555555554,-46.224999999999994,99.8125,72.86567164179104,98.0
0495.799,-395.6333333333333,-42.13333333333333,98.6875,72.96716417910449,98.0
0495.833,-355.2,-37.3,97.5625,73.0,98.0
0495.866,-314.95000000000005,-32.63333333333334,96.5,73.0,98.0
0495.897,-281.3230769230769,-26.916666666666668,95.0,73.0,98.0
0495.930,-246.67692307692306,-22.98461538461538,95.0,73.0,98.0
0495.963,-215.09999999999997,-20.4,95.0,73.0,98.0
0495.998,-182.81666666666666,-18.599999999999998,95.0,73.0,98.0
0496.031,-158.2846153846154,-15.816666666666665,95.0,73.0,98.0
0496.064,-147.20833333333334,-12.838461538461539,95.0,73.0,98.0
0496.096,-150.01538461538462,-9.023076923076923,95.0,73.0,98.0
0496.129,-151.25,-5.375,95.0,73.0,98.0
0496.161,-133.5375,-3.9,95.0,73.0,98.0
0496.193,-94.13333333333333,0.876923076923077,95.9375,73.0,98.0
0496.232,-49.01538461538462,4.733333333333333,97.375,73.0,98.0
0496.265,-38.3,8.925,101.3125,73.0,98.0
0496.298,-51.324999999999996,10.65,109.0,73.0,98.0
0496.331,-76.95384615384616,10.45,111.0,73.0,98.0
0496.364,-97.2,8.138461538461538,108.375,73.0,98.0
0496.399,-117.025,2.625,106.1875,73.0,98.0
0496.434,-138.7,-4.108333333333333,104.0,73.0,98.0
0496.468,-172.55,-10.3,104.0,73.0,98.0
0496.500,-217.56923076923078,-18.2,104.0,73.0,98.0
0496.533,-272.7833333333333,-24.5,104.0,73.0,98.0
0496.566,-326.68333333333334,-28.9,105.0,73.0,98.0
0496.600,-387.4,-34.775,104.0,73.0,98.0
0496.632,-437.7923076923077,-37.8,103.0,73.0,98.0
0496.665,-483.8923076923077,-43.45384615384616,101.5625,73.0,98.0
0496.696,-511.57499999999993,-47.05,99.625,73.0,98.0
0496.728,-529.1538461538461,-50.44615384615385,97.625,73.0,98.0
0496.760,-535.5,-52.7,95.625,73.0,98.0
0496.802,-529.6375,-51.625,94.0,73.0,98.0
0496.834,-518.5250000000001,-50.2,92.0,73.0,98.0
0496.866,-495.3666666666667,-48.2,91.0,73.0,98.0
0496.900,-467.57499999999993,-48.21111111111111,91.0,73.0,98.0
0496.932,-440.3,-46.4923076923077,90.0,73.0,98.0
0496.964,-405.475,-46.4,90.0,73.0,98.0
0496.998,-359.95,-45.79090909090909,91.0,73.0,98.0
0497.031,-307.9416666666666,-44.36666666666667,92.0,73.0,98.0
0497.064,-258.4384615384615,-43.25,92.0,73.0,98.0
0497.095,-234.5,-41.58461538461539,94.625,73.0,98.0
0497.128,-225.25,-40.0,99.125,73.0,98.0
0497.161,-224.0,-39.075,105.4375,73.0,98.0
0497.196,-219.45555555555558,-40.11666666666667,106.0,73.0,98.0
0497.229,-209.62857142857143,-40.128571428571426,105.3125,73.0,98.0
0497.262,-189.025,-40.4,103.25,73.0,98.0
0497.293,-171.6125,-39.6,103.0,73.0,98.0
0497.334,-146.75,-35.761538461538464,102.0,73.0,98.0
0497.365,-129.76666666666665,-31.233333333333338,102.0,73.0,98.0
0497.396,-102.2,-28.7,103.0,73.0,98.0
0497.428,-73.38333333333333,-26.216666666666665,103.0,73.0,98.0
0497.460,-45.5,-25.583333333333332,102.0,73.0,98.0
0497.501,-25.725,-24.699999999999996,100.0,73.0,98.0
0497.533,-18.391666666666666,-23.369230769230768,98.26666666666667,73.0,97.99999999999999
0497.565,-8.875,-21.8,95.25,73.0,98.0
0497.598,2.4999999999999996,-20.6,94.0,73.0,98.0
0497.631,8.391666666666666,-19.65,93.0,73.0,98.0
0497.664,16.869230769230768,-20.35,92.0,73.0,98.0
0497.696,17.72307692307692,-21.32857142857143,91.0,73.0,98.0
0497.729,18.4,-20.525,90.0625,73.0,98.0
0497.762,17.3,-17.175,90.0,73.0,98.0
0497.794,14.453846153846154,-15.316666666666668,90.0,73.0,98.0
0497.833,30.349999999999998,-13.646153846153847,90.0,72.93154761904762,98.0
0497.865,56.2375,-13.533333333333335,91.0,72.83630952380953,98.00000000000001
0497.895,95.65,-11.224999999999998,92.0,72.74702380952381,98.0
0497.927,129.1923076923077,-6.7,93.625,72.65178571428572,98.0
0497.967,160.6,-2.966666666666667,103.25,72.5327380952381,98.0
0497.999,164.7,-1.6375,109.4375,72.4375,98.0
0498.031,158.05,-0.8,113.625,72.3422619047619,98.0
0498.063,141.23333333333335,-2.0,114.0,72.24702380952381,98.0
0498.098,134.2615384615385,-2.0875000000000004,112.0,72.14285714285714,98.0
0498.129,138.475,-2.5846153846153843,110.0625,72.05059523809524,98.0
0498.161,147.0,-2.225,109.0625,72.0,98.0
0498.193,149.86666666666667,-0.7333333333333334,108.0625,72.0,98.0
0498.233,141.52307692307693,1.0416666666666667,107.0,72.0,98.00000000000001
0498.265,137.2,2.576923076923077,107.0,72.0,98.0
0498.296,134.63846153846154,3.5,107.0,72.0,98.0
0498.329,130.7,7.049999999999999,106.5625,72.0,98.0
0498.361,124.1125,10.5,104.53333333333333,72.0,98.0
0498.394,117.92500000000001,12.2125,103.0,72.0,98.0
0498.427,112.2,12.5875,102.0,72.0,98.0
0498.467,133.66,12.9,100.875,72.0,98.0
0498.498,162.7,17.3,100.0,72.0,97.99999999999999
0498.529,199.2,21.325,100.0,72.0,98.0
0498.561,227.875,23.333333333333336,99.0,72.0,97.99999999999999
0498.606,252.5375,24.0,98.0,72.0,98.0
0498.632,257.675,24.953846153846154,96.5625,72.0,98.0
0498.663,276.5,26.2,95.625,72.0,98.0
0498.696,301.27692307692314,28.5,94.0,72.0,98.0
0498.728,332.9846153846154,32.0,94.0,72.0,98.0
0498.759,353.2666666666667,36.27692307692308,95.375,72.0,98.0
0498.801,366.3666666666667,41.56153846153846,104.0,72.0,98.0
0498.834,365.1666666666667,43.90833333333333,108.0625,72.0,98.05059523809523
0498.866,359.42499999999995,45.1,107.9375,72.0,98.14583333333333
0498.898,351.7615384615384,45.675,105.9375,72.0,98.24107142857143
0498.931,341.9230769230769,44.87777777777779,101.875,72.0,98.33928571428572
0498.964,332.04999999999995,43.988888888888894,99.8125,72.0,98.4375
0498.996,320.56666666666666,41.875,97.8125,72.0,98.5327380952381
0499.029,306.69230769230774,38.650000000000006,95.0,72.0,98.63095238095238
0499.061,294.1166666666667,36.69230769230769,94.0,72.0,98.72619047619048
0499.093,278.22499999999997,34.2,95.0,72.0,98.82142857142857
0499.135,255.85000000000002,33.099999999999994,94.125,72.0,98.94642857142857
0499.168,231.4,30.974999999999998,94.0,72.0,99.00000000000001
0499.200,207.2923076923077,26.566666666666666,93.0,72.0,99.00000000000001
0499.232,174.83333333333331,19.592307692307692,93.0,72.0,99.0
0499.263,136.85000000000002,12.65,93.0,72.0,99.0
0499.296,91.225,6.6,93.0,72.0,99.0
0499.329,40.70769230769231,2.55,92.0,72.0,99.0
0499.360,-9.733333333333334,-0.7846153846153846,92.0,72.0,99.0
0499.400,-66.3,-4.8,92.0,72.0,99.0
0499.432,-101.43333333333334,-8.683333333333334,93.0,72.0,99.0
0499.465,-118.95,-11.700000000000001,93.0,72.0,99.0
0499.497,-124.3,-14.799999999999999,93.5,72.0,98.99999999999999
0499.529,-133.6875,-15.950000000000001,94.5,72.0,99.0
0499.561,-151.8,-15.925,97.0,72.0,99.0
0499.594,-169.97500000000002,-11.675,105.6875,72.0,99.0
0499.634,-177.72307692307695,-8.9,111.0625,72.0,99.0
0499.665,-175.13333333333333,-3.6846153846153844,113.0,72.0,99.0
0499.698,-169.86666666666667,-1.3583333333333334,113.0,72.0,99.0
0499.730,-165.76923076923077,3.169230769230769,112.0,72.0,99.0
0499.761,-157.58333333333331,6.666666666666666,112.0,72.0,99.0
0499.793,-140.27692307692308,8.330769230769231,111.0,72.0,99.0
0499.833,-109.5,8.766666666666667,112.0,72.0,99.0
0499.866,-55.1,10.278571428571428,111.0,72.0,99.0
0499.899,-2.5,13.5,109.375,72.0,99.0
0499.931,34.56153846153846,19.033333333333335,106.375,72.0,99.0
0499.963,52.34166666666666,21.223076923076924,103.75,72.0,99.0
0499.996,78.45,23.666666666666668,100.3125,72.0,99.0
0500.029,109.41111111111111,26.566666666666666,99.0,72.0,99.0
0500.061,140.425,32.175,96.25,72.0,99.0
0500.094,146.97692307692307,36.80769230769231,94.1875,72.0,99.0
0500.126,144.5,42.375,92.1875,72.0,99.0
0500.167,160.375,69.85384615384615,92.0,72.0,99.0
0500.198,183.4,91.15,92.0,72.0,99.0
0500.230,223.47692307692307,117.86666666666667,94.3125,72.0,99.0
0500.262,263.06666666666666,128.81666666666666,96.3125,72.0,99.0
0500.294,291.1,142.56923076923078,98.3125,72.0,99.0
0500.334,308.8166666666666,156.83333333333334,101.625,72.0,99.0
0500.367,302.3166666666666,165.8,105.75,72.0,99.0
0500.400,290.79230769230776,170.05,111.9375,72.0,99.0
0500.432,274.95,169.7111111111111,113.0,72.0,99.0
0500.465,267.23333333333335,166.5,109.0,72.0,99.0
0500.498,267.1,163.53333333333336,106.875,72.0,99.0
0500.533,277.11111111111114,161.65,102.75,72.0,99.0
0500.567,297.3375,167.01538461538462,100.5625,72.0,99.0
0500.600,331.2,172.16666666666669,99.5,72.0,99.0
0500.632,361.5,173.025,98.0,72.0,99.0
0500.664,379.2,169.1,97.5,72.0,99.0
0500.695,376.1625,160.53333333333336,96.625,72.0,99.0
0500.727,346.4307692307692,150.1153846153846,95.625,72.0,99.0
0500.765,301.20000000000005,136.375,94.25,72.0,99.0
0500.799,257.3666666666667,120.36666666666667,92.125,72.0,99.0
0500.832,224.35833333333335,102.375,92.0,72.0,99.0
0500.867,188.47692307692307,78.0,93.0,72.0,99.0
0500.900,145.5769230769231,60.02307692307693,93.1875,72.0,99.0
0500.932,99.15,40.738461538461536,94.1875,72.0,99.0
0500.965,51.400000000000006,27.666666666666664,95.0,72.0,99.0
0500.997,22.6,15.208333333333334,95.25,72.0,99.0
0501.029,-2.7,5.85,96.0,72.0,99.0
0501.060,-22.425,-1.7384615384615385,95.8125,72.0,99.0
0501.098,-52.4875,-9.366666666666667,97.125,72.0,99.0
0501.130,-86.07499999999999,-16.9,101.6875,72.0,99.0
0501.162,-124.02499999999999,-22.35,107.6875,72.0,99.0
0501.194,-173.26666666666665,-30.987499999999997,111.78125,72.0,99.0
0501.226,-230.05,-39.675,110.4375,72.0,99.0
0501.266,-284.0833333333333,-55.92307692307693,105.9375,72.0,99.0
0501.297,-331.525,-64.0,104.0,72.0,99.0
0501.329,-369.4307692307692,-67.05,102.0,72.0,99.0
0501.361,-398.09999999999997,-67.68461538461538,99.0,72.0,99.0
0501.403,-416.07499999999993,-60.488888888888894,98.0,72.0,99.0
0501.426,-417.0,-56.650000000000006,99.0,72.0,99.0
0501.467,-403.65,-49.35,99.0,72.0,99.0
0501.499,-385.4846153846153,-45.99166666666667,98.0,72.00000000000001,99.0
0501.531,-361.4076923076923,-43.42307692307692,96.375,72.0,98.99999999999999
0501.562,-340.0,-39.525,95.375,72.0,99.0
0501.594,-315.8777777777778,-35.925000000000004,93.375,72.0,99.0
0501.634,-286.6,-34.15,93.0,72.0,99.0
0501.665,-263.4625,-32.56923076923077,92.0,72.0,99.0
0501.696,-237.43333333333334,-32.3,92.0,72.0,99.0
0501.728,-201.78333333333333,-30.466666666666665,92.0,72.0,99.0
0501.760,-152.9153846153846,-31.1,92.0,72.0,99.0
0501.801,-75.23333333333332,-30.950000000000003,92.0,72.0,99.0
0501.834,-11.875,-29.577777777777776,92.0,72.0,99.0
0501.866,37.75,-27.25,93.625,72.0,99.0
0501.897,74.7,-23.549999999999997,99.6875,72.0,99.0
0501.928,96.38461538461537,-21.8,105.0,72.0,99.0
0501.960,102.55833333333334,-19.1,108.5,72.0,99.0
0501.994,80.33333333333334,-21.666666666666668,107.375,72.0,99.0
0502.035,26.650000000000002,-23.95,104.8125,72.0,99.0
0502.068,-41.98461538461538,-29.2,101.75,72.0,99.0
0502.100,-127.51666666666668,-34.52307692307693,99.75,72.0,99.0
0502.132,-228.9,-40.784615384615385,98.0,72.0,99.0
0502.164,-325.2333333333333,-49.38333333333333,98.0,72.0297176820208,99.0
0502.197,-402.8,-60.40833333333333,98.0,72.07875185735513,99.0
0502.228,-461.29999999999995,-71.28750000000001,98.0,72.12481426448737,99.0
0502.260,-507.55,-84.7,97.75,72.17236255572065,98.99999999999999
0502.293,-550.5500000000001,-94.2625,96.0,72.22139673105497,99.0
0502.332,-585.8,-98.6625,96.0,72.27934621099554,99.0
0502.364,-597.5461538461539,-97.775,96.0,72.32689450222884,99.0
0502.396,-590.0333333333333,-92.58461538461538,96.0,72.37444279346211,99.0
0502.429,-577.9583333333334,-87.57692307692308,95.1875,72.42347696879644,99.0
0502.463,-562.7153846153847,-80.25,95.0,72.47399702823179,99.0
0502.495,-547.1166666666667,-76.19999999999999,95.875,72.52154531946508,99.0
0502.528,-511.43333333333334,-71.75,96.0,72.5705794947994,99.0
0502.560,-457.05,-65.80833333333334,96.0,72.61812778603269,99.0
0502.606,-359.525,-57.2,96.0,72.68647845468053,99.0
0502.639,-298.24615384615385,-48.15,97.0,72.73551263001485,99.0
0502.665,-259.4,-42.5,99.5,72.7741456166419,99.0
0502.696,-221.35,-36.6,106.3125,72.82020802377414,99.0
0502.728,-196.73333333333335,-33.2875,110.4375,72.86775631500743,99.0
0502.762,-176.2,-30.4,111.0,72.9182763744428,99.0
0502.796,-166.6846153846154,-28.16923076923077,107.3125,72.96879643387817,99.0
0502.831,-156.45833333333334,-24.4,105.125,73.0,99.0
0502.865,-148.0,-21.466666666666665,103.0,73.0,99.0
0502.898,-135.4,-17.60833333333333,101.0,73.0,99.0
0502.931,-125.49230769230769,-14.346153846153847,100.0,73.0,99.0
0502.965,-114.01666666666667,-13.246153846153847,100.0,73.0,99.0
0502.997,-103.55000000000001,-10.8,100.0,73.0,99.0
0503.028,-97.78461538461539,-7.383333333333333,99.8125,73.0,99.0
0503.060,-97.91666666666667,-5.8,99.0,73.0,99.0
0503.101,-95.86666666666667,-2.1999999999999997,98.0,73.0,99.0
0503.133,-97.95,-0.6076923076923078,98.0,73.0,99.0
0503.165,-93.40833333333333,1.3,98.0,73.0,99.0
0503.197,-90.65384615384616,0.1833333333333334,97.1875,73.0,99.0
0503.230,-84.76153846153846,-1.5461538461538462,97.0,73.0,99.0
0503.262,-83.03333333333333,-2.075,97.0,73.0,99.0
0503.293,-83.3,0.024999999999999856,97.0,73.0,99.0
0503.333,-68.1125,2.533333333333333,97.0,73.0,99.0
0503.366,-35.4,1.3666666666666667,97.0,73.0,99.0
0503.398,15.1875,2.2615384615384615,97.0,73.0,99.0
0503.432,67.19999999999999,3.758333333333333,97.5,73.0,99.0
0503.464,95.73333333333333,5.9,99.93333333333334,73.0,99.0
0503.496,100.66923076923078,6.575000000000001,108.5,73.0,98.99999999999999
0503.527,90.17500000000001,5.338461538461539,113.4375,73.0,99.0
0503.567,71.5,4.853846153846154,113.0625,73.0,99.0
0503.599,53.875,4.05,109.125,73.0,99.0
0503.632,44.67692307692308,4.25,107.0,73.0,99.0
0503.665,40.883333333333326,2.9555555555555557,103.9375,73.0,99.0
0503.697,42.05,2.5923076923076924,101.9375,73.0,99.0
0503.729,44.4,3.75,99.0,73.0,99.0
0503.761,42.7,3.023076923076923,98.0,73.0,99.0
0503.792,42.1,2.783333333333333,98.0,73.0,99.0
0503.832,42.641666666666666,2.1333333333333333,96.0,73.03576751117735,99.0
0503.864,45.2,2.2333333333333334,95.0,73.08345752608048,99.0
0503.898,46.33846153846154,2.2,94.0,73.13412816691505,99.0
0503.929,48.6,1.853846153846154,93.0,73.18032786885246,99.0
0503.962,56.89999999999999,1.275,93.0,73.22950819672131,99.0
0503.995,70.57692307692308,-0.34166666666666673,93.0,73.27868852459017,99.0
0504.028,82.7,0.2538461538461539,93.0,73.32786885245902,99.0
0504.061,91.575,0.3,93.0,73.37704918032787,99.0
0504.094,100.67499999999998,0.55,93.0,73.42622950819673,99.0
0504.139,128.7,2.666666666666667,93.0,73.49329359165425,99.0
0504.167,161.33076923076925,3.45,93.0,73.53502235469449,99.0
0504.200,202.76666666666665,5.924999999999999,93.0,73.58420268256333,99.0
0504.232,238.0,8.066666666666666,96.125,73.63189269746647,99.0
0504.263,251.10000000000002,12.225,100.5,73.67809239940388,99.0
0504.296,251.26923076923077,16.325,109.125,73.72727272727273,99.0
0504.329,244.29999999999998,18.46153846153846,112.0,73.77645305514157,99.0
0504.362,240.07500000000002,20.766666666666666,111.3125,73.82563338301043,99.0
0504.395,232.26666666666668,20.116666666666664,107.58823529411765,73.87481371087928,99.0
0504.427,225.44615384615383,19.575,105.25,73.9225037257824,99.0
0504.468,216.06153846153848,16.975,102.6875,73.98360655737706,99.0
0504.501,207.3875,16.330769230769235,100.625,74.0,98.99999999999999
0504.533,196.49999999999997,17.53846153846154,99.0,74.0,99.0
0504.565,189.70833333333331,19.366666666666667,99.0,74.0,99.0
0504.598,178.7076923076923,17.700000000000003,98.0,74.0,99.0
0504.631,170.74166666666665,17.674999999999997,97.0,74.0,99.0
0504.665,159.5,15.3,96.0,74.0,99.0
0504.699,145.10833333333335,13.533333333333335,95.0,74.0,99.0
0504.731,130.39999999999998,10.016666666666666,94.0,74.0,99.0
0504.765,102.03333333333333,4.133333333333333,94.0,74.0,99.0
0504.799,65.625,-2.8461538461538463,94.0,74.0,99.0
0504.832,22.975,-7.800000000000001,94.0,73.99999999999999,98.99999999999999
0504.866,-26.25,-13.608333333333333,94.0,74.0,99.0
0504.898,-69.83333333333334,-19.56666666666667,94.0,74.0,99.0
0504.930,-106.0625,-26.253846153846155,94.0,74.0,99.0
0504.964,-138.625,-31.423076923076923,94.0,74.0,99.0
0504.997,-175.7,-36.125,94.3125,74.0,99.0
0505.030,-219.22307692307692,-38.5,98.125,74.0,99.0
0505.063,-267.79166666666663,-43.762499999999996,104.3125,74.0,99.0
0505.095,-304.55,-49.18888888888888,111.4375,74.0,99.0
0505.127,-330.2166666666667,-52.4,112.0,74.0,99.0
0505.167,-351.6,-55.41666666666667,109.0625,73.99999999999999,98.99999999999999
0505.199,-365.1,-57.016666666666666,105.0,74.0,99.0
0505.231,-368.6461538461538,-56.0,103.0,73.99999999999999,99.0
0505.263,-369.6333333333333,-53.73333333333333,101.0,74.0,99.0
0505.295,-372.98333333333335,-46.99230769230769,100.0,74.0,99.0
0505.327,-367.9,-41.53333333333334,100.0,74.0,99.00000000000001
0505.366,-351.95,-36.43333333333334,101.0,74.0,99.0
0505.397,-336.125,-30.5,100.0,74.0,99.0
0505.429,-319.5769230769231,-26.825,99.0,74.0,99.0
0505.462,-305.34999999999997,-21.31111111111111,98.0,74.0,99.0
0505.494,-295.2,-17.9375,96.5625,74.0,99.0
0505.533,-275.84999999999997,-13.474999999999998,96.0,74.0,99.0
0505.563,-254.8,-12.174999999999999,96.0,74.0,99.0
0505.595,-232.31666666666666,-10.623076923076923,96.0,74.0,99.0
0505.629,-199.8,-12.746153846153845,96.0,74.0,99.0
0505.663,-171.14999999999998,-13.100000000000001,96.0,74.0,99.0
0505.696,-145.09230769230768,-12.166666666666668,95.9375,74.0,99.0
0505.729,-126.94615384615385,-9.466666666666667,95.0,74.0,99.0
0505.762,-115.26666666666667,-6.200000000000001,95.1875,74.0,99.0
0505.794,-113.75833333333333,-2.7,97.375,74.0,99.0
0505.840,-108.5,2.1,107.1875,74.09821428571429,98.90178571428572
0505.866,-96.60000000000001,3.1166666666666667,111.375,74.17559523809524,98.82440476190476
0505.899,-75.86666666666667,5.415384615384616,112.25,74.27380952380952,98.72619047619048
0505.932,-45.93333333333334,7.361538461538462,109.375,74.37202380952381,98.62797619047618
0505.965,-13.023076923076923,7.708333333333333,106.125,74.4702380952381,98.5297619047619
0505.999,24.515384615384615,9.5,103.0,74.57142857142857,98.42857142857143
0506.032,54.333333333333336,11.2,102.0,74.66964285714286,98.33035714285714
0506.065,80.475,11.844444444444445,101.0,74.76785714285714,98.23214285714286
0506.099,110.45,12.616666666666667,101.0,74.86904761904762,98.13095238095238
0506.132,137.3153846153846,12.866666666666667,100.0,74.96726190476191,98.0327380952381
0506.166,168.03846153846155,13.325,98.5625,75.0,98.0
0506.199,192.95,14.592307692307692,96.5,75.0,98.0
0506.232,222.5,17.433333333333334,95.0,75.0,98.0
0506.265,245.55384615384617,20.5,95.0,75.0,98.0
0506.298,273.6461538461538,23.333333333333336,94.6875,75.0,98.0
0506.330,295.34999999999997,24.623076923076923,95.0,75.0,98.0
0506.363,311.475,25.1,94.25,75.0,98.0
0506.394,317.0,25.1,94.0,75.0,98.0
0506.435,311.4923076923077,28.475,94.25,75.0,98.0
0506.467,310.7230769230769,30.975,95.0,75.0,98.0
0506.498,316.78333333333336,31.555555555555557,95.0,75.05654761904762,98.0
0506.530,324.0,30.175,95.0,75.15178571428572,98.0
0506.563,324.1,29.1375,96.25,75.25,98.0
0506.595,313.2,28.166666666666668,99.75,75.34523809523809,98.0
0506.640,280.2,25.775000000000002,110.0625,75.47916666666666,98.0
0506.664,252.95833333333334,22.40833333333333,111.5625,75.55059523809524,98.0
0506.697,204.09166666666664,15.992307692307694,110.375,75.64880952380952,98.0
0506.729,144.13333333333333,7.449999999999999,108.375,75.74404761904762,98.0
0506.760,79.32307692307693,-0.2,106.4375,75.83630952380952,98.0
0506.802,-7.253846153846155,-8.4,102.8125,75.96130952380952,98.0
0506.835,-86.35,-15.8,101.0,76.0,98.0
0506.867,-163.98333333333335,-20.769230769230766,100.0,76.0,98.0
0506.900,-251.14166666666665,-25.633333333333336,100.0,76.0,98.0
0506.933,-329.64166666666665,-29.3,99.625,76.0,98.0
0506.964,-396.53846153846155,-31.624999999999996,98.6875,76.0,98.0
0506.996,-444.80000000000007,-35.99230769230769,96.6875,76.0,98.0
0507.026,-481.5,-42.607692307692304,95.0,76.0,98.0
0507.067,-534.55,-50.53333333333334,95.0,76.0,98.0
0507.097,-566.6333333333333,-53.8,95.0,76.0,98.0
0507.128,-596.2,-55.25,95.0,76.0,98.0
0507.160,-613.7416666666667,-55.530769230769224,95.0,76.0,98.0
0507.202,-640.8,-56.607692307692304,95.0,76.0,98.0
0507.234,-646.1875,-56.10769230769231,95.0,76.0,98.0
0507.265,-646.4,-55.9,94.0,76.0,98.0
0507.296,-634.1461538461539,-54.525,94.0,76.0,98.0
0507.328,-619.5999999999999,-55.199999999999996,94.0625,76.0,98.0
0507.360,-599.25,-54.675,97.125,76.0,98.0
0507.400,-564.9538461538461,-50.63333333333333,103.6875,76.0,98.0
0507.432,-529.4307692307692,-46.916666666666664,109.5625,76.0,98.0
0507.464,-494.76666666666665,-40.87692307692308,110.0,76.0,98.0
0507.494,-460.8833333333333,-36.333333333333336,107.5625,76.0,98.0
0507.534,-410.3,-33.65,105.0625,75.99999999999999,98.0
0507.566,-366.4444444444444,-30.53333333333334,103.0625,76.00000000000001,98.0
0507.597,-319.275,-29.2,101.125,76.0,98.0
0507.630,-273.45000000000005,-23.284615384615385,100.0,76.0,98.0
0507.663,-235.35000000000002,-18.116666666666667,100.0,76.0,98.0
0507.695,-199.36923076923077,-14.0,100.0,76.0,98.0
0507.727,-171.01666666666665,-10.566666666666666,99.0,76.0,98.0
0507.768,-152.1625,-6.276923076923078,97.4375,76.0,98.0
0507.799,-142.38333333333333,-2.6500000000000004,97.0,76.0,98.0
0507.830,-136.625,-1.3666666666666667,96.0,76.0,98.0
0507.861,-127.23333333333333,-0.13333333333333333,96.0,76.0,98.0
0507.893,-118.0,0.5230769230769231,96.0,76.0,98.0
0507.933,-114.51666666666668,0.8076923076923077,96.0,76.0,98.0
0507.964,-116.7,0.24615384615384617,96.0,76.0,98.0
0507.997,-110.2,0.44999999999999996,96.0,76.0,98.0
0508.028,-80.07499999999999,1.708333333333333,95.1875,76.0,98.0
0508.060,-32.3,3.2923076923076926,95.0,76.0,98.0
0508.101,23.75,5.95,96.375,76.0,98.0
0508.132,45.63333333333334,7.9833333333333325,99.625,76.0,98.0
0508.166,56.86923076923077,7.166666666666666,107.3125,76.0,97.99999999999999
0508.199,60.925,7.122222222222222,110.5,76.0,98.0
0508.232,77.175,6.65,110.0,76.0,98.0
0508.265,97.92500000000001,9.275,108.375,76.0,98.0
0508.298,127.55384615384615,11.85,106.3125,76.0,98.0
0508.332,155.26666666666668,15.125000000000002,105.0,76.0,97.99999999999999
0508.364,169.125,17.023076923076925,103.1875,76.0,98.0
0508.398,178.03333333333333,19.666666666666664,101.0,76.0,98.0
0508.430,176.69230769230768,19.299999999999997,100.0,76.0,98.0
0508.464,180.85384615384618,20.575,99.9375,76.0,98.0
0508.496,174.76666666666668,19.26153846153846,99.0,76.0,98.0
0508.528,168.85,21.4,97.9375,76.0,98.0
0508.559,167.70833333333334,22.866666666666667,97.0,76.0,98.0
0508.599,169.54615384615386,24.675,95.0,76.0,98.0
0508.630,181.625,24.166666666666668,94.0,76.0,98.0
0508.663,192.4375,22.724999999999998,94.0,76.0,98.0
0508.697,198.95,23.187500000000004,94.0,76.0,98.0
0508.734,194.8,25.05,94.0,76.0,98.0
0508.766,197.3,26.116666666666667,94.0,76.0,98.0
0508.799,214.7,27.23076923076923,93.0,76.0,98.0
0508.831,243.2,29.266666666666666,93.0,76.0,97.99999999999999
0508.863,272.7076923076923,30.625,93.125,75.99999999999999,98.0
0508.895,289.8,34.2,96.1875,76.0,98.0
0508.926,295.3666666666667,37.83846153846154,102.0,76.0,98.0
0508.968,296.1583333333333,42.90769230769231,109.625,76.0,98.0
0509.000,293.5,45.949999999999996,110.0,76.0,98.0
0509.033,291.12307692307695,48.75,107.3125,76.0,98.0
0509.065,296.5,49.983333333333334,105.3529411764706,76.0,98.0
0509.098,295.0,48.49230769230769,103.0,76.0,98.0
0509.131,298.3,45.825,101.1875,76.0,98.0
0509.164,290.7,45.35,99.1764705882353,76.0,98.0
0509.197,276.21538461538466,46.175,99.0,76.0,98.00000000000001
0509.230,258.43333333333334,45.98461538461538,99.0,76.0,98.0
0509.262,242.5,42.891666666666666,98.0,76.0,98.0
0509.294,221.43333333333334,39.25,97.0,76.0,98.0
0509.326,203.29166666666669,32.1,96.0,76.0,98.0
0509.373,162.29999999999998,24.775000000000002,95.0,76.0,98.0
0509.397,144.7,19.875,95.0,76.0,98.0
0509.428,112.81666666666668,14.366666666666667,95.0,76.0,98.0
0509.459,75.375,5.338461538461538,95.0,76.0,98.0
0509.499,25.06666666666667,-4.507692307692308,95.0,76.0,98.0
0509.531,-15.3,-12.45,95.8125,76.0,98.0
0509.562,-47.575,-16.700000000000003,96.0,76.0,98.0
0509.594,-77.77692307692308,-20.174999999999997,96.0,76.0,98.0
0509.627,-103.725,-22.53076923076923,95.0,76.0,98.0
0509.662,-150.625,-24.85,96.0,76.0,98.0
0509.694,-202.7833333333333,-27.2,99.875,76.0,98.0
0509.726,-264.11538461538464,-30.583333333333332,105.8125,76.0,98.0
0509.767,-319.75,-34.8625,111.0,76.0,98.0
0509.799,-348.2,-36.730769230769226,110.0,76.0,98.0
0509.830,-355.15,-39.8,106.5625,76.0,98.0
0509.861,-357.09999999999997,-39.699999999999996,104.625,76.0,98.0
0509.892,-354.625,-40.25833333333333,101.6875,76.0,98.0
0509.932,-361.20000000000005,-39.96923076923077,100.0,76.0,98.0
0509.963,-367.9333333333334,-42.85,99.0,76.0,98.0
0509.996,-378.46153846153845,-45.75,99.0,76.0,98.0
0510.029,-380.6461538461539,-48.8,99.0,76.0,98.0
0510.062,-383.9583333333333,-49.30769230769231,98.0625,76.0,98.0
0510.094,-384.4333333333334,-49.6875,98.0,76.0,98.0
0510.127,-390.2769230769231,-49.275,96.94117647058823,76.0,98.0
0510.160,-400.3538461538462,-48.9625,96.0,76.0,98.00000000000001
0510.202,-406.55384615384617,-49.2,95.29411764705881,76.0,98.00000000000001
0510.239,-406.1,-49.599999999999994,95.0,76.0,98.0
0510.264,-400.625,-48.89999999999999,95.0,76.0,98.0
0510.294,-387.81111111111113,-47.25,94.5,76.0,98.0
0510.327,-365.6,-45.099999999999994,94.0,76.0,98.0
0510.360,-322.80000000000007,-42.37692307692308,94.0,76.0,98.0
0510.406,-236.50000000000003,-36.96923076923077,94.0,76.0,98.0
0510.439,-163.5,-29.366666666666667,94.5625,76.0,98.0
0510.466,-104.21538461538461,-23.000000000000004,99.5,76.0,98.0
0510.499,-49.3,-13.2,104.80000000000001,76.0625,98.0
0510.531,9.216666666666665,-6.2,109.625,76.15773809523809,98.0
0510.563,51.95833333333333,0.35833333333333334,110.6875,76.25297619047619,98.0
0510.595,89.03333333333333,2.7076923076923083,108.6875,76.34821428571428,98.0
0510.627,117.925,4.833333333333334,104.6875,76.44345238095238,98.0
0510.668,148.95,5.644444444444445,102.125,76.56547619047619,98.0
0510.701,164.675,7.9,101.0625,76.66369047619048,98.0
0510.739,163.28333333333333,10.275,101.0,76.77678571428571,98.0
0510.768,159.66923076923078,12.491666666666665,101.0,76.86309523809524,98.0
0510.793,163.125,14.261538461538462,100.3125,76.9375,98.0
0510.839,175.3,18.06153846153846,100.0,77.00000000000001,98.00000000000001
0510.864,189.6,19.5,99.0,77.0,97.99999999999999
0510.895,202.90833333333333,20.266666666666666,98.0,77.0,98.0
0510.928,215.26666666666665,20.7,97.0,77.0,98.0
0510.960,220.35,19.061538461538465,96.0,77.0,98.0
0511.006,221.275,21.515384615384615,97.0,77.0,98.0
0511.024,218.925,22.737499999999997,97.0,77.0,98.0
0511.066,213.17499999999998,25.4,96.0,77.0,98.0
0511.099,211.15,26.0,96.0,77.0,98.0
0511.132,214.0,26.775,96.0,77.0,98.0
0511.165,230.65384615384613,29.391666666666666,96.9375,77.0,98.0
0511.198,253.9153846153846,35.03333333333333,97.0,77.0,98.0
0511.230,277.04999999999995,42.16923076923077,100.0,77.0,97.99999999999999
0511.264,287.60833333333335,48.41538461538461,107.375,77.0,98.0
0511.296,282.6,52.3,112.125,77.0,98.0
0511.329,251.48461538461535,57.80833333333333,114.0,77.0,98.0
0511.362,205.70833333333334,83.94166666666666,111.75,77.0,98.0
0511.396,165.10000000000002,109.46666666666667,109.625,77.0,98.0
0511.429,141.7,137.8375,106.5625,77.0,98.0
0511.462,138.33333333333334,143.7875,103.5,77.0,98.0
0511.495,138.86666666666667,148.3875,101.4375,77.0,98.0
0511.527,139.4666666666667,150.96666666666667,100.0,77.0,98.0
0511.568,136.7,154.65,101.0,77.0,98.0
0511.607,135.97500000000002,157.1375,101.0,77.0,98.0
0511.624,132.175,157.71666666666667,100.375,77.0,98.0
0511.665,118.11666666666666,161.13846153846154,95.8125,77.0,98.0
0511.697,107.88333333333333,161.26153846153846,93.8125,77.0,98.0
0511.728,98.43846153846154,162.80833333333334,93.00000000000001,77.0,98.0
0511.760,107.6,163.84615384615384,94.1875,77.0,98.0
0511.800,122.87500000000001,160.25384615384615,96.6875,77.0,98.0
0511.833,138.29999999999998,156.35384615384615,98.0,77.0,98.0
0511.866,145.80769230769232,146.85000000000002,97.0,76.99999999999999,98.0
0511.898,155.25384615384615,138.50833333333333,95.1875,77.0,98.0
0511.931,161.20000000000002,131.05833333333334,93.0,77.0,98.0
0511.962,173.70833333333334,123.1,92.0,77.0,98.0
0511.995,185.9,114.08888888888889,92.8235294117647,77.0,98.0
0512.028,190.97500000000002,102.44615384615385,94.875,77.0,98.0
0512.061,184.7923076923077,91.06666666666666,99.875,77.0,98.0
0512.093,158.0,72.58333333333334,108.8125,77.0,98.0
0512.126,122.44999999999999,51.892307692307696,110.0,77.0,98.0
0512.166,69.70909090909092,16.875,107.5,77.0,98.0
0512.198,28.05,-7.776923076923078,105.5,77.0,98.0
0512.230,-14.133333333333333,-27.46666666666667,104.0,77.0,98.0
0512.264,-57.47692307692308,-41.31666666666667,102.375,77.0,98.0
0512.297,-103.7,-53.900000000000006,101.3125,77.0,98.0
0512.330,-153.3,-66.53333333333333,100.0,77.0,98.0
0512.361,-210.95000000000002,-75.46153846153847,100.0,77.0,98.0
0512.394,-279.16153846153844,-80.45,99.0,77.0,98.0
0512.428,-343.7076923076923,-82.66666666666667,98.0,77.0,98.0
0512.461,-392.8,-83.68333333333334,97.0625,77.0,98.0
0512.502,-427.3,-81.00000000000001,95.5,77.0,98.0
0512.534,-432.66666666666663,-77.55,95.0,77.00000000000001,98.00000000000001
0512.567,-419.1,-70.35,95.0,77.0,98.0
0512.599,-396.6125,-64.43333333333334,96.0,77.0,98.0
0512.632,-373.22499999999997,-57.099999999999994,96.0,77.0,98.0
0512.664,-357.5769230769231,-49.83333333333333,96.0,77.0,98.0
0512.695,-346.0666666666666,-42.775000000000006,94.375,77.0,98.0
0512.726,-328.925,-36.84166666666666,92.4375,77.0,98.0
0512.768,-283.1,-32.10769230769231,91.0,77.0,98.0
0512.807,-211.25,-23.753846153846155,92.19999999999999,77.0,98.0
0512.832,-158.93076923076922,-16.315384615384616,95.53333333333335,77.0,98.0
0512.864,-89.66666666666666,-3.266666666666667,107.5625,77.0,98.0
0512.896,-37.075,5.411111111111111,113.35294117647058,77.0,98.0
0512.929,-1.6500000000000015,16.0,116.0,77.0,98.0
0512.961,12.115384615384615,23.4375,111.60000000000001,77.0,98.0
0512.992,7.383333333333333,31.333333333333332,107.4375,77.0,98.0
0513.032,-1.9166666666666665,39.3,100.3125,77.0,98.0
0513.064,-0.7,43.8,98.3125,77.0,98.0
0513.095,15.522222222222222,48.2,98.0,77.0,98.0
0513.128,41.46666666666667,51.150000000000006,100.6875,77.0,98.0
0513.162,72.725,53.36153846153846,102.8125,77.0,98.00000000000001
0513.195,96.2,54.88461538461539,102.125,77.00000000000001,98.00000000000001
0513.228,106.11538461538461,57.766666666666666,99.125,77.0,98.0
0513.262,108.87692307692308,62.075,93.875,77.0,98.0
0513.293,104.35,64.0625,91.0,77.0,98.0
0513.335,100.4,62.8,91.0,77.0,98.0
0513.367,107.50833333333333,61.63846153846154,91.625,77.0,98.0
0513.397,122.15384615384615,59.650000000000006,93.5,77.0,98.0
0513.428,148.22307692307695,64.69166666666666,97.4375,77.0,98.0
0513.461,164.26666666666668,69.51538461538462,100.5,77.0,98.0
0513.493,167.9,72.98333333333333,102.0,77.0,97.99999999999999
0513.534,157.94615384615386,70.65,97.875,77.0,98.0
0513.566,145.03333333333333,66.45,93.9375,77.0,98.0
0513.599,123.05,62.93333333333334,92.125,77.0,98.0
0513.632,113.75,62.37692307692307,95.5625,77.0,98.0
0513.664,120.375,66.06153846153846,105.5625,77.0,98.0
0513.696,141.75,118.86666666666667,111.375,77.0,98.0
0513.729,171.16666666666669,190.71666666666667,114.25,77.0,98.0
0513.762,201.95,262.29166666666663,113.6875,77.0,98.0
0513.794,232.23333333333335,297.05384615384617,111.375,77.0,98.0
0513.827,250.01666666666668,295.02500000000003,103.875,76.99999999999999,98.0
0513.859,250.79166666666666,282.73333333333335,99.25,77.0,98.0
0513.900,235.85000000000002,263.35,96.0625,77.0,98.0
0513.932,237.375,251.37500000000003,96.9375,77.0,98.0
0513.963,237.91666666666669,239.25384615384615,97.875,77.0,98.0
0513.996,239.53846153846155,229.10000000000002,98.0,77.0,98.0
0514.028,225.61666666666665,218.96666666666667,97.0,77.0,98.0
0514.060,204.65,211.5,96.0,77.0,98.0
0514.092,177.29999999999998,198.8,93.0625,77.0,98.0
0514.132,140.8,185.0916666666667,90.0,77.0,98.0
0514.164,116.77777777777777,172.95,90.0,77.0,98.0
0514.198,98.675,165.5,91.5625,77.0,98.0
0514.230,82.1,159.77692307692308,94.0,77.0,98.0
0514.262,79.1,158.64999999999998,93.4375,77.0,98.0
0514.294,90.9888888888889,157.375,92.0,77.0,98.0
0514.328,133.83333333333334,157.25,91.0,77.0,98.0
0514.361,183.60000000000002,153.22500000000002,91.0,77.0,98.0
0514.396,237.58333333333331,162.96666666666667,94.875,77.0,98.0
0514.429,274.95384615384614,214.45,101.0,77.0,98.0
0514.463,300.2,262.6,113.375,77.0,98.0
0514.494,314.78333333333336,307.20000000000005,118.0,76.99999999999999,97.94940476190476
0514.527,317.25000000000006,307.3076923076923,115.75,77.0,97.85119047619047
0514.568,311.8,289.6384615384615,107.625,77.0,97.72916666666667
0514.593,304.3125,279.34166666666664,103.5,77.0,97.65476190476191
0514.626,294.05,267.625,98.6875,77.0,97.55654761904762
0514.673,303.24615384615385,305.0333333333333,97.0,77.0,97.41666666666666
0514.691,313.35,329.8583333333333,97.0,77.0,97.36309523809524
0514.734,353.5,379.3666666666667,98.0,77.0,97.23511904761905
0514.766,373.4125,383.26666666666665,97.9375,77.0,97.13988095238096
0514.802,386.025,351.0846153846154,95.6875,77.0,97.03273809523809
0514.827,389.3833333333333,329.975,95.0,77.0,97.00000000000001
0514.868,397.875,303.1333333333333,93.0,77.0,97.0
0514.901,414.0083333333333,294.03749999999997,92.5,77.0,97.0
0514.933,436.8,287.4222222222222,92.0,77.0,97.0
0514.964,454.71538461538466,286.01666666666665,92.4375,77.0,97.0
0514.990,458.25,288.53333333333336,93.0,77.0,97.0
0515.032,435.6416666666667,290.51666666666665,93.0,77.0,97.0
0515.065,413.2583333333333,292.09999999999997,93.0,77.0,97.0
0515.098,413.70833333333337,411.1615384615385,93.8125,77.0,97.0
0515.132,431.5846153846154,589.125,95.9375,77.0,97.0
0515.164,455.0,750.2833333333333,97.9375,77.0,97.0
0515.197,458.0666666666667,826.2833333333333,104.0,77.0,97.00000000000001
0515.230,443.8,780.5166666666667,108.125,77.0,97.0
0515.262,408.9,704.3666666666667,112.0,77.0,97.00000000000001
0515.296,339.6375,621.3166666666667,111.625,77.0,97.0
0515.329,269.21538461538466,550.0692307692307,108.75,77.0,97.0
0515.361,188.9153846153846,473.4769230769231,106.0,77.0,97.0
0515.392,117.36923076923075,373.45,106.0,77.0,97.0
0515.432,29.85,214.8,106.3125,77.0,97.0
0515.465,-47.800000000000004,47.43333333333334,105.25,77.0,97.0
0515.498,-125.01666666666667,-112.16666666666667,104.1875,77.0,97.0
0515.531,-201.2,-248.93076923076922,102.0,77.00000000000001,97.0
0515.563,-266.0615384615385,-345.5666666666667,101.0,77.0,97.0
0515.597,-328.8083333333333,-398.75,101.0,77.0,97.0
0515.628,-384.525,-437.9769230769231,101.0,77.0,97.0
0515.660,-435.73333333333335,-461.1583333333333,101.0,77.0,97.0
0515.700,-486.92499999999995,-489.20000000000005,101.0,77.0,97.0
0515.732,-537.5384615384615,-501.425,100.5625,77.0,97.0
0515.766,-600.2333333333333,-511.40000000000003,99.0,77.0,97.0
0515.797,-669.8166666666666,-515.4444444444443,98.0,77.0,97.0
0515.829,-743.3916666666665,-510.6,97.0,77.0,97.0
0515.861,-787.65,-498.95,97.0,77.0,97.0
0515.893,-812.4,-479.15,97.0,77.0,97.0
0515.939,-781.3083333333333,-450.025,97.0,77.0,97.0
0515.966,-752.2,-429.75,96.125,77.0,97.0
0515.998,-698.5769230769231,-407.15000000000003,101.375,77.0,97.0
0516.030,-650.8083333333333,-382.6,107.2,77.0,97.0
0516.063,-609.6500000000001,-357.24615384615385,113.1875,77.0,97.0
0516.096,-572.9666666666667,-339.44444444444446,112.75,77.0,97.0
0516.128,-546.05,-324.4,109.5,77.0,97.0
0516.160,-511.2769230769231,-313.2875,104.5,77.0,97.0
0516.192,-461.1,-301.03333333333336,100.75,77.0,97.0
0516.232,-398.9083333333333,-282.1307692307692,97.25,77.0,97.00000000000001
0516.263,-358.70000000000005,-268.3,97.0,77.0,97.0
0516.295,-324.3923076923077,-256.125,96.3125,77.0,97.0
0516.327,-305.4,-243.1,95.3125,77.0,97.0
0516.366,-283.95000000000005,-227.1,94.875,77.0,97.0
0516.398,-263.325,-208.8,93.0,77.0,97.0
0516.431,-244.60000000000002,-194.3,92.0,77.0,97.0
0516.465,-219.43333333333334,-178.12307692307692,92.0,77.0,97.0
0516.496,-206.73076923076923,-164.7125,92.25,77.0,97.0
0516.529,-199.84166666666664,-152.36666666666667,93.0,77.0,97.0
0516.563,-197.5,-142.0,94.0,77.0,97.0
0516.595,-186.20833333333331,-133.86666666666667,93.0,77.0,97.0
0516.627,-167.06153846153848,-127.95,92.0,77.0,97.0
0516.659,-136.53333333333333,-121.8,92.0,77.0,97.0
0516.700,-95.4,-115.0,92.0,77.0,97.0
0516.731,-68.86666666666667,-111.43333333333332,94.76470588235294,77.0,97.0
0516.764,-54.45,-106.025,100.0,77.0,97.0
0516.797,-53.550000000000004,-99.6875,109.0625,77.0,97.0
0516.830,-55.875,-74.28461538461539,111.0,77.0,97.0
0516.863,-57.01538461538462,-44.123076923076916,107.8125,77.0,97.0
0516.894,-55.974999999999994,-18.1,104.875,77.0,97.0
0516.926,-44.0125,-2.2846153846153845,103.0,77.0,97.0
0516.966,-25.0,-3.4692307692307693,100.375,77.0,97.0
0516.998,-5.369230769230769,-3.6307692307692307,98.375,77.0,97.0
0517.030,17.30833333333333,-5.483333333333333,98.0,77.0,97.0
0517.061,36.324999999999996,-5.775,98.0,77.0,97.0
0517.094,50.85,-3.9230769230769234,99.0,77.0,97.0
0517.127,54.33076923076923,-4.2,98.3125,77.0,97.0
0517.168,40.883333333333326,-6.6,97.0,77.0,97.00000000000001
0517.199,19.99230769230769,-12.099999999999998,95.8125,77.0,97.0
0517.232,-8.933333333333334,-20.65,95.0,77.0,97.00000000000001
0517.266,-36.575,-32.707692307692305,95.375,77.0,97.0
0517.298,-63.16666666666667,-47.208333333333336,96.0,77.0,97.0
0517.331,-90.7923076923077,-59.75833333333333,96.0,77.0,97.0
0517.363,-117.56666666666668,-71.3,96.4375,77.0,97.0
0517.395,-128.14166666666665,-83.88461538461539,97.0,77.0,97.0
0517.427,-139.45384615384614,-96.75833333333333,97.0,77.0,97.0
0517.460,-141.48333333333332,-108.66666666666666,97.0,77.0,97.0
0517.500,-152.85,-118.3,100.0,76.99999999999999,97.0
0517.533,-161.0,-128.2,106.0,77.0,97.0
0517.566,-183.85384615384615,-137.90769230769232,111.1875,77.0,97.0
0517.599,-222.9923076923077,-152.32500000000002,111.5,77.0,97.0
0517.631,-268.04999999999995,-163.2,108.5,77.0,97.0
0517.663,-318.41666666666663,-171.27692307692308,103.75,77.0,97.0
0517.694,-368.49999999999994,-177.85,101.8125,77.0,97.0
0517.727,-422.79230769230765,-180.10000000000002,100.75,77.0,97.0
0517.767,-483.48333333333335,-186.55,99.0,77.0,97.0
0517.800,-524.6666666666667,-192.11666666666667,99.0,77.0,97.0
0517.832,-554.2,-196.8846153846154,99.0,77.0,97.0
0517.864,-579.4153846153846,-199.5,99.0,76.99999999999999,96.99999999999999
0517.895,-599.95,-201.75,98.25,77.0,97.0
0517.928,-627.35,-202.625,97.0,77.0,97.0
0517.960,-657.45,-204.46666666666667,96.1875,77.0,97.0
0518.000,-692.7333333333333,-205.53846153846155,95.75,77.0,97.0
0518.033,-716.3833333333333,-205.20000000000002,95.0,77.0,97.0
0518.065,-731.6999999999999,-204.325,95.0,77.0,97.0
0518.099,-750.6166666666667,-202.7,95.0,77.0,97.0
0518.132,-760.9230769230769,-201.0111111111111,94.5,77.0,97.0
0518.165,-760.9461538461538,-200.39166666666665,94.0,77.00000000000001,97.0
0518.198,-759.8833333333333,-198.44166666666666,94.0,77.0,97.0
0518.232,-751.9,-196.31666666666666,94.75,77.0,97.00000000000001
0518.265,-749.1,-191.46923076923076,98.625,77.0,97.0
0518.297,-739.9846153846154,-186.11666666666667,103.4375,77.0,97.0
0518.329,-736.2333333333333,-180.14166666666668,109.8125,77.0,97.0
0518.360,-726.825,-177.5222222222222,110.0,77.0,97.0
0518.402,-712.55,-170.5,104.625,77.0,97.0
0518.427,-700.6222222222223,-167.55,103.0625,77.0,97.0
0518.469,-678.0615384615385,-157.75,100.4375,77.0,97.0
0518.492,-662.925,-154.79999999999998,99.0,77.0,97.0
0518.535,-639.85,-146.175,98.0,77.0,97.0
0518.566,-624.775,-142.64444444444445,98.0,77.0,97.00000000000001
0518.597,-611.5,-138.9,98.0,77.0,97.0
0518.628,-598.2416666666666,-135.09166666666667,98.0,77.0,97.0
0518.668,-575.55,-128.03333333333333,97.0,77.0,97.0
0518.698,-556.65,-123.0,96.0,77.0,97.0
0518.730,-536.5384615384614,-117.74166666666665,95.125,77.0,97.0
0518.762,-512.6999999999999,-111.53333333333333,95.0,77.0,97.0
0518.794,-491.95833333333337,-107.35,95.0,77.0,97.0
0518.826,-466.0,-101.77692307692307,95.0,77.04166666666667,97.04166666666667
0518.866,-425.75,-95.93333333333334,95.0,77.16071428571428,97.16071428571429
0518.897,-382.4076923076923,-91.23333333333333,95.0,77.25297619047619,97.25297619047618
0518.928,-332.9333333333334,-85.1,96.0,77.34523809523809,97.3452380952381
0518.967,-265.48333333333335,-77.2,96.6875,77.46130952380952,97.46130952380952
0518.997,-216.75833333333333,-70.25,99.125,77.55059523809524,97.55059523809524
0519.030,-165.75384615384615,-63.550000000000004,107.875,77.64880952380952,97.64880952380952
0519.061,-128.64999999999998,-59.10000000000001,111.5625,77.74107142857143,97.74107142857142
0519.092,-96.4,-55.400000000000006,111.5,77.83333333333333,97.83333333333334
0519.132,-58.4,-53.28461538461538,107.0,77.95238095238095,97.95238095238095
0519.165,-35.669230769230765,-50.15,104.9375,78.0,98.00000000000001
0519.197,-9.73076923076923,-44.925,101.9375,78.0,98.0
0519.229,12.45,-41.233333333333334,99.9375,78.0,98.0
0519.260,27.5,-37.56923076923077,99.0,78.0,98.0
0519.299,53.53846153846154,-33.36153846153846,99.0,78.0,98.0
0519.331,72.11666666666667,-29.5,99.0,78.0,98.0
0519.363,90.25,-25.508333333333333,98.5,78.0,98.0
0519.395,101.70000000000002,-23.28888888888889,97.5,78.0,98.0
0519.426,114.28461538461538,-21.7375,96.5625,78.0,98.0
0519.468,141.75,-19.5,95.0,78.0,98.0
0519.500,159.93076923076922,-17.112499999999997,95.0,78.0,97.99999999999999
0519.530,168.9,-14.246153846153847,95.0,78.00000000000001,98.0
0519.561,174.175,-13.23846153846154,95.0,78.0,98.0
0519.593,184.6,-9.733333333333334,95.0,78.0,98.0
0519.633,217.50000000000003,-7.55,95.0,78.0,98.0
0519.665,252.20000000000002,-5.25,95.0,78.0,98.0
0519.696,274.6,-0.7,95.3125,78.0,98.0
0519.729,291.81538461538463,3.284615384615385,98.75,78.0,98.0
0519.763,296.8,6.9,107.5,78.0,98.0
0519.796,304.8,8.066666666666666,112.125,78.0,98.0
0519.828,299.4333333333333,8.3,111.4375,78.0,98.0
0519.869,298.48333333333335,8.8,108.75,78.0,98.0
0519.902,291.4083333333333,6.584615384615384,104.86666666666667,78.0,98.0
0519.940,279.9,6.161538461538461,102.47058823529412,78.0,98.0
0519.969,264.23333333333335,4.0,101.625,78.0,98.0
0520.002,237.575,3.15,99.5625,78.0,98.0
0520.034,211.0,0.44615384615384607,99.0,78.0,98.0
0520.068,181.55,-4.338461538461539,98.4375,78.0,98.0
0520.100,144.25555555555556,-7.333333333333334,98.0,78.0,98.0
0520.133,95.425,-11.541666666666666,97.0,78.0,98.0
0520.164,41.3125,-15.433333333333334,95.4375,78.0,98.00000000000001
0520.196,-20.866666666666667,-22.35833333333333,95.0,78.0,98.0
0520.227,-69.2375,-28.824999999999996,94.0,78.0,98.0
0520.259,-115.5,-34.300000000000004,94.0,78.0,98.0
0520.299,-171.75000000000003,-38.9,95.0,78.0,98.0
0520.331,-207.11538461538458,-43.525,96.0,78.0,98.0
0520.364,-239.1769230769231,-45.475,96.0,78.0,98.0
0520.397,-255.98333333333332,-48.025,96.0,78.0,98.0
0520.429,-266.95000000000005,-48.430769230769236,96.0,78.0,98.0
0520.461,-284.9769230769231,-49.83333333333334,98.25,78.0,98.0
0520.492,-315.4153846153846,-53.13333333333333,103.1875,78.0252976190476,98.0
0520.533,-360.7,-52.416666666666664,110.25,78.08630952380952,97.99999999999999
0520.565,-390.3833333333333,-51.1,113.375,78.13392857142857,98.0
0520.598,-412.2625,-51.225,111.625,78.18303571428571,98.0
0520.631,-433.32500000000005,-53.83076923076923,107.25,78.23214285714286,98.0
0520.663,-449.22499999999997,-55.9,105.25,78.27976190476191,98.0
0520.694,-458.8666666666667,-56.675,103.3125,78.32589285714286,98.0
0520.740,-459.6,-56.8,100.4375,78.39434523809524,98.0
0520.769,-450.42499999999995,-55.63333333333334,100.0,78.4375,98.0
0520.802,-433.62499999999994,-53.06666666666666,100.0,78.48660714285714,98.0
0520.840,-403.6,-48.3,99.0,78.54315476190476,98.0
0520.865,-381.1,-45.95,97.0,78.58035714285714,98.0
0520.896,-349.25,-41.699999999999996,95.84375,78.6264880952381,98.0
0520.929,-314.7,-36.48461538461538,95.0,78.67559523809524,98.0
0520.960,-273.53846153846155,-33.53333333333334,94.0,78.72172619047619,98.0
0521.001,-219.58461538461538,-28.2,94.0,78.7827380952381,98.0
0521.034,-174.92499999999998,-25.950000000000003,94.0,78.83184523809524,98.0
0521.067,-137.90833333333333,-22.225,94.0,78.88095238095238,98.0
0521.100,-106.75833333333333,-18.769230769230766,94.0,78.93005952380953,98.0
0521.133,-61.030769230769224,-13.966666666666667,94.0,78.97916666666666,98.0
0521.167,-3.775,-6.533333333333333,95.0,79.0,98.0
0521.198,54.73333333333333,-0.6500000000000001,95.1875,79.0,98.0
0521.230,101.8,5.853846153846153,98.375,79.0,98.0
0521.262,143.84615384615384,9.492307692307692,106.375,79.0,98.0
0521.294,179.23333333333335,9.933333333333334,111.1875,79.0,98.0
0521.326,200.36666666666667,12.166666666666668,111.8125,79.0,98.0
0521.366,230.59166666666667,13.2125,108.3125,79.0,98.0
0521.396,242.08333333333331,15.4,106.4375,79.0,98.0
0521.429,250.26923076923075,17.387500000000003,103.375,79.0,98.0
0521.461,251.58333333333334,19.4,101.375,79.0,98.0
0521.493,242.06666666666666,20.89230769230769,100.0,79.00000000000001,98.0
0521.539,232.84999999999997,20.066666666666666,100.0,79.0,98.00000000000001
0521.566,226.60000000000002,20.049999999999997,99.0,79.0,98.0
0521.597,219.20833333333331,19.674999999999997,98.8125,79.0,98.0
0521.629,211.95,19.93846153846154,97.8125,79.0,98.0
0521.660,199.23333333333335,17.675,96.0,79.0,98.0
0521.700,178.1,15.433333333333335,95.375,79.0,98.0
0521.733,153.9,11.133333333333333,95.0,79.0,98.0
0521.766,112.8,8.049999999999999,95.0,79.0,98.0
0521.798,67.80000000000001,3.1,95.0,79.0,98.0
0521.830,6.65,-0.5,95.0,79.0,98.0
0521.861,-41.258333333333326,-4.775,95.0,79.0,98.0
0521.893,-85.10000000000001,-10.225000000000001,95.0,79.0,98.0
0521.939,-123.2375,-17.625,95.0,79.0,98.0
0521.968,-141.20000000000002,-23.3,95.0,79.0,98.0
0522.000,-164.06923076923078,-27.4,96.75,79.0,98.0
0522.032,-188.4,-30.849999999999998,102.125,79.0,98.0
0522.065,-220.9,-31.53846153846154,108.3125,79.0,98.0
0522.099,-262.4833333333333,-32.6,113.0,79.0,98.0
0522.132,-309.63846153846157,-33.3,112.375,79.0,98.0
0522.164,-347.03846153846155,-36.21666666666667,108.375,79.0,98.0
0522.195,-371.95833333333337,-38.3625,106.4375,79.0,98.0
0522.226,-393.4846153846154,-41.25,104.5,79.0,98.0
0522.273,-423.17692307692306,-41.96666666666667,101.0,79.0,98.0
0522.299,-447.0076923076923,-44.50833333333333,100.0,79.0,98.0
0522.331,-466.1333333333334,-45.35,100.0,79.0,98.0
0522.364,-475.1,-45.62307692307693,100.0,79.0,98.0
0522.396,-484.71538461538466,-45.516666666666666,98.875,79.0,98.0
0522.428,-482.30833333333334,-44.075,97.875,79.0,98.0
0522.460,-474.65000000000003,-43.93333333333333,96.875,79.0,98.0
0522.501,-456.9,-42.93333333333334,95.0,79.0,98.0
0522.532,-442.6,-41.55384615384615,94.375,79.0,98.0
0522.564,-424.975,-38.89999999999999,94.0,79.0,98.0
0522.596,-407.8153846153846,-36.349999999999994,94.0,79.0,98.0
0522.628,-392.78333333333336,-34.7,94.0,79.0,98.0
0522.660,-372.85833333333335,-33.12222222222222,94.0,79.0,98.0
0522.699,-334.475,-29.4,94.0,79.0,98.0
0522.730,-294.20769230769224,-27.0,94.0,79.0,98.0
0522.761,-257.6,-22.083333333333332,94.0,79.0,98.0
0522.795,-222.0,-17.99230769230769,98.1875,79.0,98.0
0522.829,-184.35000000000002,-14.71111111111111,104.5625,78.99999999999999,98.0
0522.862,-153.53076923076924,-9.484615384615385,110.25,79.0,98.0
0522.893,-132.575,-7.941666666666667,111.0,79.0,98.0
0522.939,-96.94999999999999,-3.9,107.9375,79.0,98.0
0522.964,-84.1,-2.566666666666667,105.375,79.0,98.0
0522.995,-72.53333333333333,-0.5923076923076923,103.4375,79.0,98.0
0523.027,-60.15384615384615,0.9,102.0,79.0,98.0
0523.060,-45.800000000000004,1.5,100.0,79.0,98.0
0523.092,-29.549999999999997,3.5916666666666663,100.0,79.0,98.0
0523.133,-9.430769230769231,6.433333333333334,100.0,79.0,98.0
0523.165,-3.930769230769231,9.3875,100.0,78.99999999999999,98.0
0523.198,1.3833333333333333,10.4125,98.75,79.0,98.0
0523.230,4.95,11.166666666666668,97.0,79.0,98.0
0523.264,6.541666666666666,13.538461538461538,96.0,79.0,98.0
0523.297,6.288888888888889,15.75,96.0,79.0,98.0
0523.331,7.2615384615384615,18.675,95.0,79.0,98.0
0523.365,11.600000000000001,21.46666666666667,95.0,79.0,98.0
0523.398,11.083333333333334,20.9,96.0,79.0,98.0
0523.430,9.041666666666664,22.033333333333335,96.0,79.0,98.0
0523.463,7.815384615384615,20.266666666666666,95.0,79.0,98.0
0523.494,14.3,22.25,95.0,79.0,98.0
0523.534,37.25,29.583333333333336,95.0,79.0,98.0
0523.566,62.275000000000006,37.4,96.25,79.0,98.0
0523.597,88.44444444444444,41.65,101.5625,79.0,98.0
0523.628,111.69166666666666,43.81666666666666,107.35294117647058,79.0,98.0
0523.660,134.79999999999998,43.175,112.25,79.0,98.0
0523.706,165.75,44.45,112.05882352941177,79.0,98.0
0523.731,179.11666666666667,43.05,109.94117647058823,79.0,98.0
0523.762,186.66923076923078,41.55,106.5,79.0,98.0
0523.793,196.5625,39.625,104.58823529411765,79.0,98.0
0523.833,197.3,40.1,102.0625,79.0,98.0
0523.864,196.86666666666667,38.824999999999996,101.0,79.0,98.00000000000001
0523.897,194.49230769230772,37.825,100.0,79.0,98.0
0523.931,199.22500000000002,33.7,100.0,79.0,98.0
0523.963,212.79999999999998,34.57692307692308,99.0,79.0,98.0
0523.995,221.6,35.90769230769231,97.0,79.0,98.0
0524.028,235.37692307692308,35.1375,95.875,79.0,98.0
0524.061,242.65833333333333,34.0875,95.0,79.0,98.0
0524.093,248.1,31.025,94.0,79.0,98.0
0524.133,249.66250000000002,31.308333333333334,94.0,79.0,98.0
0524.164,245.45833333333331,30.7,93.375,78.98475609756098,98.0
0524.196,233.7923076923077,31.433333333333334,94.0,78.93597560975611,98.00000000000001
0524.229,222.44166666666666,33.31666666666666,94.0,78.88567073170732,98.0
0524.261,207.60000000000002,31.284615384615385,94.0,78.83689024390243,98.0
0524.292,194.33846153846153,28.525,94.0,78.78963414634146,98.0
0524.338,174.81538461538463,22.633333333333333,94.0,78.71951219512195,98.0
0524.366,162.82500000000002,18.716666666666665,94.0,78.67682926829269,98.0
0524.398,150.79230769230767,13.330769230769231,96.5,78.6280487804878,98.0
0524.430,128.26666666666668,6.4,100.75,78.57926829268293,98.0
0524.464,80.26249999999999,0.2583333333333333,107.75,78.52743902439025,98.0
0524.496,22.975,-7.833333333333334,112.375,78.47865853658536,98.0
0524.529,-35.800000000000004,-14.6,111.5625,78.42835365853658,98.0
0524.561,-86.03846153846155,-24.5,107.5625,78.3795731707317,98.0
0524.594,-129.8,-31.9,105.5,78.32926829268293,98.0
0524.626,-167.6583333333333,-37.94166666666666,103.5,78.28048780487805,98.0
0524.666,-224.9,-42.150000000000006,101.0,78.21951219512195,98.0
0524.697,-271.55384615384617,-45.353846153846156,100.0,78.17225609756098,98.0
0524.728,-323.9,-47.425000000000004,100.0,78.125,98.0
0524.759,-368.1833333333334,-51.233333333333334,100.0,78.07774390243902,98.0
0524.800,-416.77500000000003,-55.0,98.625,78.01524390243902,98.0
0524.833,-448.0,-56.42307692307693,97.5625,77.99999999999999,98.0
0524.866,-475.275,-55.599999999999994,96.5,78.0,98.00000000000001
0524.899,-499.0,-55.766666666666666,95.0,78.0,98.0
0524.934,-517.3,-55.7,95.0,78.0,98.0
0524.966,-531.775,-57.4125,95.0,78.0,98.0
0524.999,-536.1833333333333,-60.9,94.0,78.0,98.0
0525.031,-537.3076923076924,-62.7375,95.0,78.0,98.0
0525.062,-531.1166666666667,-62.5625,95.0,78.0,98.0
0525.095,-513.8249999999999,-60.9875,94.125,78.0,98.0
0525.128,-494.7846153846154,-57.353846153846156,94.0,78.0,98.0
0525.161,-465.7,-54.150000000000006,94.0,77.95238095238095,98.0
0525.194,-441.2,-51.05,94.0625,77.85416666666667,98.0
0525.235,-411.5666666666666,-46.96666666666667,97.25,77.73214285714286,98.0
0525.267,-395.2833333333333,-45.175,102.875,77.63690476190476,98.0
0525.300,-378.16923076923075,-40.246153846153845,110.6875,77.53869047619048,98.0
0525.333,-367.5,-37.083333333333336,112.0,77.44047619047619,98.0
0525.366,-361.10769230769233,-36.56666666666667,108.1875,77.34226190476191,98.0
0525.397,-358.85,-37.1,105.5,77.25,98.0
0525.430,-360.53846153846155,-37.815384615384616,103.1875,77.15178571428571,98.0
0525.462,-355.3461538461538,-36.56666666666666,101.1875,77.05654761904762,98.0
0525.494,-356.0,-32.958333333333336,100.0,77.0,98.0
0525.539,-353.4583333333333,-29.9875,99.625,77.0,98.0
0525.567,-354.0,-30.2,100.0,77.0,98.0
0525.601,-345.2833333333333,-30.9,99.0,77.0,98.0
0525.633,-337.7,-31.333333333333332,98.0,77.0,98.0
0525.666,-329.8,-31.3,97.0,77.0,98.0
0525.699,-325.225,-29.025,96.0,77.0,98.0
0525.732,-327.8,-28.550000000000004,95.0,77.0,98.0
0525.764,-323.06666666666666,-27.1,95.0,77.0,98.0
0525.796,-318.4923076923077,-28.63076923076923,95.0,77.0,98.0
0525.827,-310.44615384615383,-26.5,95.0,77.0,98.0
0525.868,-298.9166666666667,-23.53333333333333,95.0,77.0,98.0
0525.899,-290.7,-21.0,95.0,77.0,98.0
0525.931,-274.5076923076923,-19.333333333333336,94.93333333333334,77.0,98.0
0525.964,-250.6,-20.724999999999998,94.0,77.0,98.0
0525.999,-218.45384615384617,-18.7,94.33333333333334,77.0,98.0
0526.032,-190.6166666666667,-17.65,95.875,77.0,98.0
0526.063,-169.2,-15.216666666666667,100.125,77.0,98.0
0526.097,-152.69166666666666,-13.876923076923077,109.5,77.0,98.0
0526.128,-147.6,-13.083333333333332,112.41176470588235,77.0,98.0
0526.161,-142.7,-11.216666666666669,110.5,77.0,98.0
0526.201,-136.65,-9.125,108.0,77.0,98.0
0526.233,-135.27499999999998,-8.13076923076923,106.0,77.0,98.0
0526.266,-133.16666666666669,-9.049999999999999,102.9375,77.0,98.0
0526.298,-136.70000000000002,-9.866666666666667,101.0,77.0,98.0
0526.332,-135.79999999999998,-10.3,100.0,77.0,98.0
0526.364,-129.5666666666667,-10.73076923076923,101.0,77.0,98.0
0526.397,-115.62307692307692,-10.2,100.75,77.0,98.0
0526.429,-98.41538461538461,-9.4,99.75,77.0,98.0
0526.463,-76.9,-7.1625,97.625,77.0,98.0
0526.497,-59.30000000000001,-2.675,95.5,77.0,98.0
0526.529,-46.15,1.4461538461538463,95.0,77.0,98.0
0526.562,-27.423076923076923,4.2,94.0,77.0,98.0
0526.595,-7.3,6.9,94.0,77.0,98.0
0526.629,18.662499999999998,7.7666666666666675,94.75,77.0,98.0
0526.663,34.0,8.546153846153846,95.0,77.0,98.0
0526.694,38.223076923076924,8.991666666666667,95.0,77.0,98.0
0526.734,44.5,6.75,95.0,77.0,98.0
0526.766,65.9,5.175,95.0,77.0,98.0
0526.798,89.475,3.6,95.0,77.0,98.0
0526.832,108.15384615384616,4.353846153846154,95.0,76.93154761904762,98.0
0526.865,120.73333333333333,5.418181818181818,97.0,76.83333333333334,98.0
0526.897,124.80000000000001,6.758333333333333,105.5,76.73809523809524,98.0
0526.929,132.15,11.0,111.0,76.64285714285714,98.0
0526.962,136.7923076923077,15.976923076923079,112.4375,76.54464285714286,98.0
0526.994,140.3923076923077,20.6,109.875,76.44940476190476,98.0
0527.026,142.36666666666665,24.98333333333333,107.4375,76.35416666666667,98.0
0527.067,144.75,25.925000000000004,103.875,76.23214285714286,98.0
0527.098,139.63076923076923,25.43333333333333,101.9375,76.13988095238095,98.0
0527.132,131.0,26.061538461538458,98.8125,76.03869047619047,98.0
0527.167,119.36923076923077,25.766666666666666,97.625,76.0,98.0
0527.201,110.10000000000001,29.450000000000003,97.0,76.0,98.0
0527.233,108.07499999999999,32.1,97.0,76.0,98.0
0527.264,106.94615384615385,37.88461538461539,97.0,76.0,98.0
0527.296,109.675,42.1,95.0,76.0,98.0
0527.328,112.06666666666668,51.0,94.0,76.0,98.0
0527.360,117.35833333333335,59.03846153846154,93.0,76.0,98.0
0527.399,123.1625,65.55555555555557,93.0,76.0,98.0
0527.431,132.5111111111111,66.325,93.0,76.0,98.0
0527.464,140.825,60.95,94.0,76.0,98.0
0527.495,145.225,60.025,94.0,76.0,98.0
0527.533,152.26666666666668,59.75,94.0,76.0,97.99999999999999
0527.566,155.15384615384616,59.650000000000006,94.0,76.0,98.0
0527.601,169.15384615384616,60.45,94.0,76.0,98.0
0527.633,195.95,58.3,94.0,76.0,98.0
0527.663,225.12500000000003,57.516666666666666,94.0,76.0,98.0
0527.694,260.8,58.776923076923076,96.625,76.0,98.0
0527.727,292.5846153846154,57.5,102.125,76.0,98.0
0527.769,315.5888888888889,59.5,112.0,76.0,98.0
0527.794,317.89166666666665,58.375,113.0,76.0,98.0
0527.833,307.9375,56.65555555555556,111.0,75.97412480974124,98.0
0527.864,299.75384615384615,52.62500000000001,107.0,75.9269406392694,98.0
0527.896,289.10769230769233,49.94166666666666,104.0,75.87823439878235,98.0
0527.928,276.5,46.233333333333334,101.0625,75.82952815829528,98.0
0527.961,258.95000000000005,43.53333333333334,100.0,75.779299847793,98.0
0527.995,238.075,42.269230769230774,100.0,75.7275494672755,98.00000000000001
0528.028,225.12307692307695,40.05,100.0,75.67732115677322,98.0
0528.061,207.66666666666669,39.7,100.0,75.62709284627093,98.0
0528.094,191.4666666666667,37.7,99.6875,75.57686453576864,98.0
0528.135,163.0,36.25000000000001,98.06666666666666,75.51445966514461,98.0
0528.168,141.1,35.82307692307692,97.0,75.46423135464232,98.0
0528.199,126.75833333333334,34.55384615384616,97.0,75.41704718417047,98.0
0528.231,127.35,31.4,96.0,75.3683409436834,98.0
0528.263,141.6375,31.725,96.0,75.31963470319634,98.0
0528.293,163.53333333333333,31.211111111111112,96.0,75.27397260273973,98.0
0528.333,195.73846153846154,33.4,95.99999999999999,75.2130898021309,98.0
0528.366,219.06666666666666,33.03846153846154,96.0,75.16286149162862,98.0
0528.401,242.20769230769233,31.115384615384617,96.0,75.10958904109589,98.0
0528.439,281.125,28.441666666666666,95.0,75.0517503805175,98.0
0528.463,307.6333333333333,26.799999999999997,95.0,75.01522070015221,98.0
0528.496,354.5666666666667,25.615384615384617,96.4375,74.93154761904762,98.0
0528.529,398.96923076923076,28.091666666666665,100.0,74.83333333333333,98.0
0528.562,424.425,31.441666666666666,108.125,74.73511904761905,98.0
0528.594,428.6333333333333,34.224999999999994,110.5625,74.63988095238095,98.0
0528.626,416.9,35.56666666666666,109.4375,74.54464285714286,98.0
0528.667,405.175,36.5,103.875,74.42261904761905,98.0
0528.700,392.11538461538464,35.7,101.625,74.32440476190476,98.0
0528.732,384.95000000000005,35.825,98.8125,74.22916666666667,98.0
0528.763,372.525,33.849999999999994,98.0,74.13690476190476,98.0
0528.796,356.6923076923077,33.92307692307692,98.0,74.03869047619048,98.0
0528.829,347.1692307692308,32.6,99.0,74.0,98.0
0528.862,340.3923076923077,32.7,99.0,73.99999999999999,98.0
0528.895,332.35,31.2,98.0,74.0,98.0
0528.927,321.03846153846155,29.50769230769231,97.0,74.0,97.99999999999999
0528.960,315.5076923076923,28.3,95.5625,74.0,98.0
0529.002,326.5375,27.75,95.0,74.0,98.0
0529.034,345.15,28.400000000000002,95.0,74.0,98.0
0529.066,354.22499999999997,29.708333333333336,96.0,74.0,98.0
0529.097,354.94999999999993,30.77692307692308,96.0,74.0,98.0
0529.129,349.16923076923075,54.96153846153847,96.0,74.0,98.0
0529.160,332.19230769230774,76.625,96.0,74.0,98.0
0529.200,322.2666666666667,105.03333333333333,96.0,74.0,98.0
0529.233,320.6,118.15,96.0,74.0,98.0
0529.265,323.89166666666665,128.575,96.5,74.0,98.0
0529.298,327.88461538461536,139.43076923076922,98.5625,74.0,98.0
0529.330,324.3666666666667,145.23076923076923,102.125,74.0,98.0
0529.362,322.125,145.10000000000002,110.125,74.0,98.0
0529.394,314.3375,141.95,113.5625,74.0,98.0
0529.427,303.43749999999994,136.65384615384616,112.375,74.0,98.0
0529.460,291.50000000000006,132.53076923076924,108.3125,74.0,98.0
0529.502,279.9846153846154,126.79230769230772,104.6875,74.0,98.00000000000001
0529.539,269.9625,121.54166666666666,101.375,74.0,98.0
0529.568,265.125,116.52499999999999,100.0,74.0,98.0
0529.601,252.07692307692307,111.99166666666666,99.0,74.0,98.0
0529.633,248.21666666666667,112.77692307692308,100.0,74.0,98.0
0529.666,248.8,109.77499999999999,100.0,74.0,98.0
0529.697,247.22500000000002,106.8,98.5,74.0,98.0
0529.729,239.1,103.32307692307693,97.0,74.0,98.0
0529.761,223.56666666666666,98.25,96.0,74.0,98.0
0529.800,201.2,93.8,95.0625,74.0,98.0
0529.831,184.0,116.96666666666667,95.0,74.0,98.0
0529.863,167.7125,150.80769230769232,95.0,74.0,98.0
0529.895,157.8,188.0,95.0,74.0,98.0
0529.926,148.175,213.74166666666667,96.875,74.0,98.0
0529.966,149.2,223.39999999999998,97.0,74.0,98.0
0529.998,155.6,226.85833333333335,96.0,74.0,98.0
0530.029,164.86153846153846,229.6222222222222,95.0,74.0,98.0
0530.060,168.56666666666666,225.42499999999998,95.0,74.0,98.0
0530.100,171.8875,218.825,98.5,74.0,98.0
0530.132,172.475,217.10000000000002,104.25,74.0,98.0
0530.164,181.79166666666669,241.8923076923077,110.75,74.0,98.0
0530.197,182.73076923076925,276.1,111.0,74.0,98.0
0530.230,187.03846153846155,303.1,107.35294117647058,74.0,98.0
0530.263,203.08333333333334,312.1,103.0625,74.0,98.0
0530.295,232.25,296.3384615384615,101.0625,74.0,98.0
0530.327,259.6,281.82307692307694,99.0625,74.0,98.0
0530.367,270.776923076923,263.83076923076925,99.0,74.0,98.0
0530.400,243.33333333333337,242.25,99.0,74.0,98.0
0530.432,196.7,216.89999999999998,99.0,74.0,98.0
0530.464,130.375,183.66666666666669,99.0,74.0,98.0
0530.495,59.8,141.8846153846154,99.0,74.0,98.0
0530.527,-15.0,96.21666666666667,99.0,74.0,98.0
0530.568,-108.8,23.049999999999997,99.0,74.0,98.00000000000001
0530.600,-163.14166666666665,-28.0875,99.0,74.0,98.0
0530.631,-230.09166666666664,-65.375,99.0,74.0,98.0
0530.663,-291.2307692307692,-84.5,98.0,74.0,98.0
0530.694,-334.8,-86.54166666666666,98.0,74.0,98.0
0530.727,-352.24999999999994,-82.29166666666667,97.0,74.0,98.0
0530.760,-330.625,-74.15833333333333,96.0,74.0,98.0
0530.794,-291.3769230769231,-63.56923076923077,95.125,74.0,98.0
0530.827,-247.99166666666667,-52.62499999999999,96.0,74.05654761904762,98.0
0530.868,-211.4,-34.25,97.75,74.17857142857143,98.0
0530.899,-187.31666666666666,-23.5,103.29411764705881,74.27083333333334,98.0
0530.930,-166.30769230769232,-14.1375,107.25,74.36309523809524,98.0
0530.961,-148.65,-6.3,109.4375,74.45535714285714,98.0
0530.993,-131.7,1.3416666666666668,107.4375,74.55059523809524,98.0
0531.026,-115.925,7.241666666666666,105.375,74.64880952380952,98.0
0531.068,-105.4,10.2,101.75,74.77380952380952,98.0
0531.102,-95.57777777777777,12.5,100.0,74.875,98.0
0531.134,-91.425,14.425,98.625,74.97023809523809,98.0
0531.166,-82.5,17.85,98.375,75.0,98.0
0531.199,-70.8,19.76153846153846,99.0,75.0,98.00000000000001
0531.232,-61.4,24.36923076923077,99.0,75.0,98.0
0531.263,-55.583333333333336,28.950000000000003,99.0,75.0,98.0
0531.296,-52.09166666666667,34.099999999999994,96.5,75.0,98.0
0531.329,-51.96666666666667,37.76153846153846,95.4375,75.0,98.0
0531.364,-50.625,38.56923076923077,94.0,75.0,98.0
0531.396,-48.45384615384616,35.48333333333333,94.75,75.0,98.0
0531.428,-43.9,37.13333333333333,95.75,75.0,98.0
0531.462,-40.85,38.766666666666666,96.0,75.0,98.0
0531.494,-33.0,42.0,96.0,75.0,98.0
0531.527,-15.053846153846154,42.6125,95.0625,75.0,98.0
0531.566,22.284615384615385,46.400000000000006,95.0,75.0,98.0
0531.597,47.6,49.9,95.625,75.0,98.0
0531.629,71.5,55.52307692307693,99.9375,75.0,98.0
0531.661,75.31538461538462,59.03333333333333,105.625,75.0,98.0
0531.693,67.9,58.525,110.3125,75.0,98.0
0531.734,60.18333333333334,56.25384615384616,109.125,75.0,98.0
0531.766,59.8,55.53333333333333,105.125,75.0,98.0
0531.798,60.85384615384616,53.300000000000004,103.125,75.0,98.0
0531.831,64.24166666666666,48.625,102.0625,75.00000000000001,98.0
0531.864,59.315384615384616,42.43076923076923,100.0,75.0,98.0
0531.896,52.541666666666664,37.85,100.0,75.0,97.99999999999999
0531.929,49.266666666666666,35.85,102.0625,75.0,98.0
0531.961,49.2,35.583333333333336,104.0,75.0,98.0
0531.995,52.47692307692308,34.1,101.625,75.0,98.0
0532.028,50.8,31.8,97.75,75.0,98.0
0532.061,45.7,27.0,94.6875,75.0,98.0
0532.095,26.1375,15.375,94.4375,75.0,98.0
0532.127,-2.433333333333334,-3.5,95.0,75.0,98.0
0532.159,-46.875,-27.1,96.0,75.0,98.0
0532.199,-119.30000000000001,-61.766666666666666,96.0,75.0,98.0
0532.231,-176.96666666666664,-88.4,95.0,75.0,98.0
0532.263,-242.3846153846154,-121.98333333333335,95.0,75.0,98.0
0532.296,-300.45384615384614,-158.44615384615383,96.0,75.0,98.0
0532.330,-351.72499999999997,-197.85000000000002,96.125,75.0,98.0
0532.363,-403.05,-223.89166666666665,98.1875,75.0,98.0
0532.397,-454.05,-240.35454545454542,105.66666666666667,75.0,98.0
0532.430,-497.46153846153845,-245.03333333333336,110.41176470588235,75.0,98.0
0532.462,-525.0833333333334,-243.42222222222225,111.625,75.0,98.0
0532.493,-538.8,-240.43333333333334,108.375,75.03129657228018,98.0
0532.532,-541.2166666666667,-232.53333333333333,105.25,75.08941877794337,98.0
0532.563,-536.0,-224.6,103.3125,75.13561847988078,98.0
0532.594,-526.0538461538462,-216.24615384615387,101.375,75.18181818181819,98.0
0532.640,-511.8111111111111,-199.53333333333333,98.5,75.25037257824143,98.0
0532.667,-503.45,-191.6,98.0,75.29061102831595,98.0
0532.698,-495.03333333333336,-179.40000000000003,98.1875,75.33681073025335,98.0
0532.731,-484.3,-168.36923076923077,99.0,75.3859910581222,98.0
0532.762,-470.1583333333333,-158.9,98.0,75.43219076005961,98.0
0532.796,-455.6,-149.7166666666667,95.6875,75.4828614008942,98.0
0532.828,-442.3083333333333,-144.1,94.0,75.53055141579732,98.0
0532.862,-428.2,-139.05555555555557,94.0,75.58122205663189,98.0
0532.894,-421.2,-134.75,96.21875,75.62891207153503,98.0
0532.940,-410.66666666666663,-129.2875,97.0,75.69746646795826,98.0
0532.967,-396.75,-126.425,96.0,75.73770491803279,98.0
0532.999,-363.6,-122.8,94.0,75.78539493293592,98.0
0533.032,-315.5769230769231,-119.8,92.0,75.83457526080477,98.0
0533.066,-266.9769230769231,-116.95555555555556,93.0,75.88524590163934,98.0
0533.098,-229.86666666666667,-114.5,95.375,75.93293591654248,98.0
0533.131,-203.275,-110.875,103.75,75.98211624441133,98.0
0533.163,-188.125,-107.8,109.25,76.05952380952381,98.0
0533.195,-179.64444444444445,-102.6,109.75,76.1547619047619,98.0
0533.228,-165.61666666666667,-99.8,106.6875,76.25297619047619,98.0
0533.261,-148.5,-95.3,104.625,76.35119047619048,98.0
0533.302,-110.93333333333334,-89.43333333333334,101.0625,76.47321428571428,98.0
0533.335,-85.96666666666667,-84.87692307692308,100.0,76.57142857142858,98.0
0533.369,-60.1,-78.525,100.0,76.67261904761905,98.0
0533.399,-39.225,-73.125,101.0,76.76190476190476,98.0
0533.431,-17.3,-66.94999999999999,102.0,76.85714285714286,98.0
0533.465,-0.5769230769230766,-61.724999999999994,101.0,76.95833333333333,98.0
0533.496,6.266666666666666,-57.92307692307692,99.9375,76.99999999999999,97.99999999999999
0533.527,9.4,-56.4,98.0,77.0,98.0
0533.568,8.845454545454546,-53.53333333333333,97.0,77.0,98.0
0533.603,10.633333333333335,-50.1,97.0,77.0,98.0
0533.641,11.8,-45.1125,96.0,77.0,98.0
0533.658,12.275000000000002,-42.9,96.0,77.0,98.0
0533.699,9.183333333333334,-39.66666666666667,96.0,77.0,98.0
0533.731,20.45833333333333,-38.56666666666666,96.75,77.0,98.0
0533.762,39.82222222222222,-35.45,96.0,77.0,98.0
0533.794,67.43333333333332,-30.6,96.0,77.0,98.0
0533.834,91.55,-17.375,96.1875,77.02827380952381,98.0
0533.866,95.6,-5.125,101.75,77.07589285714286,98.0
0533.897,81.27499999999999,2.6625,108.25,77.12202380952381,98.0
0533.929,68.71666666666667,9.0,112.0,77.16964285714285,98.0
0533.962,51.50769230769231,13.649999999999999,110.8125,77.21875,98.0
0533.996,37.4,18.383333333333333,108.375,77.26934523809524,97.99999999999999
0534.028,29.28333333333333,23.025,104.6875,77.31696428571428,98.0
0534.061,22.725,27.43333333333333,102.625,77.36607142857143,98.0
0534.094,25.53846153846154,29.416666666666664,100.6,77.41517857142858,98.0
0534.133,29.161538461538463,33.41666666666667,99.125,77.47321428571428,98.0
0534.165,32.43636363636364,36.483333333333334,99.0,77.52083333333333,98.0
0534.199,30.1,39.9,98.0,77.57142857142857,98.0
0534.232,26.65,40.4,96.9375,77.62053571428572,98.0
0534.264,25.6125,40.888888888888886,95.0,77.66815476190476,98.0
0534.297,24.355555555555554,43.6,95.0,77.7172619047619,98.0
0534.330,24.925,46.3,94.0,77.76636904761905,98.0
0534.363,30.174999999999997,48.1,94.0,77.81547619047619,98.0
0534.397,35.4125,47.32307692307692,94.0,77.86607142857142,98.0
0534.430,35.975,45.52307692307692,94.4375,77.91517857142857,98.0
0534.464,34.825,45.75833333333333,94.4375,77.96577380952381,98.0
0534.498,34.7,46.4,94.0,78.0,98.0
0534.529,58.366666666666674,46.699999999999996,93.375,78.0,98.0
0534.562,88.73333333333335,47.55384615384615,93.6875,78.0,98.0
0534.593,122.38181818181818,84.475,94.625,78.0,98.0
0534.634,143.15833333333333,123.39166666666665,99.375,78.0,98.0
0534.668,151.2,150.4076923076923,107.625,78.0,98.0
0534.700,155.79230769230767,144.40833333333333,110.0,78.0,98.0
0534.735,161.92499999999998,135.31538461538463,108.5,78.0,98.0
0534.768,174.59999999999997,130.7,107.4375,78.0,98.0
0534.802,192.25384615384613,123.66666666666666,105.3125,78.0,98.0
0534.834,218.08333333333334,120.85,102.3125,78.02678571428571,98.0
0534.866,229.64166666666665,117.6125,101.3125,78.05853174603175,98.0
0534.898,229.56153846153848,114.23333333333333,100.0,78.09027777777777,98.0
0534.931,221.125,109.40769230769229,99.25,78.12301587301587,98.0
0534.965,206.38333333333333,103.73333333333333,99.0,78.15674603174602,98.0
0534.998,194.63333333333335,99.7,98.0,78.18948412698413,98.0
0535.030,181.96153846153845,96.45,97.0,78.22123015873015,98.0
0535.061,166.76666666666668,92.81538461538462,96.125,78.25198412698413,98.0
0535.093,147.425,87.83333333333333,96.0,78.28373015873015,98.0
0535.132,118.30833333333332,79.4,95.0,78.32242063492065,98.00000000000001
0535.164,87.2,68.0,95.3125,78.35416666666666,98.0
0535.196,57.4,56.544444444444444,96.0,78.38591269841271,98.0
0535.229,23.3,41.3,96.0,78.4186507936508,98.0
0535.262,-11.6,28.625000000000004,96.0,78.45138888888889,98.0
0535.296,-47.86666666666666,11.2625,96.0,78.48511904761904,98.0
0535.328,-70.14615384615385,-4.866666666666667,95.4375,78.51686507936508,98.0
0535.369,-90.15,-22.25,95.0,78.55753968253968,98.0
0535.400,-96.98333333333335,-34.5,96.0625,78.58829365079364,98.0
0535.432,-115.35000000000001,-45.300000000000004,99.1875,78.62003968253968,98.0
0535.464,-141.175,-53.84615384615385,108.125,78.65178571428572,98.0
0535.497,-172.54444444444442,-64.50769230769231,112.0,78.68452380952381,98.0
0535.529,-209.96923076923076,-79.1,110.875,78.71626984126985,98.0
0535.561,-246.6,-97.1,107.875,78.74801587301587,98.0
0535.595,-285.00833333333327,-115.35,105.75,78.78174603174602,98.0
0535.626,-327.6,-121.5888888888889,102.8125,78.8125,98.0
0535.666,-377.55833333333334,-127.43076923076923,100.3125,78.85218253968254,98.0
0535.697,-420.9916666666667,-124.98333333333333,99.0,78.8829365079365,98.0
0535.729,-444.9,-120.6,99.0,78.91468253968254,98.0
0535.761,-447.40000000000003,-115.64999999999999,99.0,78.94642857142857,98.0
0535.793,-431.475,-108.93846153846155,98.375,78.9781746031746,98.0
0535.835,-389.4,-99.18749999999999,96.75,79.0,98.0
0535.869,-361.69166666666666,-84.99999999999999,95.0,79.0,98.0
0535.901,-337.0,-73.93333333333334,95.0,79.0,98.0
0535.933,-319.8375,-66.65833333333333,95.0,79.0,98.0
0535.965,-297.35,-62.284615384615385,95.0,79.0,98.0
0535.998,-270.1375,-57.50833333333333,94.5625,79.0,98.0
0536.031,-238.38750000000002,-48.5,94.0,79.0,98.0
0536.063,-206.44615384615383,-41.0,95.0,79.0,98.0
0536.094,-166.61666666666665,-34.2875,95.0,79.0,98.0
0536.126,-121.86666666666667,-30.15,94.5625,79.0,98.0
0536.166,-66.18333333333332,-25.049999999999997,93.0625,79.0,98.0
0536.198,-36.75,-20.46666666666667,93.0,79.0,98.0
0536.231,-5.715384615384615,-17.361538461538462,97.125,79.0,98.0
0536.265,20.6,-13.044444444444444,106.5625,79.0,98.0
0536.296,43.05,-9.4,112.125,79.0,98.0
0536.328,60.97692307692307,-3.25,114.0,79.0,98.0
0536.361,80.2,-0.5538461538461538,112.8125,79.0,98.0
0536.393,96.1375,2.2916666666666665,111.0,79.0,98.0
0536.439,103.925,5.3,107.9375,79.0,98.0
0536.472,97.125,8.7,104.875,79.0,98.0
0536.498,94.125,12.325,103.25,79.00000000000001,98.0
0536.530,96.84615384615384,17.338461538461537,103.0,79.0,98.0
0536.562,103.05,23.215384615384615,102.0,79.0,98.0
0536.594,105.27499999999999,24.924999999999997,99.25,79.0,98.0
0536.626,108.15384615384616,26.266666666666666,97.25,79.0,98.0
0536.668,106.45,25.125000000000004,95.625,79.0,98.0
0536.700,107.22307692307695,26.22222222222222,95.0,79.0,98.0
0536.733,106.63333333333333,26.11111111111111,93.5625,79.0,98.0
0536.765,102.06666666666668,26.25,93.0,79.0,98.0
0536.799,102.48333333333333,24.108333333333334,92.0,79.0,98.0
0536.832,98.50769230769231,22.984615384615385,92.625,79.0,98.0
0536.866,93.73846153846154,23.875,93.0,79.0,98.0
0536.898,84.35,21.833333333333332,94.0,79.0,98.0
0536.931,74.7,19.1,94.0,79.0,98.0
0536.964,73.50769230769231,12.053846153846154,94.0,79.0,98.0
0536.997,79.2375,3.2500000000000004,94.0,79.0,98.0
0537.030,78.5375,-5.6875,94.0,79.0,98.0
0537.062,66.45,-15.3,99.0,79.0,98.0
0537.094,36.13076923076923,-23.7,105.0,79.0,98.0
0537.125,-10.8,-34.544444444444444,108.875,79.0,98.0
0537.167,-89.6923076923077,-54.84615384615384,109.4375,78.92559523809524,98.00000000000001
0537.200,-150.675,-71.16666666666666,107.375,78.82738095238095,98.0
0537.233,-231.125,-92.975,103.3125,78.72916666666667,98.0
0537.273,-343.4,-121.97500000000001,101.0,78.61011904761905,98.0
0537.299,-407.70000000000005,-137.62307692307692,99.1875,78.5327380952381,98.0
0537.332,-473.45,-153.8,98.0,78.43452380952381,98.0
0537.366,-513.9250000000001,-157.95833333333331,98.0,78.33333333333334,98.0
0537.398,-532.8923076923077,-155.4,99.0,78.23809523809524,98.0
0537.429,-534.85,-147.8846153846154,98.0625,78.14583333333333,98.0
0537.462,-520.1125,-140.0125,97.0,78.04761904761904,98.0
0537.494,-505.04999999999995,-132.79999999999998,95.0,77.99999999999999,98.0
0537.533,-497.28333333333336,-125.46666666666667,93.5625,78.0,98.00000000000001
0537.564,-530.2,-123.13333333333333,93.375,78.0,98.0
0537.595,-589.4875000000001,-123.525,95.3125,78.0,98.0
0537.628,-664.725,-123.975,98.0,78.0,98.0
0537.660,-730.3,-121.06666666666666,98.0,78.0,98.0
0537.701,-789.85,-119.26666666666668,96.0625,78.0,98.0
0537.734,-814.5166666666667,-118.9,95.0,78.0,98.0
0537.766,-831.1846153846154,-121.3153846153846,95.0,78.0,98.0
0537.799,-832.95,-121.03333333333333,96.0625,78.0,98.0
0537.831,-813.8083333333333,-117.85,97.0625,77.94940476190476,97.99999999999999
0537.863,-792.9,-114.21666666666667,101.125,77.85416666666667,98.0
0537.895,-765.4,-107.86923076923077,106.1875,77.75892857142857,98.0
0537.927,-745.9583333333334,-103.125,114.125,77.66369047619048,98.0
0537.973,-705.5,-98.16666666666667,116.0,77.52678571428572,98.0
0538.000,-672.95,-96.0,114.375,77.44642857142857,98.0
0538.033,-634.7692307692307,-91.37777777777777,111.3125,77.34821428571428,98.0
0538.064,-603.0583333333333,-86.25,109.375,77.25595238095238,98.0
0538.096,-576.6,-82.975,107.375,77.16071428571428,98.0
0538.127,-548.7769230769231,-81.6,106.4375,77.06845238095238,98.0
0538.167,-512.7,-78.95,106.0,77.0,98.00000000000001
0538.198,-497.23333333333335,-75.85,106.0,77.0,98.0
0538.230,-477.475,-71.61666666666666,105.0,77.0,98.0
0538.262,-448.9,-70.30000000000001,104.0,77.0,98.0
0538.295,-392.81666666666666,-65.16666666666667,101.9375,77.0,98.0
0538.328,-328.6384615384615,-60.27692307692308,99.875,77.0,98.0
0538.361,-270.075,-54.238461538461536,98.0,77.0,98.0
0538.395,-226.36666666666667,-52.025000000000006,97.0,77.0,98.0
0538.429,-186.49166666666665,-50.35,96.0,77.0,98.0
0538.462,-158.10000000000002,-50.25,95.4375,77.0,98.0
0538.495,-140.45,-48.75,95.0,76.96884735202492,98.0
0538.527,-130.68333333333334,-46.225,95.0,76.86915887850468,98.0
0538.572,-101.81666666666666,-43.141666666666666,94.5625,76.72897196261682,98.0
0538.598,-71.625,-40.5,93.9375,76.64797507788163,98.0
0538.630,-29.425,-35.900000000000006,92.9375,76.54828660436138,98.0
0538.662,8.2375,-32.141666666666666,94.125,76.44859813084112,98.0
0538.694,30.4,-30.3,99.1875,76.34890965732087,98.0
0538.739,36.45,-27.55,108.75,76.20872274143302,98.0
0538.772,27.91111111111111,-24.299999999999997,109.0,76.10591900311526,98.0
0538.798,19.153846153846153,-19.73846153846154,106.94117647058823,76.02492211838006,98.0
0538.830,3.750000000000001,-16.875,103.5,76.0,98.0
0538.861,-5.858333333333333,-13.299999999999999,101.5625,76.0,98.00000000000001
0538.894,-4.675,-12.1125,98.5,76.0,98.0
0538.940,36.0,-5.550000000000001,95.625,76.0,98.0
0538.973,88.64615384615385,2.8846153846153846,95.0,76.0,98.0
0539.006,124.95,31.233333333333334,95.0,76.0,98.0
0539.039,136.95000000000002,53.1875,94.0,76.0,98.0
0539.067,125.76666666666668,66.25,93.0,76.0,98.0
0539.098,103.25384615384615,70.5,91.75,76.0,98.0
0539.130,93.62307692307692,63.0,90.75,76.0,98.0
0539.161,83.2,58.13333333333333,91.0,76.0,97.99999999999999
0539.193,86.33333333333334,55.574999999999996,91.0,76.0,98.0
0539.233,85.9,52.43333333333334,92.0,76.0,97.99999999999999
0539.264,85.08888888888889,51.92307692307692,92.66666666666667,76.0,98.0
0539.296,84.3,49.766666666666666,93.0,76.0,98.0
0539.327,82.57692307692307,47.2,93.0,76.0,98.0
0539.371,92.825,44.20833333333333,93.0,76.0,98.0
0539.397,98.18461538461537,43.0923076923077,93.0,76.0,98.0
0539.429,114.31666666666666,43.333333333333336,94.0,76.0,98.0
0539.463,136.775,45.3875,101.5,76.0,98.0
0539.495,157.00000000000003,44.7,108.375,75.94642857142857,98.0
0539.527,167.35384615384615,44.60769230769231,113.0,75.85119047619048,97.99999999999999
0539.572,168.1923076923077,41.44615384615384,110.125,75.7172619047619,98.0
0539.598,166.575,42.85833333333333,107.875,75.63988095238095,98.0
0539.630,163.89999999999998,43.833333333333336,103.4375,75.54464285714286,98.0
0539.662,159.7111111111111,48.575,102.4375,75.44940476190476,98.0
0539.693,149.8,51.223076923076924,99.52941176470588,75.35714285714286,98.0
0539.734,125.1,58.883333333333326,98.0,75.23511904761905,98.0
0539.772,104.88333333333333,64.275,98.0,75.12202380952381,98.0
0539.799,91.225,67.225,98.0,75.04166666666667,98.0
0539.831,80.3875,67.88461538461539,97.0,75.0,98.0
0539.864,77.41428571428571,65.275,95.8125,75.0,98.0
0539.897,81.25833333333333,65.9375,94.75,75.0,98.0
0539.929,88.4,71.55,94.0,75.0,98.0
0539.961,93.48461538461538,75.7,94.0,75.0,98.0
0539.994,91.3,79.03076923076924,94.0,75.0,98.0
0540.034,85.00833333333333,80.46666666666665,94.0,75.0,98.0
0540.066,82.5,81.03333333333333,94.0,75.0,98.0
0540.098,94.3923076923077,82.375,94.8125,75.0,98.0
0540.131,112.2,83.72307692307692,95.0,75.0,98.0
0540.164,139.2,83.65,95.0,75.00000000000001,98.0
0540.196,163.83749999999998,83.55,95.0,75.0,98.0
0540.227,183.3,95.0875,98.75,75.0,98.0
0540.272,201.9,119.39166666666665,110.0625,75.0,98.0
0540.297,205.21666666666667,133.5,112.25,75.0,98.0
0540.329,209.925,137.5375,110.75,75.0,98.0
0540.362,211.0,128.11249999999998,107.70588235294117,75.0,98.0
0540.394,205.79230769230767,121.80000000000001,105.6875,75.0,98.0
0540.427,199.9,113.88333333333333,102.625,75.0,98.0
0540.472,188.875,108.95,99.8125,75.0,98.0
0540.496,181.3,107.38333333333333,99.0,75.0,98.0
0540.528,175.75384615384613,104.925,98.3125,75.0,98.0
0540.560,168.7,100.66153846153847,98.0,75.0,98.0
0540.601,165.89166666666668,94.31538461538463,97.0,75.0,98.0
0540.640,157.575,88.76666666666665,96.0,75.0,98.0
0540.672,155.3,85.21666666666667,95.0,75.0,98.0
0540.698,146.81538461538463,81.425,95.0,75.0,98.0
0540.729,141.10000000000002,76.91538461538461,94.0,75.0,98.0
0540.762,134.0,73.58333333333334,94.0,75.0,98.0
0540.795,134.60000000000002,70.33333333333334,94.0,75.0,98.0
0540.826,138.37692307692308,69.06923076923077,94.3125,75.06268656716418,98.0
0540.872,150.6,65.61666666666666,95.0,75.2,98.0
0540.897,156.40000000000003,62.91666666666667,95.0,75.27462686567165,98.00000000000001
0540.929,152.45,59.224999999999994,95.0,75.37014925373134,98.0
0540.960,137.04166666666666,48.830769230769235,95.0,75.46268656716418,98.0
0540.993,93.22307692307692,31.2,98.5,75.56119402985075,98.0
0541.039,-12.512500000000001,-16.01111111111111,107.66666666666666,75.69850746268656,98.0
0541.072,-107.125,-55.150000000000006,113.73333333333333,75.79701492537313,98.0
0541.099,-193.0923076923077,-86.48333333333333,112.5625,75.87761194029851,98.0
0541.130,-284.7,-115.00769230769231,108.625,75.97014925373135,98.0
0541.164,-372.57500000000005,-132.46666666666664,105.0,76.0,98.0
0541.197,-454.425,-145.8125,102.4375,76.0,98.0
0541.229,-524.3333333333333,-153.675,100.0,76.0,98.0
0541.260,-595.7230769230769,-157.53333333333336,99.0,76.0,98.0
0541.293,-646.6875,-159.61111111111111,100.0,76.0,98.0
0541.338,-701.125,-160.2076923076923,100.0,76.0,98.0
0541.365,-715.1416666666665,-161.0375,98.9375,76.0,98.0
0541.398,-728.1,-158.8375,96.875,76.0,98.0
0541.430,-737.1461538461539,-158.53846153846155,95.875,76.0,98.0
0541.462,-744.0666666666667,-155.9153846153846,94.875,76.0,98.0
0541.495,-754.2666666666667,-153.55,94.0,76.0,98.0
0541.528,-760.1666666666666,-149.25,94.0,76.0,98.0
0541.560,-764.3230769230769,-145.31666666666666,94.0,76.0,98.0
0541.594,-760.95,-141.625,94.0,76.0,98.0
0541.639,-741.375,-135.87692307692305,94.8125,76.0,98.0
0541.665,-717.3666666666667,-133.1,94.0,76.0,98.0
0541.697,-676.7333333333332,-126.94615384615385,94.8125,76.0,98.0
0541.730,-635.3,-123.77777777777777,95.875,76.0,98.0
0541.761,-598.8,-119.5,98.625,76.0,98.0
0541.793,-568.9250000000001,-114.64166666666665,106.625,76.0,98.0
0541.837,-536.2833333333333,-105.0,110.0,76.0,98.0
0541.862,-520.6923076923076,-100.84615384615384,107.75,76.0,98.0
0541.893,-501.2083333333333,-95.45833333333333,104.875,76.0,98.0
0541.932,-480.35,-88.31250000000001,100.5,76.0,98.0
0541.964,-465.09999999999997,-85.7,99.5,76.0,98.0
0541.996,-453.85,-81.59166666666667,99.0,76.0,98.0
0542.028,-448.8,-80.33333333333334,99.4375,76.0,98.0
0542.072,-433.65,-78.175,101.0,76.0,98.0
0542.096,-425.3153846153846,-77.4,100.3125,76.0,98.0
0542.128,-412.80000000000007,-73.71111111111111,99.0,76.0,98.0
0542.173,-398.45000000000005,-67.0,98.0,76.0,98.0
0542.198,-391.4,-61.1,97.0,76.00000000000001,98.0
0542.231,-381.7153846153846,-59.2,97.0,76.0,98.0
0542.264,-369.0923076923077,-56.5,97.0,76.0,98.0
0542.297,-353.6,-54.48888888888889,97.0,76.0,98.0
0542.330,-329.625,-53.9125,97.0,76.0,98.0
0542.363,-303.1375,-52.862500000000004,97.0,76.0,98.0
0542.397,-264.6,-51.43333333333334,97.0,76.0,98.0
0542.430,-229.5,-47.96153846153846,97.0,76.0,98.0
0542.463,-199.675,-42.85000000000001,97.6875,76.0,98.0
0542.495,-177.05,-38.68333333333334,105.0625,76.034375,98.0
0542.526,-150.73333333333335,-36.1,110.25,76.13125000000001,98.0
0542.567,-114.41538461538462,-32.284615384615385,112.8125,76.259375,98.0
0542.597,-75.7,-31.0,110.875,76.353125,98.0
0542.628,-45.55,-29.733333333333334,108.0,76.45,98.0
0542.673,-25.349999999999998,-30.56666666666667,103.2,76.590625,98.0
0542.699,-27.784615384615385,-31.625,102.0,76.671875,98.0
0542.730,-21.65,-29.33846153846154,100.0,76.76875,98.0
0542.763,-11.716666666666667,-25.700000000000003,100.0,76.871875,98.0
0542.795,13.824999999999998,-21.9,100.0,76.971875,98.0
0542.826,35.7,-18.90833333333333,98.625,77.0,98.0
0542.872,60.62307692307692,-16.474999999999998,96.75,77.0,98.0
0542.899,66.21538461538461,-14.950000000000001,95.0625,77.0,98.0
0542.933,73.3923076923077,-12.866666666666667,94.9375,77.0,98.0
0542.964,79.41666666666669,-10.666666666666668,94.0,77.0,98.0
0542.996,85.66666666666667,-8.992307692307692,94.0,77.0,98.0
0543.027,95.5,-6.676923076923076,94.0,77.0,98.0
0543.072,122.6,-4.3307692307692305,95.0,77.0,98.0
0543.105,152.8,-1.75,95.0,77.0,98.0
0543.138,192.4,-0.85,94.0,77.0,98.0
0543.166,221.75,-0.275,94.0,77.0,98.0
0543.198,250.925,0.7692307692307693,94.625,77.0,98.0
0543.230,267.8166666666667,-0.9,101.875,77.0,98.0
0543.263,276.4,-2.4,108.375,77.0,98.0
0543.294,276.6615384615385,-2.2846153846153845,112.0,77.0,98.0
0543.326,272.1,-1.7000000000000002,111.375,77.0,98.0
0543.371,281.6,1.65,106.5625,77.0,98.0
0543.397,285.5583333333333,2.6750000000000003,104.9375,77.0,98.0
0543.429,297.5076923076923,2.3846153846153846,102.9375,77.0,98.0
0543.460,305.56666666666666,3.9499999999999997,100.0,77.0,98.0
0543.500,303.125,7.246153846153845,99.0,77.0,98.0
0543.533,304.42499999999995,10.266666666666667,99.0,77.0,98.0
0543.565,303.2,12.684615384615384,99.0,77.0,98.0
0543.597,298.7888888888889,13.392307692307691,98.0,77.0,98.0
0543.631,295.75,15.1,96.3125,77.0,98.0
0543.663,289.7,16.299999999999997,95.3125,77.0,98.0
0543.696,287.1916666666666,17.241666666666667,95.0,77.0,98.0
0543.729,284.0769230769231,18.023076923076925,94.0,77.0,98.0
0543.762,273.6,17.2,94.0,77.0,98.0
0543.794,270.025,17.958333333333336,94.875,77.0,98.0
0543.827,270.4,16.325,95.0,77.04464285714286,98.0
0543.860,278.31538461538463,16.13846153846154,94.0,77.14285714285714,98.0
0543.893,297.9230769230769,16.215384615384615,94.0,77.24107142857143,98.0
0543.927,310.17500000000007,17.076923076923077,96.375,77.34226190476191,98.0
0543.960,317.3833333333333,18.916666666666664,100.75,77.44047619047619,98.0
0544.002,310.6666666666667,19.3,108.625,77.56547619047619,98.0
0544.034,307.9153846153846,18.875,111.0,77.66071428571428,98.0
0544.065,296.7076923076923,19.700000000000003,109.1875,77.75297619047619,98.0
0544.098,283.3833333333333,18.2,106.125,77.85119047619048,98.0
0544.130,264.2,16.7375,104.125,77.94642857142857,98.0
0544.162,242.8,12.625,102.125,78.0,98.0
0544.194,219.9,10.022222222222222,100.0,78.0,98.00000000000001
0544.238,179.375,6.1,99.0,78.0,98.0
0544.272,152.6,4.25,99.0,78.0,98.0
0544.297,125.7,1.7,98.6875,78.0,98.0
0544.329,93.2,-0.7000000000000001,97.0,78.0,98.0
0544.360,57.583333333333336,-5.2615384615384615,96.0,78.0,98.0
0544.401,7.85,-6.7,95.0,78.0,98.0
0544.433,-29.28333333333333,-8.118181818181817,95.0,78.0,98.0
0544.465,-65.80000000000001,-9.15,95.0,78.0,98.0
0544.497,-101.33076923076922,-10.333333333333334,95.0,78.0,98.0
0544.528,-131.83333333333334,-15.55,95.0,78.0,98.0
0544.571,-170.0,-23.4,95.0,78.0,98.0
0544.595,-178.65384615384616,-28.7125,95.0,78.0,98.0
0544.628,-186.48461538461538,-33.37692307692308,94.0,78.0,98.0
0544.661,-193.8,-33.7,95.0625,78.0,98.0
0544.693,-201.075,-35.71666666666666,97.23529411764704,78.0,98.0
0544.740,-218.36666666666667,-37.48461538461538,108.0,78.0,98.0
0544.772,-232.3,-40.261538461538464,112.0,78.0,98.0
0544.797,-246.5,-40.8,112.0,78.0,98.0
0544.829,-264.025,-41.550000000000004,109.4375,78.07440476190476,98.00000000000001
0544.862,-287.0769230769231,-41.715384615384615,107.375,78.17261904761904,98.0
0544.895,-297.3,-42.25,103.3125,78.27083333333334,98.0
0544.928,-308.83333333333337,-44.025000000000006,102.0,78.36904761904762,98.0
0544.961,-317.60769230769233,-44.45,100.1875,78.46726190476191,98.0
0545.001,-327.8384615384615,-43.81249999999999,100.0,78.58630952380952,98.0
0545.034,-332.2,-42.0,99.625,78.68452380952381,98.0
0545.067,-332.8,-40.599999999999994,98.5625,78.7827380952381,98.0
0545.100,-324.9,-40.025000000000006,97.0,78.88095238095238,98.0
0545.133,-319.6,-37.324999999999996,96.0,78.97916666666666,98.0
0545.165,-302.8,-34.69166666666667,95.0,79.0,98.00000000000001
0545.199,-274.96666666666664,-32.63076923076923,95.0,79.0,97.99999999999999
0545.232,-240.7,-29.65,95.0,79.0,98.0
0545.265,-203.63333333333335,-27.6,95.0,79.0,98.0
0545.297,-168.05,-23.933333333333337,95.0,79.0,98.0
0545.329,-133.0,-19.749999999999996,95.0,79.0,98.0
0545.361,-80.64166666666667,-13.741666666666667,95.0,79.0,98.0
0545.402,-3.1750000000000007,-5.325,95.0,79.0,98.0
0545.434,65.07692307692308,0.7,95.0,79.0,98.0
0545.466,121.85384615384615,4.811111111111112,99.125,79.0,98.0
0545.498,165.0916666666667,7.3375,105.125,78.99999999999999,98.0
0545.529,200.04615384615386,9.4125,111.3125,79.0,98.0
0545.561,222.625,14.2,112.0,79.0,98.0
0545.603,247.45384615384614,16.4,110.0625,79.0,98.0
0545.640,265.0,19.562500000000004,105.75,79.0,98.00000000000001
0545.672,272.57500000000005,18.99230769230769,103.75,79.0,98.0
0545.698,275.5,20.8,102.125,79.0,98.0
0545.729,266.74615384615385,22.915384615384617,100.13333333333334,79.0,98.0
0545.762,262.1,23.992307692307694,100.0,79.0,98.00000000000001
0545.793,254.47500000000002,22.86153846153846,100.0,79.0,98.0
0545.838,245.17499999999998,25.15,99.0,79.0,98.0
0545.872,233.73333333333335,27.6,97.0,79.0,98.0
0545.898,221.0,31.43846153846154,95.78125,79.0,98.0
0545.931,207.8,35.425,95.0,79.0,98.0
0545.963,197.625,46.1875,95.0,79.0,98.0
0545.997,187.03333333333336,81.10000000000001,95.0,79.0,98.0
0546.029,177.3,106.85833333333333,95.0,79.0,98.0
0546.060,169.38181818181818,137.4923076923077,95.0,79.0,98.0
0546.101,164.66666666666666,144.4,95.0,79.0,98.0
0546.133,165.76923076923077,150.04999999999998,95.0,79.0,98.0
0546.163,179.775,151.46923076923076,95.0,79.0,98.0
0546.195,203.27499999999998,150.23333333333335,95.0,79.0,98.0
0546.227,233.2125,149.53333333333333,95.0,79.0,98.0
0546.260,259.67777777777775,147.25,99.1875,79.0,98.0
0546.306,278.725,147.3,107.8125,79.0,98.0
0546.331,284.8916666666667,146.8,111.5,79.0,98.0
0546.364,293.3833333333333,144.1153846153846,112.4375,79.0,98.0
0546.397,290.94166666666666,140.04615384615386,110.4375,79.0,98.0
0546.429,284.04999999999995,133.3,108.4375,79.0,98.0
0546.463,275.025,128.525,106.26666666666668,79.0,98.0
0546.496,260.2692307692308,121.12500000000001,104.1875,79.0,98.00000000000001
0546.528,245.775,111.43076923076923,101.1875,79.0,98.0
0546.559,222.83333333333331,98.625,100.29411764705883,79.0,98.0
0546.598,180.55,79.20833333333333,100.0,79.0,98.0
0546.630,141.47692307692307,59.8,99.0,79.0,98.0
0546.663,95.925,41.5,97.75,79.0,98.0
0546.695,54.574999999999996,23.8,96.80000000000001,79.0,98.0
0546.728,16.35,9.8,96.0,79.0,98.0
0546.760,-30.433333333333334,-2.875,95.0,79.0,98.0
0546.802,-85.8,-19.4,94.0625,79.0,98.0
0546.838,-144.85,-30.084615384615386,94.0,79.0,98.0
0546.864,-184.26666666666668,-34.65,94.0,79.0,98.0
0546.897,-233.3923076923077,-37.362500000000004,94.0,79.0,98.0
0546.931,-282.1,-42.949999999999996,94.0,79.0,98.0
0546.965,-306.51538461538456,-49.0375,93.0,79.0,98.0
0546.998,-316.06666666666666,-55.19230769230769,93.0,79.0,98.0
0547.032,-320.55,-60.24166666666667,93.3125,79.0,98.0
0547.064,-315.2,-60.60000000000001,96.3125,79.0,98.0
0547.097,-321.2692307692307,-61.900000000000006,101.125,79.0,98.0
0547.129,-324.8666666666667,-64.18461538461538,107.125,79.0,98.0
0547.161,-334.125,-69.45384615384616,112.0,79.0,98.0
0547.196,-343.04999999999995,-75.64166666666665,110.4375,79.0,98.0
0547.230,-347.63076923076926,-80.95,107.3125,79.0,98.0
0547.264,-347.85,-82.01111111111112,105.1875,79.0,98.0
0547.295,-348.2,-81.625,104.25,79.0,98.0
0547.329,-348.825,-78.2,101.125,79.0,98.0
0547.362,-345.2888888888889,-73.125,99.0625,79.0,98.0
0547.395,-341.025,-64.4625,99.0,79.0,98.0
0547.429,-325.0,-57.92307692307692,98.0,79.0,98.0
0547.461,-306.37692307692305,-51.56666666666667,97.0,79.0,98.0
0547.494,-286.225,-48.01538461538462,96.75,79.0,97.99999999999999
0547.534,-260.5333333333333,-44.5,95.28571428571429,79.00000000000001,98.00000000000001
0547.565,-244.46666666666664,-41.93333333333334,95.0,79.0,98.0
0547.598,-229.94615384615383,-39.333333333333336,94.25,79.0,98.0
0547.630,-208.76666666666665,-37.246153846153845,94.0,79.0,98.0
0547.662,-190.05,-35.800000000000004,94.0,79.0,98.0
0547.694,-170.45,-32.75,94.0,79.0,98.0
0547.740,-147.40833333333333,-30.125,94.0,79.0,98.0
0547.773,-115.35384615384615,-25.575,93.3125,79.0,98.0
0547.799,-77.18333333333332,-21.51666666666667,93.3125,79.0,98.0
0547.830,-27.658333333333335,-17.049999999999997,94.0,78.94047619047619,98.0
0547.863,30.322222222222223,-9.925,94.3125,78.84226190476191,98.0
0547.895,65.19999999999999,-6.800000000000001,97.625,78.74702380952381,98.0
0547.928,86.375,-4.76923076923077,103.125,78.64880952380952,98.0
0547.960,92.75,-1.4000000000000001,110.375,78.55357142857143,98.0
0548.002,73.675,2.15,111.0,78.42857142857143,98.0
0548.041,39.36666666666666,10.216666666666667,107.6,78.3125,98.0
0548.059,22.741666666666667,11.792307692307691,106.4375,78.25892857142857,98.0
0548.100,10.2,14.8,103.875,78.13690476190476,98.0
0548.132,28.684615384615384,15.333333333333334,100.875,78.04166666666667,98.0
0548.166,63.31666666666666,18.866666666666667,99.75,78.0,98.0
0548.197,108.81428571428573,28.484615384615385,100.17647058823528,78.0,98.0
0548.229,134.8,44.483333333333334,101.125,78.0,98.0
0548.261,150.15,64.125,102.875,78.0,98.0
0548.295,157.8,80.1,100.75,78.0,98.0
0548.328,168.1,88.63333333333333,97.375,78.0,98.0
0548.361,197.14999999999998,87.27692307692308,93.625,78.0,98.0
0548.394,229.17499999999998,84.71666666666667,93.0,78.0,98.0
0548.426,256.9,84.88333333333334,94.4375,78.0,98.0
0548.468,290.2692307692308,81.98333333333333,97.0625,78.0,98.0
0548.499,297.1222222222222,79.05833333333332,98.0,77.97557251908397,98.0
0548.531,302.125,74.48461538461538,96.0,77.9267175572519,98.0
0548.564,296.8,71.58181818181818,93.9375,77.87633587786259,98.0
0548.596,292.3666666666667,72.26666666666667,92.0,77.82748091603052,98.0
0548.628,288.6,74.325,92.0,77.77862595419847,97.99999999999999
0548.672,287.87777777777774,72.4,92.0,77.71145038167938,98.0
0548.697,292.34166666666664,71.48333333333333,92.0,77.6732824427481,98.0
0548.730,295.9666666666667,67.17500000000001,93.4375,77.62290076335877,98.0
0548.763,290.0923076923077,62.8,99.5,77.57251908396947,98.0
0548.797,262.175,52.5875,106.66666666666667,77.5206106870229,98.0
0548.831,224.33846153846153,42.8,112.8125,77.46870229007632,98.0
0548.864,175.7125,29.307692307692307,112.0625,77.41832061068702,98.0
0548.895,124.325,14.53076923076923,109.1875,77.37099236641221,98.0
0548.927,70.85,-4.4,106.1875,77.32213740458015,98.0
0548.972,2.9000000000000004,-25.75,103.375,77.25343511450382,98.0
0549.006,-67.33076923076922,-35.224999999999994,101.0,77.20152671755724,98.0
0549.031,-134.1,-40.47692307692308,100.0,77.16335877862595,98.0
0549.062,-220.85000000000002,-48.13333333333333,100.0,77.11603053435115,98.0
0549.095,-310.85,-59.36666666666667,100.0,77.06564885496182,98.0
0549.129,-394.5,-76.975,99.5625,77.01374045801528,98.0
0549.161,-475.55833333333334,-92.9111111111111,97.5625,77.0,98.0
0549.195,-552.7666666666667,-106.67500000000001,96.4375,77.0,98.0
0549.227,-623.4083333333333,-111.3625,95.4375,77.0,98.0
0549.273,-691.5666666666666,-114.69999999999999,95.0,77.0,98.0
0549.299,-721.7692307692308,-116.05384615384614,94.0,77.0,98.0
0549.332,-737.8000000000001,-115.8,94.0,77.0,98.0
0549.365,-751.6000000000001,-114.9,94.0,77.0,98.0
0549.399,-768.35,-113.12499999999999,94.3125,77.0,98.0
0549.432,-781.2384615384615,-112.64166666666667,94.625,77.0,98.0
0549.463,-785.1833333333334,-109.76923076923077,93.6875,77.0,98.0
0549.495,-781.625,-106.88333333333333,92.6875,76.9375,98.0
0549.527,-762.1615384615385,-103.85,92.0,76.84226190476191,98.0
0549.560,-729.0250000000001,-98.55,93.0,76.74404761904762,98.0
0549.595,-697.6083333333333,-92.1,94.5625,76.63988095238095,98.0
0549.628,-672.975,-86.35384615384616,101.875,76.54166666666666,98.0
0549.672,-644.1,-80.90769230769232,109.75,76.41071428571428,98.0
0549.697,-627.4749999999999,-76.8,111.9375,76.33630952380952,98.0
0549.728,-598.5444444444445,-73.73076923076923,110.125,76.24404761904762,98.0
0549.759,-571.5583333333333,-70.58461538461539,107.1875,76.15178571428572,98.0
0549.799,-528.7,-67.32307692307693,102.6875,76.03273809523809,98.0
0549.831,-493.71666666666664,-63.575,101.0,76.0,98.0
0549.864,-464.0142857142856,-61.52499999999999,101.0,76.0,98.0
0549.897,-437.9384615384615,-57.96923076923077,101.0,76.0,98.0
0549.929,-418.32307692307694,-56.530769230769224,101.0,76.0,98.0
0549.962,-403.79999999999995,-55.550000000000004,99.5,76.0,98.0
0549.995,-389.44615384615383,-54.45,98.4375,76.0,98.0
0550.028,-374.34444444444443,-53.2,96.375,76.0,98.0
0550.061,-350.0,-50.43076923076923,95.0,76.0,98.0
0550.094,-324.375,-47.1,94.0,76.0,98.0
0550.128,-302.7692307692308,-42.975,94.0,76.0,98.0
0550.162,-283.2583333333333,-38.550000000000004,93.94117647058823,76.0,98.0
0550.194,-275.6666666666667,-37.60769230769231,93.0,76.00000000000001,98.0
0550.227,-264.5090909090909,-35.083333333333336,94.0625,76.0,98.0
0550.267,-252.7923076923077,-33.2,96.52941176470588,76.0,98.0
0550.299,-234.32307692307694,-30.383333333333333,98.0,76.0,98.0
0550.330,-207.59999999999997,-30.146153846153844,98.0,76.0,98.0
0550.362,-179.4666666666667,-30.93076923076923,96.5,76.0,98.0
0550.395,-142.4,-29.1,96.0,76.0,98.0
0550.428,-115.96153846153847,-25.075,98.25,76.0,98.0
0550.462,-96.125,-21.650000000000002,104.25,76.0,98.0
0550.494,-84.8,-21.511111111111113,110.25,75.96428571428572,98.0
0550.526,-77.95,-20.0125,113.0,75.86904761904762,98.0
0550.565,-50.98333333333333,-21.225,109.8125,75.75297619047619,98.0
0550.596,-16.4,-19.5,106.875,75.66071428571429,98.0
0550.628,18.95,-17.70769230769231,104.875,75.56547619047618,98.0
0550.661,40.458333333333336,-15.358333333333334,101.8125,75.4672619047619,98.0
0550.693,41.353846153846156,-12.9,99.8125,75.37202380952381,98.0
0550.734,31.766666666666666,-12.0,99.0,75.25,98.0
0550.772,30.53333333333333,-11.474999999999998,99.0,75.13690476190476,98.0
0550.799,31.750000000000004,-11.2,99.0,75.05654761904762,98.0
0550.830,27.6,-11.3,97.0,75.0,98.0
0550.863,28.77692307692308,-11.8,95.1875,75.0,98.0
0550.895,31.7,-13.123076923076923,94.1875,75.0,98.0
0550.928,33.7,-14.933333333333334,93.0,75.0,98.0
0550.961,35.7,-16.21666666666667,93.0,75.0,98.0
0550.994,29.3,-15.816666666666666,94.0,75.0,98.0
0551.026,21.6,-14.75,94.0,75.0,98.0
0551.073,0.546153846153846,-10.566666666666666,95.0,75.0,98.0
0551.099,-11.275,-9.966666666666667,95.0,75.0,98.0
0551.130,-14.762500000000001,-10.266666666666667,95.0,75.0,98.0
0551.164,-5.5,-8.9,94.0,75.0,98.0
0551.197,14.6125,-6.7,94.0,75.0,97.99999999999999
0551.231,33.25,-2.0,94.8125,75.0,98.00000000000001
0551.265,42.3875,2.6500000000000004,98.875,75.0,98.0
0551.298,46.715384615384615,4.6,105.0,75.0,98.0
0551.331,46.599999999999994,6.125,110.0,75.0,98.0
0551.364,40.5,4.523076923076923,109.875,75.0,98.0
0551.396,35.71666666666666,3.6461538461538456,105.875,75.0,98.0
0551.427,29.175,1.7846153846153845,104.9375,75.0,98.0
0551.460,20.753846153846155,1.25,102.0,75.0,98.0
0551.499,10.466666666666669,1.225,100.4375,75.0,98.00000000000001
0551.530,2.6333333333333333,0.7111111111111111,99.5,75.0,98.0
0551.561,0.35,1.8,99.0,75.0,98.0
0551.593,-6.176923076923076,-0.4,98.5625,75.0,98.0
0551.626,-4.3,-1.3230769230769233,97.5,75.0,98.0
0551.672,-7.361538461538462,-1.4,96.0,75.0,98.0
0551.705,1.1500000000000001,0.3,95.5625,75.0,98.0
0551.731,8.2,-1.85,95.0,75.0,98.0
0551.762,21.23846153846154,-3.333333333333333,95.0,75.0,98.0
0551.795,36.916666666666664,-5.0,94.9375,75.0,98.0
0551.827,55.8,-3.923076923076923,94.0,75.0,97.99999999999999
0551.859,68.58333333333333,-3.625,94.0,75.0,98.0
0551.901,79.77499999999999,-3.3,94.0,75.0,98.0
0551.933,92.22307692307692,-4.425,95.0,75.0,98.0
0551.964,113.6,-4.9375,95.0,75.0,98.0
0551.997,146.9,-4.6,95.0,75.0,98.0
0552.030,170.5,-1.3,95.75,75.0,98.0
0552.061,184.03333333333336,0.8333333333333334,99.375,75.0,98.0
0552.102,186.9153846153846,2.3,108.5,75.0,98.0
0552.134,184.35,0.34615384615384615,110.0,75.0,98.0
0552.166,177.83333333333331,0.8615384615384616,108.75,74.94047619047619,98.0
0552.198,176.1,3.138461538461538,106.0,74.8452380952381,98.0
0552.230,167.6,4.625,104.75,74.75,98.0
0552.262,182.86923076923074,5.592307692307692,102.75,74.6547619047619,98.0
0552.294,197.33333333333334,5.833333333333333,100.0,74.5595238095238,98.0
0552.335,224.34999999999997,10.53076923076923,99.0,74.4375,98.0
0552.366,229.60000000000002,27.666666666666668,98.0,74.3452380952381,98.0
0552.399,230.71538461538464,46.1,98.0,74.24702380952381,98.0
0552.432,219.49166666666667,60.08333333333333,97.125,74.14880952380952,98.0
0552.464,213.4666666666667,59.06923076923077,97.0,74.05357142857142,98.0
0552.496,207.29999999999998,56.25,96.125,74.00000000000001,98.0
0552.527,210.12307692307692,53.0,96.0,74.0,98.0
0552.567,222.7,50.849999999999994,95.6875,74.0,98.0
0552.597,232.15,49.5,95.0,74.0,98.0
0552.628,236.9666666666667,48.53333333333333,96.0,74.0,98.0
0552.667,232.53846153846155,49.53333333333334,96.0,74.0,98.0
0552.697,228.7,49.416666666666664,96.0,74.0,98.0
0552.729,233.3,49.75384615384616,96.0,74.0,98.0
0552.760,255.7,51.150000000000006,96.41176470588235,74.0,98.0
0552.807,310.07500000000005,52.53333333333333,97.0,74.0,98.0
0552.825,330.6583333333333,55.15555555555555,97.0,73.99999999999999,98.0
0552.867,359.6833333333333,66.61538461538461,98.25,74.0,98.0
0552.900,364.7833333333333,73.69999999999999,105.5625,74.0,98.0
0552.933,360.3666666666667,79.1,111.25,74.0,98.0
0552.966,347.0416666666667,79.36666666666667,112.6875,74.0,98.0
0552.998,338.5461538461538,78.85,109.6875,74.0,98.0
0553.031,334.6,77.8,106.625,74.0,98.0
0553.064,326.26153846153846,75.2,104.5625,74.0,98.0
0553.097,321.8461538461538,72.10000000000001,103.5,74.0,98.0
0553.130,308.7916666666667,70.20000000000002,102.4375,74.0,98.0
0553.162,297.54999999999995,67.41538461538461,102.0,74.0,98.00000000000001
0553.194,285.9615384615385,65.275,101.4375,74.0,98.0
0553.240,275.83333333333337,64.05000000000001,99.0,74.0,98.0
0553.272,273.83846153846156,64.30000000000001,98.0,74.0,98.0
0553.300,272.3333333333333,62.96923076923076,97.0,74.0,98.0
0553.332,265.5,61.56153846153846,96.0,74.0,98.0
0553.365,258.2,81.75,96.0,74.0,98.0
0553.396,247.45,96.63333333333334,96.0,74.0,98.0
0553.428,236.98333333333335,113.10000000000001,96.0,74.0,98.0
0553.473,223.25,111.61111111111111,97.0,74.0,98.0
0553.499,215.49999999999997,108.17499999999998,97.0,74.00000000000001,98.0
0553.530,209.52307692307693,103.84615384615384,97.0,74.0,98.0
0553.562,201.3875,101.2,98.0,74.0,98.0
0553.595,210.80833333333334,99.56923076923077,98.0,74.0,98.0
0553.628,231.43333333333334,99.25,98.0,74.0,98.0
0553.661,264.8538461538461,98.35,98.0,74.0,98.0
0553.694,297.36923076923074,99.04166666666667,98.8125,74.0,98.0
0553.727,313.33333333333337,99.73846153846154,105.625,74.0,98.0
0553.760,320.5833333333333,98.66666666666666,110.8125,74.0,98.0
0553.800,304.125,97.22500000000001,112.5625,74.0,98.0
0553.831,294.65384615384613,94.48333333333332,109.625,73.9672619047619,98.0
0553.864,283.1,91.3,105.5625,73.91815476190476,97.99999999999999
0553.895,271.90000000000003,89.1,104.0,73.87202380952381,98.0
0553.927,261.175,87.19166666666666,102.625,73.82440476190476,97.99999999999999
0553.974,243.975,87.25833333333333,100.0,73.75446428571428,98.0
0554.000,230.57500000000002,84.45,100.0,73.71577380952381,98.0
0554.032,215.66666666666666,80.40833333333333,100.9375,73.66815476190476,97.99999999999999
0554.065,195.06666666666666,76.1,100.0,73.61904761904762,98.0
0554.099,179.0769230769231,69.32499999999999,99.0,73.56845238095238,98.0
0554.131,160.675,63.3,98.0,73.52083333333334,98.0
0554.163,134.46666666666664,55.525000000000006,97.0,73.47321428571429,98.0
0554.195,94.69166666666666,47.20769230769231,96.0,73.42559523809524,98.0
0554.226,53.92307692307693,38.199999999999996,95.96875,73.37946428571429,98.0
0554.268,4.166666666666667,23.433333333333334,96.0,73.31696428571429,98.0
0554.299,-30.238461538461543,13.325000000000001,96.0,73.27083333333333,98.0
0554.330,-66.35,0.12857142857142895,96.0,73.22470238095238,98.0
0554.363,-103.65,-11.6125,95.0,73.17559523809524,98.0
0554.396,-134.02222222222224,-27.1,95.0,73.12648809523809,98.0
0554.428,-161.9125,-36.7,95.0,73.07886904761905,98.0
0554.460,-190.5,-47.00769230769231,95.0,73.03125,98.0
0554.501,-239.575,-53.838461538461544,99.5,73.00000000000001,98.00000000000001
0554.535,-302.025,-57.724999999999994,105.3125,73.0,98.0
0554.572,-367.9111111111111,-62.06666666666666,109.75,73.0,97.99999999999999
0554.598,-403.5333333333333,-68.1,110.625,73.0,98.0
0554.628,-440.3333333333333,-80.86153846153846,107.75,73.0,98.0
0554.660,-469.10769230769233,-93.0,104.75,73.0,98.0
0554.700,-506.1846153846154,-106.33333333333334,102.25,73.0,98.0
0554.731,-541.1750000000001,-111.44999999999999,101.3125,73.0,98.0
0554.762,-582.9749999999999,-116.2,99.0,73.0,98.0
0554.795,-624.5,-119.65,99.0,73.0,98.0
0554.826,-650.1777777777777,-122.14999999999999,100.0,73.01524390243902,98.0
0554.867,-673.0307692307692,-123.67500000000001,99.0,73.07774390243902,98.0
0554.899,-682.6583333333333,-122.96666666666667,98.0,73.1265243902439,98.00000000000001
0554.931,-688.05,-122.03076923076924,97.0,73.17530487804878,98.0
0554.964,-685.6249999999999,-120.03333333333333,96.0,73.22560975609755,98.0
0554.998,-678.2666666666667,-118.35000000000001,96.0,73.27743902439025,98.0
0555.031,-670.7,-116.39999999999999,96.0,73.32774390243904,98.0
0555.064,-662.15,-113.6076923076923,96.0,73.3780487804878,98.0
0555.096,-646.275,-108.17499999999998,96.0,73.42682926829268,98.0
0555.129,-626.7153846153847,-102.975,95.0,73.47713414634146,98.0
0555.160,-597.2461538461539,-98.0625,95.0,73.52439024390245,98.0
0555.208,-541.7,-90.83333333333333,95.0,73.59756097560975,98.0
0555.225,-523.8666666666667,-88.675,95.5625,73.6234756097561,98.0
0555.264,-485.725,-82.96153846153847,98.0,73.6829268292683,98.0
0555.297,-465.4384615384615,-80.075,105.125,73.73323170731707,98.0
0555.329,-445.79166666666663,-76.33333333333334,109.0625,73.78201219512195,98.0
0555.360,-430.975,-72.54615384615384,110.0,73.82926829268293,98.0
0555.401,-410.89166666666665,-67.24615384615385,106.875,73.89176829268293,98.0
0555.434,-397.54166666666663,-64.175,104.375,73.9420731707317,98.0
0555.467,-389.0230769230769,-61.725,102.3125,73.99237804878048,98.0
0555.500,-386.3769230769231,-58.325,100.25,74.0,98.0
0555.532,-377.7769230769231,-55.650000000000006,100.0,74.0,98.0
0555.565,-369.2,-53.616666666666674,100.75,74.0,98.0
0555.597,-365.1666666666667,-49.930769230769236,101.0,74.0,98.0
0555.629,-356.975,-46.06923076923077,100.0,74.0,98.0
0555.662,-347.8153846153846,-41.3,98.1875,74.0,98.0
0555.693,-336.75,-40.3,97.0,74.0,98.0
0555.731,-316.4166666666667,-38.833333333333336,96.0,74.0,98.0
0555.764,-293.7583333333333,-35.86153846153846,96.0,74.0,98.0
0555.795,-275.8,-33.7,95.00000000000001,74.0,98.0
0555.828,-251.91666666666666,-28.916666666666668,95.0,74.0,98.0
0555.860,-228.07500000000002,-26.099999999999998,96.0,74.0,98.0
0555.900,-186.53333333333333,-23.215384615384615,96.0,74.0,98.0
0555.930,-145.99166666666667,-21.500000000000004,96.0,74.0,98.0
0555.961,-99.0,-20.166666666666664,95.0,74.0,98.0
0556.002,-39.9,-18.025000000000002,96.25,74.0,98.0
0556.039,-1.5666666666666662,-15.458333333333332,104.3125,74.0,98.0
0556.064,16.0,-13.95,109.0,74.0,98.0
0556.097,29.966666666666665,-13.5,112.9375,74.0,98.0
0556.130,37.66153846153846,-14.7,111.75,74.0,98.0
0556.162,44.0,-14.487499999999999,108.875,73.99999999999999,98.0
0556.195,42.1,-16.733333333333334,106.8125,74.0,98.0
0556.226,36.56153846153846,-16.2,106.0,74.0,98.0
0556.265,20.03846153846154,-16.799999999999997,106.0,74.0,98.0
0556.298,0.20833333333333304,-16.15,106.0,74.0,98.0
0556.330,-2.933333333333334,-16.592307692307692,105.0,74.0,98.0
0556.363,9.833333333333332,-16.0,101.3125,74.0,98.0
0556.397,30.161538461538463,-14.658333333333333,98.375,74.0,98.0
0556.430,49.6,-11.908333333333333,96.125,74.0,98.0
0556.461,56.233333333333334,-9.415384615384616,95.1875,74.0,98.0
0556.492,57.16666666666667,-8.833333333333334,95.0,74.0,98.0
0556.532,50.3,-6.425,94.0,74.0,98.0
0556.564,42.175,-6.5249999999999995,94.0,74.0,98.0
0556.598,32.95,-2.9499999999999997,94.0,74.0,98.0
0556.631,33.025,-0.7555555555555555,95.0,74.0,98.0
0556.663,53.358333333333334,0.025000000000000022,95.0,74.0,98.0
0556.695,98.76923076923077,2.95,94.0,74.0,98.0
0556.728,162.96153846153845,7.1,93.0,74.0,98.0
0556.762,231.05,13.058333333333334,94.625,74.0,98.0
0556.796,265.69166666666666,16.353846153846156,98.5,74.0,98.0
0556.829,288.8333333333333,18.975,107.4375,74.04062499999999,98.0
0556.860,300.4846153846154,19.65,109.75,74.1375,98.0
0556.893,313.45,20.041666666666668,110.0,74.240625,98.0
0556.940,326.3,20.675,108.0,74.3875,98.0
0556.973,330.79999999999995,20.625,107.1875,74.490625,98.0
0556.991,331.45384615384614,20.85,106.0625,74.546875,98.0
0557.033,329.0153846153846,19.533333333333335,101.875,74.678125,98.0
0557.066,313.54999999999995,19.26666666666667,100.0,74.78125,98.0
0557.099,295.1454545454545,18.376923076923077,100.6875,74.884375,98.0
0557.132,267.0,17.85,101.0,74.9875,98.0
0557.166,234.6,16.9,99.125,75.0,98.0
0557.199,189.8375,13.249999999999998,97.0625,75.0,98.0
0557.230,147.74166666666665,9.2,95.0,75.0,98.0
0557.264,99.4,5.646153846153846,95.0,75.0,98.0
0557.297,46.5,0.33333333333333337,97.0,75.0,98.0
0557.329,-10.6,-4.716666666666667,96.9375,75.0,98.0
0557.361,-69.5,-11.2,95.0,75.0,98.0
0557.401,-136.15,-17.661538461538463,94.0,75.0,98.0
0557.434,-186.64999999999998,-24.23333333333333,95.0,75.0,98.0
0557.466,-223.42307692307693,-29.78333333333333,96.0,75.0,98.0
0557.498,-245.41666666666666,-33.775,96.0,75.0,98.0
0557.531,-255.8583333333333,-36.3,95.0,75.0,97.99999999999999
0557.563,-262.0666666666667,-38.611111111111114,96.375,75.0,98.0
0557.596,-263.8538461538462,-39.95,102.0,75.0,98.0
0557.628,-266.4666666666667,-42.9875,109.0,75.0,98.0
0557.663,-264.0,-40.95,114.0,75.0,98.0
0557.696,-260.375,-37.4,112.0,75.0,98.0
0557.730,-253.72222222222223,-33.54615384615385,106.875,75.0,98.0
0557.763,-241.75,-29.824999999999996,105.8125,75.0,98.0
0557.795,-222.6,-26.66666666666667,102.8125,75.0,98.0
0557.827,-202.10000000000002,-22.323076923076925,100.8125,74.99999999999999,97.99999999999999
0557.874,-163.5,-15.725000000000001,99.0,75.0,98.0
0557.906,-144.1625,-10.041666666666666,98.875,75.0,98.0
0557.939,-118.2,-5.116666666666666,98.0,75.0,98.0
0557.968,-99.1,-0.7833333333333333,98.0,75.0,98.0
0557.999,-66.1,0.7,98.0,75.0,98.0
0558.033,-38.792307692307695,1.4666666666666668,96.0,75.0,98.0
0558.066,-16.6,1.5833333333333333,94.86666666666667,75.0,98.0
0558.099,-16.4,2.5166666666666666,92.75,75.0,98.0
0558.131,-21.775000000000002,3.0615384615384618,92.0,75.0,98.0
0558.164,-25.577777777777776,5.199999999999999,92.0,75.0,98.0
0558.196,-21.124999999999996,6.333333333333334,93.0,75.0,98.0
0558.228,-3.9,9.138461538461538,94.3125,75.0,98.0
0558.261,29.3,10.061538461538461,95.375,75.0,98.0
0558.301,90.86666666666666,11.784615384615385,97.0,75.0,98.0
0558.333,138.7,12.083333333333334,96.1764705882353,75.0,98.0
0558.366,182.3,12.946153846153846,95.0,75.0,98.0
0558.399,200.8,14.35,96.9375,75.0,98.0
0558.433,215.6,15.25,105.1875,75.0,98.0
0558.466,219.7166666666667,18.400000000000002,110.125,75.0,98.0
0558.499,225.51666666666665,18.953846153846154,111.0,75.02831594634874,98.0
0558.530,220.4,18.583333333333336,110.0,75.07451564828615,98.0
0558.562,216.3,18.675,109.0,75.12220566318928,98.0
0558.594,207.25000000000003,17.46923076923077,107.75,75.1698956780924,98.0
0558.634,192.85000000000002,17.4,103.75,75.22950819672131,98.0
0558.666,179.33333333333331,17.375,101.375,75.27719821162444,98.0
0558.698,169.4076923076923,18.416666666666668,100.0,75.32488822652758,98.0
0558.731,166.54166666666666,20.016666666666666,100.0,75.37406855439642,98.0
0558.763,166.0,22.341666666666665,98.3125,75.42175856929956,98.0
0558.796,158.0,27.830769230769235,97.25,75.4709388971684,98.0
0558.829,153.5,45.33846153846154,96.0,75.52011922503726,98.0
0558.862,142.25555555555556,64.76666666666667,95.0,75.56929955290612,98.0
0558.895,143.21249999999998,79.5,95.0,75.61847988077496,98.0
0558.928,138.83749999999998,81.86666666666667,96.0,75.66766020864381,98.0
0558.962,138.26666666666668,75.13076923076923,95.875,75.71833084947839,98.0
0558.995,136.17692307692306,70.2,95.0,75.76751117734725,98.0
0559.027,138.09230769230768,66.625,95.0,75.81520119225037,98.0
0559.060,139.37692307692308,63.4,95.0,75.86438152011922,98.0
0559.101,153.5,60.03333333333333,94.125,75.92548435171386,98.0
0559.140,164.375,59.9,93.6875,75.98360655737704,98.0
0559.172,183.03333333333336,59.0375,93.0,76.0,98.0
0559.200,194.07692307692307,58.925,93.0625,76.0,98.0
0559.233,216.2,57.375,94.125,76.0,98.0
0559.265,233.42499999999998,57.400000000000006,97.125,76.0,98.0
0559.299,244.7,57.33846153846154,101.75,76.0,98.0
0559.332,246.5,57.5,109.3125,76.0,98.0
0559.364,246.8,57.575,110.0,76.0,98.0
0559.397,242.26666666666665,57.0375,108.625,76.0,98.0
0559.430,234.60000000000002,55.075,107.0,76.0,98.0
0559.466,226.20833333333331,52.6,106.0,76.0,98.0
0559.499,214.93846153846152,51.599999999999994,103.25,76.00000000000001,98.0
0559.533,203.77777777777777,50.33333333333333,101.125,76.0,98.0
0559.566,183.4,47.35,99.0625,76.0,98.0
0559.598,162.3,46.34615384615384,99.0,76.0,98.0
0559.630,133.07692307692307,39.2,98.0,76.0,98.0
0559.663,100.24615384615385,27.525,97.0,76.0,98.0
0559.696,64.4,15.792307692307691,95.9375,76.0,98.0
0559.728,36.575,3.8307692307692305,95.0,76.0,98.0
0559.760,5.699999999999999,-7.611111111111111,95.0,76.0,98.0
0559.800,-36.666666666666664,-19.79230769230769,96.0,76.0,98.0
0559.832,-76.23846153846154,-28.1,96.0,76.0,98.0
0559.864,-121.1,-36.291666666666664,96.0,76.0,98.0
0559.895,-178.43333333333334,-42.72222222222222,96.0,76.0,98.0
0559.927,-250.33076923076925,-48.733333333333334,96.0,76.0,98.0
0559.967,-343.3,-53.849999999999994,95.0,76.0,98.0
0560.000,-408.425,-58.81818181818181,94.0,76.0,98.0
0560.032,-450.8,-67.78333333333333,94.0,76.0,98.0
0560.064,-484.15,-75.13846153846154,94.0,76.0,98.0
0560.096,-510.8666666666667,-80.4,95.0,76.0,98.0
0560.129,-534.0615384615385,-82.1,96.0,76.0,98.0
0560.162,-564.5769230769231,-82.5,98.1875,75.94345238095238,98.0
0560.194,-596.2333333333333,-82.63333333333333,105.375,75.84821428571428,98.0
0560.226,-625.4,-81.6875,110.1875,75.75297619047619,98.0
0560.267,-643.4,-79.8,112.0,75.63095238095238,98.0
0560.297,-646.4923076923077,-78.76666666666668,110.375,75.54166666666667,98.0
0560.329,-639.95,-77.9,108.375,75.44642857142858,98.0
0560.361,-625.9125,-74.63333333333333,105.375,75.35119047619048,98.0
0560.393,-606.5,-69.2,103.375,75.25595238095238,98.0
0560.440,-572.3,-62.1,99.4375,75.11607142857143,98.0
0560.458,-562.5,-59.025000000000006,99.0,75.0625,98.0
0560.499,-541.7923076923078,-56.925,98.0,74.97983870967741,98.0
0560.532,-523.6666666666666,-54.184615384615384,97.0,74.94657258064515,98.0
0560.563,-504.63846153846157,-52.06666666666666,95.75,74.91532258064515,98.0
0560.594,-487.18333333333334,-48.766666666666666,94.0,74.88407258064515,98.0
0560.626,-467.0333333333334,-47.46666666666667,94.0,74.85181451612902,98.0
0560.672,-441.1166666666667,-43.28333333333333,95.0,74.80544354838709,98.0
0560.699,-425.57692307692304,-41.375,95.0,74.77822580645162,98.0
0560.731,-412.73076923076917,-38.9,94.0,74.74596774193549,98.0
0560.764,-393.15,-39.06666666666666,93.0,74.71270161290322,98.0
0560.797,-373.7416666666667,-37.36923076923077,93.0,74.67943548387098,98.0
0560.830,-346.7846153846154,-35.6375,93.94117647058823,74.64616935483872,98.0
0560.862,-320.6307692307692,-32.1,95.0,74.61391129032258,98.0
0560.893,-294.0625,-27.45,95.0,74.58266129032259,98.0
0560.940,-238.42499999999998,-23.1,97.0,74.53528225806451,98.0
0560.972,-197.45000000000002,-19.6875,97.0,74.50302419354838,98.0
0560.999,-167.5,-17.766666666666666,97.5625,74.4758064516129,98.0
0561.030,-142.64166666666665,-14.966666666666665,99.0,74.4445564516129,98.0
0561.061,-130.4769230769231,-12.9,103.23529411764706,74.4133064516129,98.0
0561.094,-124.2,-12.7,111.875,74.38004032258064,98.0
0561.126,-122.7,-11.966666666666665,114.0,74.34778225806451,98.0
0561.167,-124.43333333333334,-9.891666666666666,112.0,74.30645161290323,98.0
0561.201,-126.60833333333333,-9.215384615384615,109.0,74.27217741935485,98.0
0561.235,-129.95384615384614,-5.966666666666667,106.75,74.23790322580645,98.0
0561.267,-128.37692307692308,-6.374999999999999,105.75,74.20564516129032,98.0
0561.298,-128.70000000000002,-7.391666666666667,103.8125,74.17439516129032,98.0
0561.330,-128.875,-7.984615384615385,101.8125,74.14213709677419,98.0
0561.362,-124.94615384615383,-8.933333333333334,101.0,74.10987903225806,98.0
0561.394,-121.8,-8.016666666666666,100.0,74.07762096774194,98.0
0561.426,-117.0,-6.353846153846154,99.0,74.04536290322581,98.0
0561.468,-118.71666666666667,-3.4625,97.1875,74.0030241935484,98.0
0561.501,-120.48333333333333,-1.9846153846153847,95.125,74.0,98.0
0561.533,-118.4,-2.775,95.0,74.0,98.0
0561.566,-103.29999999999998,-2.8500000000000005,94.0,74.0,98.00000000000001
0561.598,-93.65,-4.133333333333334,94.0,74.0,98.0
0561.631,-85.25833333333333,-2.7615384615384615,94.0,74.0,98.0
0561.664,-77.63076923076923,-4.238461538461538,94.0,74.0,98.0
0561.697,-64.0,-2.1999999999999997,94.0,74.0,98.0
0561.729,-51.42307692307693,-0.43333333333333335,94.0,74.0,98.0
0561.761,-45.400000000000006,1.7999999999999998,94.0,74.0,98.0
0561.794,-43.01538461538462,5.316666666666667,93.0,74.0,98.0
0561.834,-37.1,4.975,93.0,73.83333333333333,98.0
0561.865,-17.733333333333334,5.1875,93.0,73.64880952380952,97.99999999999999
0561.898,12.55,6.830769230769231,93.0,73.45238095238095,98.0
0561.931,34.61538461538461,9.353846153846153,93.8125,73.25595238095238,98.0
0561.963,45.925,12.3,100.4375,73.0654761904762,98.0
0561.996,45.225,13.475000000000001,107.29411764705883,72.86904761904762,98.0
0562.028,43.6,11.833333333333334,111.75,72.67857142857143,98.0
0562.060,40.15,10.653846153846155,111.125,72.48809523809524,98.0
0562.093,28.744444444444447,8.116666666666667,108.125,72.29166666666666,98.0
0562.134,14.192307692307693,5.5166666666666675,103.5,72.04761904761904,98.0
0562.166,4.7,4.699999999999999,102.0,72.0,98.0
0562.197,-0.8333333333333333,5.5888888888888895,100.0,72.0,98.0
0562.228,-5.246153846153846,8.075000000000001,100.0,72.0,98.0
0562.260,-9.033333333333333,10.433333333333334,99.625,72.0,98.0
0562.306,-13.930769230769231,9.875,97.75,72.0,98.0
0562.340,-17.633333333333333,8.1625,96.625,72.0,98.0
0562.372,-19.1,6.433333333333334,96.0,72.0,98.0
0562.399,-19.93846153846154,7.1499999999999995,96.0,72.0,98.0
0562.433,-9.784615384615385,6.633333333333333,95.82352941176471,72.0,98.0
0562.467,12.553846153846154,7.533333333333333,94.75,72.0,98.0
0562.498,38.93333333333334,9.174999999999999,94.0,72.0,97.99999999999999
0562.530,66.94999999999999,12.266666666666666,94.0,72.0,98.0
0562.561,82.78333333333333,14.8,94.1875,72.0,98.0
0562.593,97.46923076923076,16.875,95.0,72.0,98.0
0562.633,120.26666666666668,18.116666666666667,95.0,72.0,98.0
0562.665,126.5,20.7,95.0,72.0,98.0
0562.697,120.78333333333335,25.23076923076923,95.0,72.0,98.0
0562.730,94.52499999999999,27.233333333333334,94.0,72.0,98.0
0562.763,84.16666666666667,31.96666666666667,94.0,72.0,98.0
0562.796,101.95384615384614,33.266666666666666,94.0,72.0,98.0
0562.829,146.375,37.276923076923076,95.0,71.95535714285715,98.0
0562.860,190.75833333333333,42.31666666666666,98.75,71.86309523809524,98.00000000000001
0562.893,226.43076923076922,45.55,102.875,71.76488095238095,98.0
0562.934,243.06153846153848,48.95,111.5,71.64285714285714,98.0
0562.967,241.75,50.075,112.4375,71.54464285714286,98.0
0562.998,239.56666666666666,50.21666666666667,109.0,71.45238095238096,98.0
0563.031,241.0,50.35384615384615,106.4375,71.35416666666667,98.0
0563.063,244.1,48.175000000000004,104.4375,71.25892857142857,98.0
0563.096,243.8,49.625,102.375,71.16071428571429,98.0
0563.128,234.5875,50.0,101.375,71.06547619047619,98.0
0563.161,219.6375,46.823076923076925,99.0,70.98891129032259,98.0
0563.194,205.65555555555557,41.8,99.0,70.95564516129033,98.0
0563.227,206.0666666666667,35.925,99.0,70.92237903225806,98.0
0563.260,204.93333333333334,32.58461538461538,98.0,70.88911290322581,98.0
0563.306,204.70833333333331,33.583333333333336,95.25,70.84274193548387,98.0
0563.332,199.48461538461538,34.366666666666674,94.0,70.81653225806451,98.0
0563.365,194.34166666666667,36.46666666666667,94.0,70.78326612903226,97.99999999999999
0563.397,198.38333333333333,34.175,94.0,70.75100806451613,98.0
0563.429,202.15,31.338461538461537,94.0,70.71875,98.0
0563.463,205.5,29.638461538461538,93.4375,70.68447580645162,98.0
0563.496,205.975,28.300000000000004,93.0,70.65120967741936,98.0
0563.529,203.625,27.96153846153846,94.0,70.6179435483871,98.0
0563.562,206.425,29.433333333333334,96.0,70.58467741935485,98.0
0563.596,211.6,32.03333333333333,96.0,70.55040322580645,98.0
0563.628,218.5,47.9625,94.125,70.51814516129032,98.0
0563.662,223.52307692307693,77.42500000000001,91.0,70.48387096774194,98.0
0563.694,229.3,99.94999999999999,91.0,70.45161290322581,98.0
0563.727,234.76666666666665,117.5125,94.0625,70.41834677419355,98.0
0563.772,234.2,102.2,97.75,70.37298387096774,98.0
0563.796,223.83846153846153,95.86666666666666,102.125,70.34879032258064,98.0
0563.829,203.0,86.11666666666666,108.3125,70.31552419354838,98.0
0563.862,187.0,74.48333333333333,112.25,70.28225806451613,98.0
0563.896,160.78333333333333,54.6,112.375,70.24798387096774,98.0
0563.929,134.6,35.94166666666666,109.3125,70.21471774193549,98.0
0563.963,102.03846153846155,18.799999999999997,106.1875,70.18044354838709,98.0
0563.997,70.06666666666668,7.6,105.0625,70.14616935483872,98.0
0564.029,29.449999999999996,1.0,104.0,70.11391129032259,98.0
0564.062,-24.275,-4.711111111111111,102.0,70.08064516129032,98.0
0564.094,-86.88461538461539,-11.600000000000001,101.0,70.04838709677419,98.0
0564.127,-153.125,-20.15,100.0,70.01512096774194,98.0
0564.172,-238.86153846153846,-38.5,100.0,69.95535714285714,98.0
0564.199,-291.275,-50.107692307692304,99.4375,69.91517857142857,98.0
0564.230,-340.6,-64.275,99.0,69.86904761904762,98.0
0564.263,-387.1888888888889,-75.07499999999999,99.0,69.81994047619048,98.0
0564.295,-416.5875,-82.0,99.0,69.77232142857143,98.0
0564.328,-439.29999999999995,-87.86923076923077,98.0,69.72321428571429,98.00000000000001
0564.362,-472.66666666666674,-93.2,97.25,69.67261904761905,98.0
0564.395,-502.1333333333334,-96.53333333333333,97.0,69.6235119047619,98.0
0564.429,-521.3538461538461,-98.73333333333333,96.0,69.57291666666667,98.0
0564.463,-526.9333333333334,-98.4,97.0625,69.52232142857142,98.0
0564.495,-520.15,-93.58888888888889,98.0,69.47470238095238,98.0
0564.528,-516.5,-88.63846153846154,97.0,69.42559523809524,98.0
0564.561,-498.0230769230769,-83.4,95.90625,69.3764880952381,98.0
0564.593,-478.55,-79.7,95.0,69.32886904761904,98.0
0564.640,-440.66666666666663,-75.00833333333333,96.125,69.25892857142858,98.0
0564.658,-429.35,-74.50769230769231,97.25,69.23214285714286,98.0
0564.699,-405.2583333333333,-71.33076923076923,105.4375,69.17113095238095,98.0
0564.732,-384.63846153846157,-67.625,109.75,69.12202380952381,98.0
0564.763,-376.0,-63.175000000000004,111.0,69.07589285714286,98.0
0564.795,-373.35,-59.0,109.1875,69.02827380952381,98.0
0564.827,-371.6307692307692,-57.3,107.0,69.0,98.0
0564.873,-365.0375,-55.5,104.3125,69.0,98.0
0564.906,-356.9,-55.81666666666666,102.25,69.0,98.0
0564.939,-351.6,-54.48333333333333,99.1875,69.0,98.0
0564.972,-349.4,-53.291666666666664,99.0,69.0,98.0
0565.005,-345.8,-50.4,100.0,69.0,98.0
0565.031,-337.9846153846154,-49.1875,101.0,69.0,98.0
0565.065,-323.825,-44.6,99.3125,69.0,98.0
0565.097,-297.35,-41.0,96.3125,69.0,98.0
0565.129,-264.8666666666667,-36.22307692307692,95.0,69.0,98.0
0565.160,-233.5,-32.19166666666666,95.0,69.0,98.0
0565.201,-208.36666666666667,-27.800000000000004,95.1875,69.0,98.0
0565.232,-200.17499999999998,-22.625,96.0,69.0,98.0
0565.264,-188.9,-20.23076923076923,96.0,69.0,98.0
0565.296,-178.6,-17.8,95.0,69.0,98.0
0565.329,-166.38888888888889,-17.1,95.0,69.0,98.0
0565.361,-154.3,-12.283333333333331,95.1875,69.0,98.0
0565.394,-130.6,-11.237499999999999,97.0,69.0,98.0
0565.425,-100.43076923076923,-10.2,97.0,69.0,98.0
0565.467,-52.0,-4.223076923076924,97.0,69.0,98.0
0565.499,-19.98461538461538,1.6,97.8125,68.91369047619047,97.99999999999999
0565.532,6.325,8.9,102.625,68.81547619047619,98.0
0565.566,26.133333333333333,11.166666666666666,112.0,68.71428571428571,98.0
0565.598,40.166666666666664,10.73076923076923,114.0,68.61904761904762,98.0
0565.631,44.00769230769231,10.125,110.875,68.52083333333333,98.0
0565.665,39.575,7.783333333333333,107.8125,68.41964285714286,98.0
0565.696,28.458333333333332,7.666666666666666,105.875,68.32738095238095,98.0
0565.727,15.308333333333334,7.915384615384616,102.9375,68.23511904761905,98.0
0565.760,6.276923076923077,10.625,101.875,68.13690476190476,98.0
0565.794,-1.2000000000000002,9.866666666666667,100.0,68.03571428571428,98.0
0565.826,0.17500000000000004,7.708333333333334,100.0,68.0,98.00000000000001
0565.866,6.9833333333333325,5.4,100.0,68.0,98.0
0565.898,15.376923076923077,4.676923076923076,99.0,68.0,98.00000000000001
0565.931,25.34615384615385,3.75,97.125,68.0,98.0
0565.964,41.68333333333333,1.4,95.0625,68.0,98.0
0565.997,55.5,-0.5333333333333333,94.0,68.0,98.0
0566.029,71.9,0.8,94.0,68.0,98.0
0566.060,81.61538461538461,0.3,94.0,68.0,98.0
0566.102,104.33076923076922,4.441666666666666,94.5625,68.0,98.0
0566.132,116.33333333333333,7.183333333333334,95.0,68.0,98.0
0566.165,124.06666666666666,8.783333333333333,94.5,68.0,98.0
0566.198,120.825,10.466666666666669,94.0,68.0,98.0
0566.230,134.31538461538463,11.433333333333334,95.0,68.0,98.0
0566.262,163.0,12.391666666666667,95.0,68.0,98.0
0566.296,198.84166666666667,13.316666666666666,94.0,68.0,98.0
0566.329,230.00833333333333,14.283333333333333,94.75,68.0,98.0
0566.361,244.86153846153846,15.416666666666668,101.25,68.0,98.0
0566.394,251.44166666666666,17.116666666666667,107.4375,68.0,98.0
0566.426,250.83333333333331,17.66923076923077,112.625,68.0,98.0
0566.468,245.0125,18.575000000000003,112.125,68.0,98.0
0566.506,238.51666666666668,18.453846153846154,108.375,68.0,97.99999999999999
0566.530,237.18333333333334,17.95,105.375,68.0,98.0
0566.562,231.73333333333332,15.784615384615384,102.6875,68.0,98.0
0566.594,232.8,13.723076923076924,100.6875,68.0,98.0
0566.627,230.53846153846155,11.75,100.0,68.0,98.0
0566.672,226.85555555555555,12.25,99.0,68.0,98.0
0566.698,216.1,12.108333333333334,98.1875,68.0,98.0
0566.729,196.43333333333334,12.284615384615385,97.25,68.0,98.0
0566.761,172.7,9.425,97.0,68.0,98.0
0566.802,143.6,6.783333333333333,97.0,68.0,98.0
0566.834,117.175,3.2,95.6875,68.0,98.0
0566.868,79.1,1.95,92.5625,68.0,98.00000000000001
0566.901,32.1,-1.6,91.0,68.0,98.0
0566.934,-23.230769230769234,-6.15,91.0,68.0,98.0
0566.967,-76.33333333333333,-10.95,92.0,68.0,98.0
0566.999,-129.9,-15.984615384615383,93.625,68.0,98.0
0567.030,-171.8,-20.123076923076923,94.0,68.0,98.0
0567.062,-196.83076923076925,-26.683333333333334,95.0,68.0,98.0
0567.095,-213.64999999999998,-31.558333333333334,96.0,68.0,98.0
0567.129,-222.83333333333331,-35.03333333333333,96.75,68.0,98.0
0567.163,-229.5,-36.14615384615385,98.875,68.04375,98.0
0567.197,-242.59999999999997,-37.16666666666667,104.0,68.14999999999999,98.0
0567.230,-256.48333333333335,-41.574999999999996,113.0625,68.253125,98.0
0567.263,-268.26666666666665,-43.4625,114.86666666666667,68.35625,98.0
0567.297,-276.45833333333337,-47.5,112.80000000000001,68.4625,98.0
0567.330,-286.37692307692305,-48.292307692307695,108.66666666666666,68.565625,98.0
0567.363,-295.7,-49.275,106.58823529411765,68.66875,98.0
0567.396,-298.3,-49.1,104.0,68.771875,98.0
0567.427,-294.45,-48.353846153846156,102.5625,68.86875,98.0
0567.473,-285.62499999999994,-45.08461538461538,101.73333333333335,69.0,98.00000000000001
0567.498,-277.9153846153846,-41.625,101.0,69.0,97.99999999999999
0567.529,-271.91666666666663,-38.10833333333333,99.1875,69.0,98.0
0567.560,-264.3,-33.45384615384616,98.0,69.0,98.0
0567.594,-254.55,-30.176923076923075,98.0,69.0,98.0
0567.640,-242.11666666666667,-26.03076923076923,97.0,69.0,98.0
0567.673,-227.43333333333334,-22.7,96.0,69.0,98.0
0567.707,-213.6,-20.6,95.0,69.0,98.0
0567.741,-195.88888888888889,-15.73076923076923,95.0,69.0,98.0
0567.758,-188.96153846153845,-15.850000000000001,95.0625,69.0,98.0
0567.799,-179.05384615384617,-12.08888888888889,97.0,69.0,98.0
0567.831,-170.60000000000002,-10.8,97.0,69.0,98.0
0567.865,-144.81666666666666,-10.85,95.25,69.0,98.0
0567.896,-108.55384615384617,-9.358333333333334,94.0,69.0,98.0
0567.928,-62.75,-8.9,94.6875,69.0,98.0
0567.973,-20.0,-3.5333333333333337,101.5,69.0,98.0
0568.008,0.12500000000000022,-1.0,107.375,69.0,98.0
0568.025,6.8,-0.058333333333333355,109.5,69.0,98.0
0568.068,14.1,0.8749999999999998,110.5625,69.0,98.0
0568.100,20.462500000000002,1.1,109.5625,69.0,98.0
0568.131,25.675,1.146153846153846,108.0,69.0,98.0
0568.165,33.30769230769231,1.1692307692307693,107.0,69.0,98.0
0568.198,35.42307692307692,1.0333333333333334,103.4375,69.0,98.0
0568.230,30.05,1.8166666666666667,100.4375,69.0,98.0
0568.262,26.441666666666663,2.1500000000000004,99.4375,69.0,98.0
0568.295,29.633333333333333,3.633333333333333,100.0,69.0,98.0
0568.328,39.261538461538464,2.85,100.0,69.0,98.0
0568.359,53.66666666666667,4.391666666666667,98.375,69.0,98.0
0568.401,83.11666666666666,4.7333333333333325,96.75,69.0,98.0
0568.433,112.1,7.383333333333334,95.0,69.0,98.0
0568.464,133.375,9.433333333333334,95.0,69.0,98.0
0568.498,146.8,12.424999999999999,94.0,69.0,98.0
0568.532,150.25,17.1,94.0,69.0,98.0
0568.565,153.325,18.76923076923077,94.0,69.0,98.0
0568.597,150.425,20.183333333333334,94.4375,69.0,98.0
0568.629,148.7,22.75,94.0,69.0,98.0
0568.661,150.375,23.549999999999997,94.0,69.0,98.0
0568.695,163.19230769230768,24.775,94.0,69.0,98.0
0568.728,188.07692307692307,23.775000000000002,94.0,69.0,98.0
0568.760,217.96666666666664,24.1875,94.75,69.0,98.0
0568.794,241.525,23.950000000000003,96.875,69.0,98.0
0568.827,253.91538461538462,26.115384615384613,102.8125,69.04464285714286,98.0
0568.859,253.425,27.6,112.8125,69.13988095238096,98.0
0568.899,241.03333333333336,28.7,113.5625,69.25892857142857,98.0
0568.932,231.23333333333335,29.525,110.0,69.35714285714286,98.0
0568.965,218.56666666666666,27.058333333333337,108.4375,69.45535714285714,98.0
0568.997,206.6,27.63846153846154,106.4375,69.55059523809524,98.0
0569.029,188.24999999999997,28.0,104.4375,69.64583333333333,98.0
0569.061,163.7833333333333,27.650000000000002,102.4375,69.74107142857143,98.0
0569.092,137.53333333333333,29.43333333333333,101.0,69.83333333333333,98.0
0569.133,114.1,29.10769230769231,100.0,69.95535714285715,98.0
0569.166,106.1,31.3,99.875,70.0,98.00000000000001
0569.199,104.6875,33.45,98.8125,70.0,98.0
0569.232,99.7875,37.074999999999996,96.75,70.0,98.00000000000001
0569.265,94.8,39.022222222222226,95.75,70.0,98.0
0569.297,90.01538461538462,41.19166666666666,95.0,70.0,98.0
0569.329,82.95,41.2,95.0,70.0,98.0
0569.360,82.53333333333332,42.22307692307692,94.0,70.0,98.0
0569.394,79.03333333333335,43.87692307692308,94.0,70.0,98.0
0569.427,83.60000000000001,48.6,94.0,70.0,98.0
0569.474,82.37692307692308,54.02307692307692,95.0,70.0,98.0
0569.507,84.98333333333333,73.31666666666666,96.0,70.0,97.93103448275862
0569.532,88.975,86.65,95.0625,70.0,97.85266457680251
0569.564,98.22307692307693,104.53076923076924,94.0625,70.0,97.75235109717869
0569.597,116.67499999999998,119.75,93.0,70.0,97.64890282131661
0569.630,132.83333333333334,115.6,94.125,70.0,97.54545454545453
0569.663,146.125,116.2625,100.5625,70.0,97.44200626959247
0569.695,157.96666666666667,114.375,106.5625,70.0,97.34169278996865
0569.728,169.30833333333334,113.06666666666668,112.0,70.0,97.23824451410658
0569.760,185.3,114.1,110.75,70.0,97.13793103448275
0569.801,202.6,113.16153846153847,107.1875,70.0,97.00940438871473
0569.834,217.17777777777778,110.56666666666668,105.125,70.0,97.0
0569.867,227.53333333333336,105.83333333333333,105.0,70.0,97.0
0569.900,229.46666666666667,103.16666666666667,102.0,70.0,97.0
0569.931,228.2076923076923,100.10000000000001,100.0625,70.0,97.0
0569.963,217.625,99.13333333333334,99.0,70.0,97.0
0569.995,215.11666666666667,95.825,99.0,70.0,97.0
0570.026,212.4,93.775,98.125,70.0,97.0
0570.066,204.825,88.4,97.0,70.0,97.0
0570.098,197.36923076923074,85.9,96.0,70.0,97.0
0570.132,187.20000000000002,83.725,95.0,70.0,97.0
0570.165,174.4666666666667,82.425,95.0,70.0,97.0
0570.198,166.83333333333334,80.19230769230768,95.0,70.0,97.0
0570.229,155.94615384615383,77.43333333333334,95.0,70.0,97.0
0570.262,153.24166666666665,73.3,94.375,70.0,97.0
0570.292,143.56666666666666,72.23076923076924,94.0,70.0,97.0
0570.331,124.48333333333333,69.25384615384615,95.0,70.0,97.0
0570.364,100.35000000000001,65.2,95.0,70.0,97.0
0570.399,76.20769230769231,56.1,95.0,70.0,97.0
0570.434,60.90833333333333,43.33333333333333,95.0,70.0,97.0
0570.467,49.15833333333333,31.53333333333333,94.4375,70.0,97.0
0570.499,45.05,22.65,95.4375,70.06845238095238,97.0
0570.531,42.14615384615385,15.015384615384614,102.3125,70.16369047619048,97.0
0570.563,39.55384615384615,7.500000000000001,107.875,70.25892857142857,97.0
0570.595,28.200000000000003,0.4076923076923077,112.4375,70.35416666666667,97.0
0570.627,-1.725,-5.933333333333333,111.5625,70.44940476190476,97.0
0570.667,-35.1,-16.4875,109.0625,70.56845238095238,97.0
0570.697,-65.83333333333334,-25.2,106.1875,70.65773809523809,97.0
0570.729,-85.46666666666667,-35.3,105.1875,70.75297619047619,97.0
0570.760,-103.71249999999999,-43.86666666666667,104.25,70.84523809523809,97.0
0570.801,-131.5,-52.0,102.0,70.96726190476191,97.0
0570.832,-157.45,-56.56666666666667,102.0,71.0,97.0
0570.865,-187.5125,-61.900000000000006,101.0,71.0,97.0
0570.897,-217.55384615384617,-63.66666666666667,99.6875,71.0,97.0
0570.929,-247.68461538461537,-65.175,98.0,71.0,97.0
0570.962,-277.25,-64.80000000000001,97.0,71.0,97.0
0570.994,-307.7833333333333,-67.43076923076923,96.625,71.0,97.0
0571.033,-341.20000000000005,-68.95,96.0,71.0,97.0
0571.065,-363.79166666666663,-71.6,96.0,71.0,97.0
0571.096,-373.07500000000005,-71.75,96.0,71.0,97.0
0571.129,-377.65000000000003,-70.85000000000001,95.1875,71.0,97.0
0571.162,-376.8875,-68.16666666666666,95.0,71.0,97.00000000000001
0571.195,-380.5,-63.35,95.0,71.0,97.0
0571.228,-371.3,-57.169230769230765,95.0,71.0,97.0
0571.261,-345.27500000000003,-51.625,94.0,71.0,97.00000000000001
0571.301,-273.625,-47.53333333333333,94.0,71.0,97.0
0571.332,-200.9,-44.246153846153845,93.0,71.0,97.0
0571.363,-138.78333333333333,-38.87692307692308,94.4375,71.0,97.0
0571.395,-94.8,-33.7,96.875,71.0,97.0
0571.428,-78.32307692307693,-29.13846153846154,106.5,71.0,97.0
0571.460,-74.1,-29.884615384615387,112.0,71.0,97.0
0571.501,-55.45,-29.758333333333333,112.875,71.0,97.00000000000001
0571.533,-35.98461538461539,-32.00769230769231,108.9375,71.0,97.0
0571.566,-18.5,-30.8,103.875,71.0,97.0
0571.598,-8.475000000000001,-29.833333333333336,102.0,71.0,97.0
0571.629,-8.058333333333334,-27.292307692307695,101.0,71.0,96.99999999999999
0571.661,-11.66923076923077,-25.6,100.0,71.0,97.0
0571.701,-18.13076923076923,-23.537499999999998,100.0,71.0,97.0
0571.733,-17.666666666666664,-18.7,99.4375,71.0,97.0
0571.764,-13.974999999999998,-15.492307692307692,98.5,71.0,97.0
0571.796,-3.0307692307692307,-12.149999999999999,98.0,71.0,97.0
0571.828,7.466666666666667,-10.35,98.0,71.0,97.0
0571.860,20.008333333333333,-8.55,98.0,71.0,97.0
0571.901,46.4375,-3.7333333333333334,95.875,71.0,97.0
0571.939,59.33333333333334,-0.9923076923076922,94.5,71.0,97.0
0571.973,65.5,0.9666666666666666,92.0,71.0,97.0
0572.000,62.5,3.1625,91.0,71.0,97.0
0572.033,63.06666666666666,5.7749999999999995,91.0,71.0,97.0
0572.065,52.20769230769231,12.288888888888888,91.375,71.0,97.0
0572.096,45.85,19.3,92.0,71.0,97.0
0572.127,36.233333333333334,24.875,92.0,71.0,97.0
0572.160,43.833333333333336,28.79230769230769,91.0,70.9375,97.0
0572.207,70.45,28.450000000000003,92.0,70.79761904761905,97.0
0572.225,85.34615384615384,27.775,92.375,70.74404761904762,97.0
0572.267,99.12307692307692,29.06923076923077,96.0,70.61904761904762,97.0
0572.299,97.4,29.816666666666663,104.0,70.52380952380952,97.0
0572.330,90.6,29.825000000000003,108.875,70.43154761904762,97.0
0572.363,81.71111111111111,25.846153846153847,110.0,70.33333333333333,97.0
0572.397,66.1,19.75,106.875,70.23214285714286,97.0
0572.430,47.866666666666674,9.3625,104.8125,70.13392857142857,97.0
0572.463,19.96666666666667,-0.9375,102.75,70.03571428571428,97.0
0572.495,-5.115384615384616,-14.661538461538463,101.75,70.0,97.0
0572.526,-35.55,-21.583333333333336,99.8125,70.0,97.0
0572.566,-60.53750000000001,-30.35,99.0,70.0,97.00000000000001
0572.598,-91.5,-31.9,99.0,70.0,97.0
0572.629,-118.8923076923077,-36.90769230769231,99.0,70.0,97.0
0572.661,-155.88333333333333,-39.074999999999996,98.375,70.0,97.0
0572.701,-205.625,-42.78333333333334,97.0,70.0,97.00000000000001
0572.732,-247.07500000000002,-45.46666666666667,96.0,70.0,97.0
0572.765,-297.675,-49.33846153846153,96.0,70.0,97.0
0572.799,-350.5846153846154,-54.16666666666667,96.25,70.0,97.0
0572.832,-393.0769230769231,-56.3,97.0,70.0,97.0
0572.864,-427.4333333333334,-60.5,96.0,70.0,97.0
0572.896,-441.6333333333333,-67.7,96.15625,70.0,97.0
0572.928,-462.6692307692307,-72.85555555555555,97.0,70.0,97.0
0572.960,-477.6166666666667,-79.16666666666667,97.0,70.0,97.0
0572.999,-489.5,-80.2,97.0,70.0,97.0
0573.031,-490.175,-81.6,97.0,70.0,97.0
0573.065,-488.9000000000001,-82.13846153846154,97.0,70.0,97.0
0573.096,-490.59999999999997,-81.03333333333333,97.8125,70.0,97.0
0573.127,-488.57499999999993,-78.6,101.5,70.0,97.0
0573.159,-484.9,-77.03333333333333,107.25,70.0,97.0
0573.200,-480.33333333333337,-74.6,113.6875,69.99999999999999,97.0
0573.233,-477.41538461538465,-72.775,111.625,70.0,97.0
0573.265,-478.3,-71.01538461538462,107.625,70.0,97.0
0573.296,-475.9,-70.13333333333333,105.6875,70.0,97.0
0573.328,-475.1615384615385,-68.89999999999999,103.6875,70.0,97.0
0573.360,-472.1333333333334,-67.45,101.6875,70.0,97.0
0573.393,-469.8666666666667,-63.474999999999994,100.0,70.0,97.0
0573.426,-462.0666666666667,-60.93846153846154,99.0,70.0,97.0
0573.466,-451.0888888888889,-58.4,99.0,70.0,97.0
0573.497,-442.075,-56.541666666666664,98.125,70.0,97.0
0573.528,-435.83333333333337,-54.300000000000004,97.1875,70.0,97.0
0573.561,-430.9000000000001,-52.215384615384615,96.125,70.0,97.0
0573.594,-425.9666666666667,-50.3,95.0625,70.0,97.0
0573.628,-419.8727272727273,-51.14166666666667,95.0,70.0,97.0
0573.662,-413.8416666666667,-49.5,95.0,70.0,97.0
0573.694,-408.8,-47.333333333333336,95.0,70.0,97.0
0573.726,-402.7416666666666,-45.5076923076923,95.0,70.0,97.0
0573.767,-399.4076923076923,-43.60769230769231,95.0,70.0,97.0
0573.798,-398.0,-44.599999999999994,95.0,70.0,97.0
0573.831,-389.9,-44.3625,95.0,70.0,97.0
0573.865,-369.2083333333333,-42.824999999999996,95.0,70.0,97.0
0573.897,-339.96153846153845,-40.94444444444444,95.875,70.0,97.0
0573.929,-304.9,-38.5,97.875,70.0,97.0
0573.962,-263.4,-35.2375,103.8125,70.0,97.0
0573.996,-228.00833333333333,-29.166666666666668,111.0625,70.0,97.0
0574.029,-200.45833333333331,-23.323076923076922,111.875,70.0,97.0
0574.061,-178.2923076923077,-20.084615384615386,107.875,70.0,97.0
0574.100,-157.85,-16.7,105.4375,70.0,97.0
0574.132,-137.175,-14.058333333333334,103.4375,70.0,97.0
0574.165,-115.64999999999999,-11.361538461538462,101.375,70.00000000000001,97.0
0574.197,-92.32307692307691,-8.192307692307693,100.375,70.0,97.0
0574.229,-64.1076923076923,-7.15,99.0,70.0,97.00000000000001
0574.261,-36.2,-4.4624999999999995,99.0,70.0,97.0
0574.293,-16.208333333333332,-0.3,98.0,70.0,97.0
0574.333,6.300000000000001,4.625000000000001,97.0,70.0,97.0
0574.365,22.541666666666664,7.175000000000001,95.875,70.0,97.0
0574.399,40.99230769230769,6.9461538461538455,95.0,70.0,97.0
0574.431,56.1,9.0,95.0,70.0,97.0
0574.463,66.54166666666667,10.350000000000001,95.0,70.0,97.0
0574.495,77.53333333333333,13.633333333333333,95.0,70.0,97.0
0574.527,92.47692307692307,16.630769230769232,95.0,70.0,97.0
0574.567,121.725,19.8,95.0,70.0,97.00000000000001
0574.597,156.95,21.575000000000003,95.0,70.0,97.0
0574.628,199.79999999999998,21.775,95.0,70.0,97.0
0574.659,234.3,23.592307692307692,94.5,70.0,97.0
0574.700,273.9,27.016666666666666,99.1875,70.0,97.0
0574.732,281.46666666666664,30.73846153846154,105.1875,70.0,97.0
0574.764,291.0,31.93076923076923,111.0,70.0,97.0
0574.797,287.9923076923077,33.238461538461536,110.875,70.0,97.0
0574.828,286.0,31.96666666666666,108.9375,70.0,97.0
0574.860,284.9583333333333,31.799999999999997,105.9375,70.0,96.99999999999999
0574.900,280.1,29.475,103.4375,70.0,97.0
0574.931,274.1692307692308,28.715384615384615,101.5,70.0,97.0
0574.962,266.425,29.333333333333332,100.0,70.0,97.0
0574.995,260.4875,31.315384615384616,100.0,70.0,97.0
0575.028,256.5375,31.783333333333335,99.4375,70.0,97.0
0575.060,249.46666666666667,28.675,99.0,70.0,97.0
0575.101,236.5,26.15,97.875,70.0,97.0
0575.135,222.775,24.776923076923076,96.75,70.0,97.0
0575.166,217.24615384615385,25.808333333333334,95.0,70.0,97.0
0575.198,214.125,25.9,95.0,70.0,97.0
0575.230,209.14615384615382,25.2,95.0,70.0,97.0
0575.263,190.35384615384615,25.8,95.0,70.0,97.0
0575.296,166.64166666666665,25.4,96.0,70.0,97.0
0575.328,148.0,22.69166666666667,95.6875,70.0,97.0
0575.361,140.23846153846154,20.246153846153845,95.0,70.0,97.0
0575.394,136.95384615384614,16.4,95.0,70.0,97.0
0575.438,135.68461538461537,11.450000000000001,97.375,70.0,97.0
0575.465,127.34615384615385,6.516666666666666,100.75,70.0,97.0
0575.497,113.02499999999999,3.833333333333333,109.625,70.02137404580154,97.0
0575.529,83.83333333333333,0.575,111.875,70.0702290076336,97.00000000000001
0575.560,51.1,-4.123076923076923,111.0,70.1175572519084,97.0
0575.600,12.638461538461538,-9.292307692307693,106.6875,70.17862595419848,97.0
0575.631,-11.3,-15.508333333333335,104.75,70.22595419847329,96.99999999999999
0575.664,-43.925,-17.716666666666665,102.6875,70.27633587786259,97.0
0575.696,-85.6,-21.949999999999996,100.6875,70.32519083969466,97.0
0575.730,-131.73076923076923,-23.81111111111111,99.0,70.37709923664121,97.0
0575.763,-170.025,-26.200000000000003,99.0,70.42748091603053,97.0
0575.797,-197.06666666666666,-29.8875,99.0,70.4793893129771,97.0
0575.828,-222.71666666666667,-32.525000000000006,98.0,70.52671755725191,97.0
0575.860,-245.42307692307693,-35.815384615384616,97.0,70.57557251908398,97.0
0575.898,-265.6230769230769,-38.266666666666666,95.51612903225805,70.63358778625954,97.0
0575.931,-275.675,-38.766666666666666,95.0,70.68396946564886,97.0
0575.963,-281.8,-40.22500000000001,95.0,70.73282442748092,97.0
0575.997,-288.4846153846154,-41.815384615384616,95.0,70.78473282442748,97.0
0576.030,-297.1,-42.07692307692308,95.0,70.8351145038168,97.0
0576.061,-301.35,-42.45833333333333,95.0,70.8824427480916,97.0
0576.093,-299.8625,-43.050000000000004,95.0,70.93129770992367,97.0
0576.134,-282.81666666666666,-41.78333333333333,95.0,70.99389312977098,97.0
0576.165,-256.1,-39.361538461538466,95.0,71.08035714285714,97.00000000000001
0576.197,-231.37499999999997,-32.3,95.0,71.17559523809524,97.0
0576.230,-196.375,-26.2,97.5,71.27380952380953,97.00000000000001
0576.262,-173.2,-22.076923076923077,102.25,71.36904761904762,97.0
0576.293,-150.89166666666665,-18.1,109.375,71.46130952380953,97.0
0576.332,-131.18333333333334,-16.4,110.875,71.57738095238095,97.0
0576.364,-112.23333333333333,-15.741666666666667,107.875,71.67261904761905,97.0
0576.396,-92.63846153846154,-13.438461538461539,105.875,71.76785714285714,97.0
0576.428,-72.76923076923076,-11.733333333333334,103.875,71.86309523809524,97.0
0576.473,-45.269230769230774,-7.966666666666667,101.0625,71.99702380952381,97.0
0576.497,-33.8,-6.441666666666667,100.0,72.0,97.0
0576.529,-26.06153846153846,-4.9,99.0,72.0,97.0
0576.560,-20.384615384615383,-1.4125,99.0,72.0,97.0
0576.599,-9.03846153846154,1.8692307692307693,99.0,72.0,97.0
0576.631,4.35,2.4,97.1875,72.0,97.0
0576.665,9.9,6.9875,97.0,72.0,97.0
0576.696,11.233333333333334,7.292307692307692,96.0,72.0,97.0
0576.729,6.9,10.8,95.0,72.0,97.0
0576.762,-5.566666666666666,8.4,95.0,72.0,97.0
0576.796,-20.2,7.45,96.0,72.0,97.0
0576.828,-26.741666666666667,6.1,96.0,72.0,97.0
0576.860,-33.223076923076924,4.907692307692308,97.125,72.0,97.0
0576.906,-29.853846153846153,5.8,98.0,72.0,97.0
0576.932,-19.508333333333333,6.3,96.375,72.0,97.0
0576.963,5.215384615384615,6.9,95.0,72.0,97.0
0576.996,45.0,8.8,93.375,72.0,97.0
0577.029,90.84615384615384,8.244444444444444,93.0,72.0,97.0
0577.060,123.46666666666667,8.541666666666666,93.0,72.0,97.0
0577.093,150.83333333333334,9.875,98.375,72.0,97.0
0577.134,169.36666666666667,11.375,106.75,72.0,97.0
0577.167,167.62307692307692,12.422222222222222,111.0,72.0625,97.0
0577.199,159.01666666666665,13.483333333333334,109.6875,72.1577380952381,97.0
0577.231,148.35,15.350000000000001,106.6875,72.25297619047619,97.0
0577.263,141.1,16.441666666666666,103.6875,72.34821428571429,97.0
0577.296,138.05,19.641666666666666,102.0,72.44642857142858,97.0
0577.329,136.84444444444443,22.1,100.5625,72.54464285714286,97.0
0577.361,133.06153846153848,25.292307692307695,99.5625,72.63988095238095,97.0
0577.401,135.59166666666667,25.9,99.0,72.75892857142858,97.0
0577.433,140.86666666666667,27.225,98.0,72.85416666666667,97.0
0577.465,146.125,27.550000000000004,98.0,72.94940476190476,97.0
0577.497,153.86666666666667,27.8625,97.0,73.0,97.0
0577.529,151.87692307692308,29.133333333333333,97.0,73.0,97.0
0577.562,149.10000000000002,28.175,97.0,73.0,97.0
0577.596,141.275,28.95,97.0,73.0,97.0
0577.629,125.3375,27.0,98.0,73.0,97.0
0577.662,122.6,27.169230769230772,98.0,73.0,97.0
0577.693,134.35,28.758333333333333,99.0,73.0,97.0
0577.732,161.89999999999998,31.208333333333336,99.0,73.0,97.0
0577.763,179.0,35.775,100.0,73.0,97.0
0577.796,179.1,38.03846153846154,100.0,73.0,97.0
0577.829,170.10000000000002,44.13076923076923,99.3125,73.0,97.08035714285715
0577.861,163.6,47.725,99.0,73.0,97.17559523809523
0577.893,178.2125,49.4,99.0,73.0,97.27083333333334
0577.933,216.82500000000002,49.825,98.0,73.0,97.38988095238096
0577.963,249.3384615384615,52.3,98.0625,73.0,97.47916666666666
0577.995,277.6166666666666,55.8,100.1875,73.0,97.57440476190476
0578.026,291.375,84.36666666666667,106.0,73.0,97.66666666666666
0578.072,305.0,119.0125,115.875,73.0,97.80357142857143
0578.098,309.70000000000005,134.2,115.5,73.0,97.88095238095238
0578.129,320.25,136.0,110.125,73.0,97.97321428571429
0578.161,337.6,129.40769230769232,107.5625,73.0,98.0
0578.201,358.8,127.0625,106.0,73.0,98.0
0578.232,368.4,125.075,105.0,73.0,98.0
0578.263,371.3,123.29166666666666,103.1875,73.0,98.0
0578.295,364.8,122.2923076923077,100.1875,73.0,98.0
0578.327,364.03333333333336,117.2,99.1875,73.0,98.0
0578.360,358.70000000000005,113.9,99.875,73.0,98.0
0578.395,344.975,109.46666666666667,99.0,73.0,98.0
0578.428,327.02222222222224,105.38461538461537,97.875,73.0,98.0
0578.464,298.375,98.48461538461538,94.625,73.0,98.0
0578.497,275.6125,93.4,94.0,73.0,98.0
0578.529,247.7,91.11250000000001,95.4375,73.0,98.0
0578.562,214.33333333333337,83.88749999999999,96.0,73.0,98.0
0578.593,167.3153846153846,75.6,95.5625,73.0,98.0
0578.632,114.05000000000001,57.35,93.125,73.0,98.0
0578.663,60.775,40.13333333333334,93.8125,73.0,98.0
0578.696,6.966666666666666,24.0,95.0,73.0,98.0
0578.728,-54.738461538461536,7.992307692307692,95.0,73.0,98.0
0578.761,-111.85833333333335,-7.933333333333334,94.0,73.0,98.0
0578.796,-150.625,-24.6,94.0,73.0,98.0
0578.829,-176.1625,-38.8,94.23529411764704,73.0,98.0
0578.862,-190.83333333333334,-47.238461538461536,95.99999999999999,73.0,98.0
0578.895,-211.0,-52.1,97.0,73.0,98.0
0578.927,-248.6583333333333,-55.900000000000006,103.125,73.0,98.00000000000001
0578.959,-290.1666666666667,-59.824999999999996,108.75,73.0,98.0
0579.006,-370.67499999999995,-71.36666666666667,111.6875,73.0,98.0
0579.024,-394.61538461538464,-74.56923076923077,110.125,73.0,98.0
0579.067,-455.41666666666663,-86.625,105.875,73.0,98.0
0579.102,-496.31111111111113,-91.74999999999999,103.00000000000001,73.0,98.0
0579.127,-517.9666666666666,-93.2,102.1764705882353,73.0,98.0
0579.160,-535.2615384615385,-93.11538461538461,100.0625,73.0,98.0
0579.194,-554.6333333333333,-94.11666666666667,96.9375,73.0,98.0
0579.227,-561.3166666666666,-95.525,96.11764705882352,73.0,98.0
0579.268,-565.85,-96.57500000000002,97.6875,73.0,98.0
0579.300,-558.9916666666667,-94.91666666666667,98.0,73.0,98.0
0579.334,-542.3,-92.5923076923077,98.0,73.0,98.0
0579.372,-516.7615384615385,-88.79230769230769,95.8125,73.0,98.0
0579.406,-492.0461538461539,-84.3,93.6875,73.0,98.0
0579.432,-476.4,-80.575,92.0625,73.0,98.0
0579.463,-464.3,-77.26153846153846,92.0,73.0,98.0
0579.497,-452.5666666666667,-72.65384615384616,92.0,73.0,98.0
0579.529,-440.55833333333334,-70.26666666666667,93.0,73.0,98.0
0579.563,-427.1,-65.98333333333335,94.0,73.0,98.0
0579.597,-408.625,-62.7,95.0,73.0,98.0
0579.629,-387.5615384615384,-58.9076923076923,95.25,73.0,98.0
0579.662,-352.5153846153846,-52.86923076923077,96.3125,73.0,98.0
0579.695,-294.35,-48.5,97.0,73.0,98.0
0579.728,-221.22499999999997,-45.1,96.0,73.0,98.0
0579.762,-149.06923076923078,-42.61666666666666,95.0,73.0,98.0
0579.795,-100.85,-35.4,96.625,73.0,98.0
0579.827,-79.03333333333333,-28.35,104.875,72.92261904761905,98.00000000000001
0579.867,-74.35833333333333,-19.5,112.125,72.80357142857143,98.0
0579.901,-76.9,-16.6625,111.5,72.70238095238095,97.99999999999999
0579.933,-77.30000000000001,-16.35,107.5,72.60714285714286,98.0
0579.965,-67.53750000000001,-17.1,102.75,72.51190476190476,98.0
0579.998,-50.487500000000004,-18.9,100.6875,72.41369047619048,98.00000000000001
0580.032,-25.7,-19.125,99.5625,72.3125,98.0
0580.066,-4.2666666666666675,-18.4,99.0,72.21130952380952,98.0
0580.097,16.0,-17.553846153846152,99.0,72.11904761904762,98.0
0580.129,32.15,-16.833333333333336,99.0,72.02380952380952,98.0
0580.161,51.650000000000006,-13.575,98.5,71.92857142857143,98.0
0580.195,70.98461538461538,-9.666666666666668,97.375,71.82738095238095,98.0
0580.228,90.5,-6.86923076923077,96.0,71.72916666666666,98.0
0580.261,98.76666666666667,-5.558333333333333,96.0,71.63095238095238,98.0
0580.294,94.8,-3.5166666666666666,95.1875,71.5327380952381,98.0
0580.335,84.6,-0.7583333333333333,95.0,71.41071428571429,98.0
0580.372,77.96153846153847,-2.425,96.0,71.30059523809524,98.0
0580.398,75.15,-2.9375,96.0,71.22321428571429,98.0
0580.431,62.2,-4.0125,97.0,71.125,98.0
0580.464,40.06666666666667,-3.65,97.0,71.02678571428571,98.0
0580.497,6.566666666666667,-6.430769230769231,97.0,71.0,98.0
0580.528,-19.73076923076923,-11.869230769230768,97.0,71.0,98.00000000000001
0580.560,-31.26666666666667,-17.208333333333332,97.0,71.0,98.0
0580.600,-44.975,-22.7,96.0,71.0,98.0
0580.633,-57.4625,-25.8,97.0,71.0,98.0
0580.666,-91.37777777777778,-29.7,100.1875,71.0,98.0
0580.697,-134.7,-32.31666666666666,109.0,71.0,98.0
0580.729,-193.71666666666664,-37.46666666666667,113.0,71.0,98.0
0580.760,-250.08461538461538,-44.233333333333334,114.0,71.0,98.0
0580.803,-300.5,-49.45,109.75,71.0,98.0
0580.827,-324.21666666666664,-53.324999999999996,107.75,70.99999999999999,98.0
0580.860,-342.23846153846154,-55.6,103.8125,71.00000000000001,98.0
0580.900,-360.5,-59.85,102.0,71.0,98.0
0580.933,-366.76666666666665,-57.949999999999996,100.25,71.0,98.0
0580.965,-370.3,-58.3,100.0,71.0,98.0
0580.998,-367.7111111111111,-56.633333333333326,100.0,71.0,97.99999999999999
0581.031,-360.8,-55.338461538461544,99.125,71.0,98.0
0581.063,-350.8416666666667,-52.2,98.125,71.0,98.0
0581.095,-343.89230769230767,-47.55384615384615,97.125,71.0,98.0
0581.127,-335.9111111111111,-42.725,97.0,71.0,98.0
0581.160,-322.79999999999995,-39.625,96.0625,71.0,98.0
0581.202,-296.7583333333333,-33.738461538461536,96.0,71.0,98.0
0581.234,-274.95,-30.416666666666664,96.0,71.0,98.0
0581.266,-262.34615384615387,-26.05,96.0,71.0,98.0
0581.297,-258.4923076923077,-22.81111111111111,95.5,71.0,98.0
0581.329,-263.55,-17.3,95.0,71.0,98.0
0581.361,-257.05,-13.475000000000001,96.0,71.0,98.0
0581.392,-223.1153846153846,-7.338461538461539,96.47058823529412,71.0,98.0
0581.432,-138.4,-0.9692307692307693,97.0,71.0,98.0
0581.465,-66.8,5.516666666666666,97.0,71.0,98.0
0581.498,-25.5,10.600000000000001,98.0,70.94642857142857,98.0
0581.530,-21.411111111111108,14.5,106.5,70.85119047619048,97.99999999999999
0581.562,-30.549999999999997,20.946153846153848,113.25,70.75595238095238,98.0
0581.596,-39.5,28.02307692307692,117.0,70.65476190476191,98.0
0581.629,-26.9,32.883333333333326,115.6875,70.55654761904762,98.0
0581.661,-7.625,32.900000000000006,112.375,70.46130952380952,98.0
0581.694,12.933333333333334,28.933333333333337,108.375,70.36309523809524,98.0
0581.727,13.7,25.2,104.25,70.26488095238095,98.0
0581.760,2.0000000000000004,20.58888888888889,98.53333333333333,70.16666666666667,98.0
0581.793,-10.566666666666666,17.691666666666663,98.0,70.06845238095238,98.0
0581.833,14.525,17.833333333333336,100.0625,70.0,98.00000000000001
0581.865,64.0,21.641666666666666,102.0,70.0,97.99999999999999
0581.898,115.71538461538461,27.684615384615384,105.125,70.0,98.0
0581.930,151.4923076923077,31.458333333333336,105.0,70.0,98.0
0581.963,163.63333333333333,32.63333333333333,102.8125,70.0,97.99999999999999
0581.998,156.66666666666669,32.4,97.25,70.0,98.0
0582.030,136.8153846153846,28.846153846153847,93.625,70.0,98.0
0582.063,121.96666666666667,26.625,92.0,70.0,98.0
0582.095,114.92499999999998,28.85,93.0,70.0,98.0
0582.128,113.14615384615385,35.65,94.5,70.0,98.0
0582.171,108.52499999999999,48.349999999999994,98.0,70.0,98.0
0582.196,107.925,54.6375,98.0,70.0,98.0
0582.227,104.4,59.06666666666666,96.3125,70.0,98.0
0582.272,114.5,61.05,93.5,70.0,98.0
0582.298,116.85,62.016666666666666,92.125,70.0,98.0
0582.328,116.23846153846154,63.69230769230769,96.0,70.0,98.0
0582.361,108.1875,66.2,102.1875,70.0,98.0
0582.395,106.9,69.475,108.0,70.0,98.0
0582.428,110.4,71.5,105.75,70.0,98.0
0582.462,112.49230769230769,70.41538461538462,100.25,70.0,98.0
0582.496,104.43333333333334,69.2,96.5,70.0,98.0
0582.529,92.275,69.3,91.875,70.0,98.0
0582.560,76.04166666666666,85.42499999999998,85.0,70.0,98.0
0582.600,60.4,112.26666666666665,78.0,70.0,98.0
0582.631,53.43333333333333,126.19999999999999,70.1875,70.0,98.0
0582.664,50.4625,128.5,64.0,70.0,98.0
0582.697,50.449999999999996,120.06923076923077,58.0,70.0,98.0
0582.729,49.1,116.74166666666666,51.0,70.0,98.0
0582.762,48.400000000000006,115.93333333333334,49.0,70.0,98.0
0582.796,46.241666666666674,117.0,49.2,70.0,98.0
0582.827,51.61538461538461,115.46153846153847,51.1875,70.0,98.0
0582.873,67.08749999999999,116.44615384615385,57.0625,70.0,98.0
0582.898,75.875,132.4,59.25,70.0,98.0
0582.929,83.075,150.2,63.125,70.0,98.0
0582.963,76.95384615384616,164.55,68.6875,70.0,98.0
0582.996,85.45833333333333,166.19230769230768,71.75,70.0,98.0
0583.029,109.28333333333333,156.5,74.8125,70.0,98.0
0583.061,144.45,148.825,77.625,70.0,98.0
0583.094,191.3230769230769,144.0,80.73333333333333,70.0,98.0
0583.127,229.02499999999998,140.52307692307693,88.8125,70.0,98.0
0583.160,267.025,136.6,97.0,69.99999999999999,98.0
0583.195,289.275,130.25,107.375,70.0,98.0
0583.228,294.1416666666666,125.74999999999999,110.0,70.0,98.0
0583.261,283.8461538461538,121.8,108.6875,70.0,98.0
0583.294,271.76666666666665,117.71538461538461,108.0,70.0,98.0
0583.335,241.49999999999997,106.33333333333333,109.0,70.0,98.0
0583.373,204.08333333333334,85.83333333333334,110.0,70.0,98.0
0583.407,158.5,61.875,109.0,70.0,98.0
0583.440,104.7,36.233333333333334,108.0,70.0,98.0
0583.458,71.83333333333333,21.725,107.375,70.0,98.0
0583.501,-9.599999999999998,-8.75,103.6875,69.99999999999999,98.0
0583.533,-74.86666666666667,-28.9,100.6875,70.0,98.0
0583.565,-150.03846153846155,-48.18888888888889,98.6875,69.99999999999999,97.99999999999999
0583.597,-232.85,-67.3375,96.6875,70.0,98.0
0583.629,-321.825,-81.875,96.0,70.0,98.0
0583.662,-402.2833333333333,-92.6,94.625,70.0,98.0
0583.693,-469.9384615384615,-100.06666666666666,92.6875,70.0,98.0
0583.733,-528.6,-110.53846153846155,89.1875,70.0,98.0
0583.764,-567.9125,-119.36666666666667,87.0,70.0,98.0
0583.795,-610.7125,-126.76666666666665,87.6875,70.0,98.0
0583.827,-648.175,-133.49166666666667,91.6875,70.0,98.00000000000001
0583.860,-689.375,-138.44615384615383,94.5,70.0,98.0
0583.893,-719.325,-141.3,96.8125,70.0,97.99999999999999
0583.935,-756.8,-145.51666666666665,104.3125,70.0,98.0
0583.966,-784.0166666666667,-146.75,111.875,70.0,98.0
0583.998,-812.9692307692308,-148.95,122.75,70.0,98.0
0584.031,-836.7333333333333,-147.66923076923075,125.0,70.0,98.0
0584.062,-856.5333333333333,-148.975,125.0,70.0,98.0
0584.095,-871.4,-152.6,124.5625,70.0,98.0
0584.129,-884.8846153846154,-152.73076923076923,124.5625,70.0,98.0
0584.162,-894.05,-151.72307692307692,125.0,70.0,98.0
0584.196,-894.1750000000001,-147.7,123.25,70.0,98.0
0584.227,-889.3125,-144.48333333333335,119.3125,70.0,98.0
0584.267,-867.3000000000001,-139.83333333333334,115.625,70.0,98.0
0584.299,-837.176923076923,-135.10000000000002,111.8125,70.0,98.0
0584.330,-799.6333333333333,-128.39230769230767,109.875,70.0,98.0
0584.362,-744.2083333333334,-123.1,106.875,70.0,98.0
0584.393,-698.2076923076922,-116.5,103.875,70.0,98.0
0584.433,-637.0500000000001,-110.99166666666667,102.0,70.0,98.0
0584.466,-585.7875,-105.20769230769233,107.25,70.0,98.0
0584.499,-542.9625,-98.83333333333334,112.375,70.0,98.0
0584.532,-502.8875,-90.95,119.0,70.0,98.0
0584.564,-460.05,-83.35,131.875,70.0,98.0
0584.595,-410.3769230769231,-78.30000000000001,138.75,70.0,98.0
0584.627,-340.7,-72.89166666666665,143.0,70.0,98.0
0584.667,-225.95833333333331,-67.80000000000001,138.46666666666667,70.0,98.0
0584.700,-122.60833333333333,-63.23333333333333,125.8235294117647,70.0,98.0
0584.733,-12.876923076923076,-59.8,119.25,70.0,98.0
0584.765,80.86666666666667,-54.98461538461538,114.33333333333333,70.0,98.0
0584.796,165.96666666666667,-48.05,107.375,70.0,98.0
0584.828,238.1,-44.508333333333326,105.0,70.0,98.0
0584.868,331.6333333333333,-40.3,106.0,70.0,98.0
0584.900,388.15000000000003,-39.77692307692307,106.0,70.0,98.00000000000001
0584.932,425.525,-37.337500000000006,104.23529411764707,70.0,98.0
0584.964,452.51666666666665,-31.9,101.1875,70.0,98.0
0584.997,480.1,-29.05,100.125,70.0,98.0
0585.029,504.6769230769231,-26.115384615384613,99.125,70.0,98.0
0585.063,526.15,-23.93076923076923,98.0,70.0,98.0
0585.096,539.9000000000001,-23.15833333333333,95.9375,70.0,98.0
0585.128,543.2083333333333,-21.25,94.9375,70.0,98.0
0585.159,536.2615384615385,-20.56666666666667,94.0,69.99999999999999,98.0
0585.201,530.5461538461539,-17.212500000000002,93.0,70.0,98.0
0585.234,522.2166666666667,-13.355555555555556,93.0,70.0,98.0
0585.267,514.5749999999999,-8.95,93.75,70.0,98.0
0585.300,501.7333333333333,-6.6000000000000005,94.0,70.0,98.0
0585.332,484.9538461538462,-5.475,94.0,70.0,98.0
0585.364,479.6,-5.8,95.0,70.0,98.0
0585.396,485.1375,-4.9,95.0,70.0,98.0
0585.429,507.7625,-2.5,95.0,70.0,98.0
0585.461,525.5153846153846,-0.44444444444444436,96.0,70.0,98.0
0585.494,536.225,0.1,99.875,70.0,98.0
0585.527,528.975,1.4,108.0,70.0,97.99999999999999
0585.560,524.0,0.4666666666666667,114.0625,70.0,98.0
0585.607,512.15,0.43846153846153846,115.0,70.0,98.0
0585.625,509.55,0.3916666666666667,113.9375,70.0,98.0
0585.667,495.625,-0.26666666666666666,110.3125,70.0,98.0
0585.699,478.36153846153843,0.17500000000000002,109.3125,70.0,98.0
0585.733,457.26923076923083,-1.1153846153846154,107.1875,70.0,98.0
0585.765,423.575,-1.0666666666666669,105.0,70.0,98.0
0585.797,390.93333333333334,-0.975,104.0,70.0,98.0
0585.828,357.9,-2.4916666666666667,103.0,70.00000000000001,98.0
0585.860,311.8,-4.561538461538461,102.0,70.0,98.0
0585.901,251.73333333333335,-8.876923076923077,100.0,70.0,98.00000000000001
0585.933,198.6625,-13.5,99.0,70.0,98.0
0585.966,146.8375,-16.2,98.0,70.0,98.0
0585.999,89.41111111111113,-19.95,97.0,70.0,98.0
0586.033,31.65,-20.333333333333336,96.0,70.0,98.0
0586.065,-21.3,-25.566666666666663,96.0,70.0,98.0
0586.097,-77.6,-31.833333333333336,96.0,70.0,98.0
0586.129,-139.9,-37.55,96.0,70.0,98.0
0586.161,-203.63333333333333,-41.07692307692307,95.0,70.00000000000001,98.0
0586.193,-261.75,-42.90769230769231,95.0,70.0,98.0
0586.232,-310.1333333333333,-44.400000000000006,94.0625,70.0,98.0
0586.264,-328.32307692307694,-46.46666666666667,95.0,70.0,98.0
0586.296,-340.16923076923075,-46.48461538461538,97.0625,70.0,98.0
0586.329,-359.45,-46.35,101.375,70.0,98.0
0586.361,-376.42499999999995,-46.175000000000004,107.375,70.0,98.0
0586.401,-398.5,-44.37499999999999,113.0,70.0,98.0
0586.433,-406.1,-43.5,112.0,70.0,98.0
0586.464,-406.41666666666663,-42.1,109.4375,70.0,98.0
0586.496,-400.625,-41.5,108.0,70.0,98.00000000000001
0586.527,-384.9,-41.333333333333336,106.5,70.0,98.0
0586.572,-355.8375,-38.53333333333334,102.6875,70.0,97.99999999999999
0586.596,-339.4153846153846,-37.24166666666667,102.0,70.0,98.0
0586.627,-320.04999999999995,-35.14615384615385,101.0,70.0,98.0
0586.667,-295.9,-37.06923076923078,101.0,70.0,98.0
0586.699,-270.1666666666667,-36.5,99.75,70.0,98.0
0586.732,-244.23846153846154,-33.7,98.0,70.0,98.0
0586.765,-218.7,-31.9,97.625,70.0,98.0
0586.798,-204.1,-29.015384615384615,96.0,70.0,98.0
0586.831,-182.1,-25.18333333333333,96.0,70.0,98.0
0586.864,-152.7,-21.875,95.0,70.0,98.0
0586.896,-121.3,-17.26153846153846,95.0,70.0,98.0
0586.928,-98.625,-11.8,95.0,70.0,98.0
0586.960,-84.475,-6.258333333333333,95.0,70.0,98.0
0587.006,-80.64999999999999,-2.0,94.0,70.0,98.0
0587.030,-80.31666666666666,-1.8083333333333331,94.0,70.0,98.0
0587.061,-68.43076923076923,-0.9769230769230769,94.0,70.0,98.0
0587.092,-41.962500000000006,1.7666666666666668,94.0,70.0,98.0
0587.133,9.274999999999999,8.933333333333334,96.75,70.0,98.0
0587.164,45.8375,13.55,100.9375,70.0,98.0
0587.196,72.38461538461539,17.358333333333334,110.625,70.0,98.0
0587.227,86.85833333333333,19.8,113.25,70.0,98.0
0587.268,107.83333333333334,20.5,110.1875,70.0,98.0
0587.299,125.08333333333331,22.05,107.25,70.0,98.0
0587.331,154.83333333333334,22.6125,107.0,70.0,98.0
0587.363,186.84615384615384,23.633333333333333,110.5,70.0,98.0
0587.395,210.775,24.3,113.5,70.0,98.0
0587.428,223.7,24.3,117.8125,70.0,98.0
0587.459,231.60833333333335,26.53333333333333,120.75,70.0,98.0
0587.498,249.24615384615385,48.06666666666667,123.0,70.0,98.0
0587.529,270.77500000000003,66.75384615384614,122.875,70.0,97.99999999999999
0587.562,294.84999999999997,83.17500000000001,120.625,70.0,98.0
0587.594,312.5125,88.85000000000001,115.625,70.0,98.0
0587.633,327.14444444444445,85.80000000000001,111.75,70.0,98.0
0587.666,329.7,85.70769230769231,107.3125,70.0,98.0
0587.697,335.95000000000005,85.41666666666666,107.0,70.0,98.0
0587.729,338.7375,83.94999999999999,106.0,70.0,98.0
0587.762,349.2307692307692,82.2,99.9375,70.0,98.0
0587.795,364.55,81.93076923076923,92.0,70.0,98.0
0587.828,371.0,79.8,81.5625,70.0,98.0
0587.860,368.8583333333333,79.475,77.375,70.0,98.0
0587.900,355.8,79.47500000000001,74.0,70.0,98.0
0587.932,353.4923076923077,79.53333333333333,73.0,70.0,98.0
0587.965,346.3,76.22307692307692,74.0,70.0,98.0
0587.998,345.7,70.225,75.4375,70.0,98.0
0588.032,338.05,57.333333333333336,78.6875,70.0,98.0
0588.065,313.9583333333333,46.43333333333334,88.5,70.0,98.0
0588.097,280.5846153846154,31.96153846153846,96.5,70.0,98.0
0588.128,234.825,22.133333333333333,101.125,70.0,98.0
0588.160,185.0,13.475,103.0,70.0,98.00000000000001
0588.201,121.32500000000002,5.425000000000001,102.0,70.0,98.0
0588.238,58.699999999999996,-4.241666666666667,101.5625,70.0,98.0
0588.263,26.241666666666667,-10.222222222222221,101.0,70.0,98.0
0588.294,-29.149999999999995,-17.7,99.0625,70.0,98.0
0588.333,-91.975,-25.4,98.0,70.0,98.0
0588.365,-140.93333333333334,-30.691666666666666,97.0,70.0,98.0
0588.399,-185.5,-34.3,97.0,70.0,98.0
0588.430,-236.3,-36.90833333333333,96.52941176470588,70.0,98.0
0588.463,-308.66666666666663,-40.525,95.0,70.0,98.0
0588.496,-386.5692307692308,-42.36666666666667,94.375,70.0,98.0
0588.528,-449.63076923076926,-45.12307692307692,94.0,70.0,98.0
0588.559,-495.3,-46.5,94.0,70.0,97.99999999999999
0588.601,-528.95,-52.3,93.0,70.0,98.0
0588.632,-544.6,-57.63333333333334,93.0,70.0,98.0
0588.662,-555.0111111111111,-63.25833333333333,93.0,70.0,98.0
0588.694,-563.1,-68.23076923076924,93.0,70.0,98.0
0588.725,-556.35,-67.8625,93.0,70.0,98.0
0588.765,-548.7875,-65.19999999999999,93.0,70.0,98.0
0588.796,-534.0307692307692,-61.4,93.0,70.0,98.0
0588.827,-514.2833333333333,-57.13846153846154,93.0,70.0,98.0
0588.867,-465.40000000000003,-52.46153846153846,93.0,70.0,98.0
0588.899,-416.4333333333333,-48.016666666666666,93.0,70.0,98.00000000000001
0588.930,-361.276923076923,-44.375,93.0,70.0,98.0
0588.961,-306.54166666666663,-39.37499999999999,97.375,70.0,98.0
0588.993,-247.8,-36.646153846153844,104.0625,70.0,98.0
0589.039,-162.575,-27.43846153846154,112.5625,70.0,98.0
0589.065,-114.03076923076924,-23.791666666666664,112.8125,70.0,98.0
0589.097,-66.06923076923077,-19.35,109.8125,70.0,98.0
0589.129,-24.95,-16.2,108.0,70.0,98.0
0589.161,9.4,-14.05,106.8125,70.0,98.0
0589.207,44.85,-12.200000000000001,103.0,70.0,98.0
0589.239,71.7,-7.725,102.0,70.0,98.0
0589.272,100.01538461538462,-4.7250000000000005,101.0,70.0,98.0
0589.298,122.5,0.3583333333333334,101.0,70.0,98.0
0589.330,145.275,1.9500000000000002,100.25,70.0,98.0
0589.361,155.27692307692308,2.7666666666666666,99.0,70.0,98.0
0589.393,166.525,5.984615384615385,98.0,70.0,98.0
0589.433,180.45,7.969230769230769,96.0,70.0,98.0
0589.465,190.925,11.016666666666667,96.0,70.0,98.0
0589.497,201.7,12.775,95.0,70.0,98.0
0589.528,202.43333333333334,14.125,95.0,70.0,97.99999999999999
0589.567,200.7833333333333,17.366666666666664,95.0,70.0,98.0
0589.599,201.66666666666669,17.853846153846156,95.0,70.0,98.0
0589.630,202.10000000000002,18.3375,94.0,70.0,98.0
0589.664,200.46153846153845,17.9,94.0,70.0,98.0
0589.697,189.92307692307693,18.207692307692305,94.0,70.0,98.0
0589.728,183.35,18.85,94.0,70.0,98.0
0589.759,182.9,19.123076923076923,94.0,70.0,98.0
0589.799,199.3625,17.6,94.0,70.0,98.0
0589.830,221.73749999999998,18.46666666666667,94.0,70.0,98.0
0589.861,239.3,17.253846153846155,94.9375,70.0,98.0
0589.894,246.2,16.35,99.0,70.0,98.0
0589.934,230.70833333333334,15.0,110.5,70.0,98.0
0589.966,208.4,13.05,114.5,70.0,98.0
0589.998,183.12307692307692,10.966666666666669,113.5,70.0,98.0
0590.030,153.34166666666667,5.984615384615385,111.5,70.0,98.0
0590.061,127.54999999999998,-0.9,108.5625,70.0,98.0
0590.093,92.80000000000001,-5.6000000000000005,107.5625,70.0,98.0
0590.139,38.60000000000001,-11.4,103.6875,70.00000000000001,98.0
0590.164,-3.666666666666666,-11.8,103.0,70.0,98.0
0590.196,-56.325,-15.7,102.0,70.0,98.0
0590.228,-109.94999999999999,-20.508333333333333,101.0,70.0,98.0
0590.261,-166.83846153846153,-23.008333333333336,100.0625,70.0,98.0
0590.294,-229.68333333333334,-29.27692307692308,99.0,70.0,98.0
0590.326,-298.225,-30.666666666666668,97.0,70.0,98.0
0590.372,-406.73333333333335,-36.7,96.0,70.0,98.0
0590.398,-452.19999999999993,-38.75,95.5,70.0,98.0
0590.430,-495.8,-42.43333333333334,95.0,70.0,98.0
0590.463,-527.2333333333333,-46.36153846153846,95.0,70.0,98.0
0590.496,-548.7333333333333,-47.65833333333333,94.0,70.00000000000001,98.0
0590.528,-565.875,-48.33333333333334,94.0,70.0,98.0
0590.567,-582.2666666666668,-48.7,94.0,70.0,98.0
0590.597,-587.8833333333334,-49.8625,93.0,70.0,98.0
0590.628,-599.575,-49.65555555555556,93.0,70.0,98.0
0590.672,-598.2333333333333,-49.13076923076923,93.0,70.0,98.0
0590.698,-590.4083333333333,-49.25,93.0,70.0,98.0
0590.731,-556.5692307692308,-48.05,93.0,70.0,98.0
0590.763,-513.4166666666666,-44.161538461538456,93.0,70.0,98.0
0590.797,-462.3833333333333,-38.50769230769231,94.47058823529412,70.0,98.0
0590.829,-421.275,-32.900000000000006,96.93333333333334,70.06845238095238,98.0
0590.861,-376.7923076923077,-27.416666666666664,105.5,70.16369047619048,98.00000000000001
0590.894,-322.18461538461537,-23.508333333333333,111.125,70.26190476190476,98.0
0590.926,-275.5,-21.56153846153846,113.0,70.35714285714286,98.0
0590.967,-218.4,-16.500000000000004,110.86666666666667,70.47916666666666,98.0
0590.998,-167.34999999999997,-14.258333333333333,108.0,70.57142857142857,98.0
0591.029,-120.0,-11.225,106.0,70.66369047619048,98.0
0591.060,-68.57692307692307,-8.65,104.11764705882354,70.75595238095238,98.0
0591.099,-20.400000000000002,-3.3000000000000003,101.6875,70.87202380952381,98.0
0591.129,17.49230769230769,0.24999999999999997,101.0,70.96130952380953,98.0
0591.161,38.64999999999999,1.6846153846153846,101.0,71.0,98.0
0591.194,65.19999999999999,3.4,100.0,71.0,98.0
0591.229,84.675,6.433333333333334,99.0,71.0,98.0
0591.261,110.37692307692308,11.6,97.0,71.0,98.0
0591.293,126.36666666666667,13.23846153846154,96.0,71.0,98.0
0591.335,128.76666666666665,12.123076923076923,94.9375,71.0,98.0
0591.372,125.45000000000002,9.433333333333334,94.0,71.0,98.0
0591.396,123.6,9.3875,94.0,71.0,98.0
0591.427,116.525,9.566666666666666,94.0,71.0,98.0
0591.460,110.00833333333334,10.05,94.0,71.0,98.0
0591.494,92.82499999999999,7.5125,94.0,71.0,98.0
0591.534,53.391666666666666,4.025,93.0,71.0,98.0
0591.565,11.6,-1.6,93.0,71.0,98.0
0591.597,-32.175,-8.807692307692308,93.0,71.0,98.0
0591.629,-76.4,-15.925000000000002,93.0,71.0,98.0
0591.659,-98.975,-18.666666666666668,93.0,71.0,98.0
0591.699,-104.33846153846153,-19.55,93.8125,71.0,98.0
0591.731,-88.01666666666665,-17.366666666666667,94.0,71.0,98.0
0591.763,-61.175,-13.984615384615385,98.4375,71.0,98.0
0591.794,-28.616666666666667,-8.8,104.25,71.0,98.0
0591.839,16.96666666666667,0.1,114.0,70.9618320610687,98.00000000000001
0591.865,38.338461538461544,0.06666666666666676,114.8125,70.92213740458016,98.0
0591.896,58.925,1.5307692307692307,110.875,70.87480916030535,98.0
0591.928,82.14999999999999,1.5076923076923077,108.8125,70.82595419847328,98.0
0591.968,117.4,5.9,106.3125,70.76488549618321,98.0
0591.999,138.0,8.7,104.375,70.7175572519084,98.0
0592.032,155.2,12.466666666666669,102.35294117647058,70.66717557251908,98.0
0592.063,164.28333333333333,15.26153846153846,101.0,70.61984732824428,98.0
0592.095,167.45000000000002,17.566666666666666,101.0,70.57099236641221,98.0
0592.127,170.44615384615383,21.141666666666666,100.0,70.52213740458015,98.0
0592.160,173.95,21.316666666666666,99.0,70.47175572519083,98.0
0592.200,181.45,23.96153846153846,97.8125,70.41068702290076,98.0
0592.231,186.26666666666668,24.29230769230769,96.4375,70.36335877862595,98.0
0592.262,193.1,27.166666666666664,95.0,70.31603053435114,98.0
0592.293,193.59166666666667,27.224999999999998,95.0,70.26870229007633,98.0
0592.325,188.3,27.625,94.0,70.21984732824427,98.0
0592.365,182.91666666666666,27.650000000000002,94.0,70.1587786259542,98.0
0592.397,178.4666666666667,28.0,94.0,70.10992366412214,98.0
0592.428,178.0769230769231,26.1,94.0,70.06259541984733,98.0
0592.459,176.4,24.369230769230768,94.0,70.01526717557253,98.0
0592.499,165.8,22.753846153846155,94.0,69.95535714285714,98.0
0592.535,159.32500000000002,21.0,93.0,69.90178571428571,98.0
0592.567,155.75,21.75,93.0,69.85416666666666,98.0
0592.598,165.2875,21.8,93.0,69.80803571428571,98.0
0592.629,185.85,22.86153846153846,93.0,69.76190476190476,97.99999999999999
0592.660,213.63333333333333,25.5,93.9375,69.71577380952381,98.0
0592.700,238.4,26.924999999999997,99.3125,69.65625,98.0
0592.731,247.53076923076924,29.408333333333335,105.5,69.61011904761905,98.0
0592.762,253.775,30.83076923076923,111.625,69.5639880952381,98.0
0592.795,257.1,32.150000000000006,113.625,69.51488095238095,98.0
0592.826,257.55,30.6,111.6875,69.46875,98.0
0592.872,255.2,28.375000000000004,107.8125,69.40029761904762,98.0
0592.897,253.675,26.625,106.25,69.36309523809524,98.0
0592.928,247.95833333333331,27.2,104.3125,69.31696428571428,98.0
0592.960,243.35000000000002,27.616666666666667,102.3125,69.26934523809524,98.0
0592.999,228.7,27.912499999999998,101.0,69.21130952380952,98.0
0593.031,215.8,27.2,101.0,69.16369047619048,98.0
0593.064,197.0,25.5,100.0,69.11458333333334,98.0
0593.096,179.36249999999998,22.1,99.0,69.06696428571428,98.0
0593.129,161.06153846153845,20.7,97.0,69.01785714285714,98.0
0593.161,143.35384615384615,18.466666666666665,96.0,69.0,98.0
0593.197,114.85000000000001,15.383333333333333,95.0,69.0,98.0
0593.232,97.5,11.215384615384616,95.0,69.0,98.0
0593.266,72.57499999999999,5.300000000000001,94.0,69.0,98.0
0593.300,51.76666666666667,0.9083333333333332,94.0,69.0,98.0
0593.332,26.615384615384617,-1.4,94.0,69.0,98.0
0593.364,1.0,-4.8375,94.0,69.0,98.0
0593.397,-35.05833333333333,-7.933333333333334,94.0,69.0,98.0
0593.431,-71.15,-12.133333333333333,94.0,69.0,98.0
0593.464,-111.71666666666667,-15.45,94.0,69.0,98.0
0593.497,-150.46923076923076,-17.325,94.0,68.88095238095238,98.0
0593.529,-181.11666666666665,-20.083333333333336,94.0,68.69047619047619,98.0
0593.560,-202.9,-22.33076923076923,94.0,68.50595238095238,98.0
0593.595,-210.2,-25.6,94.375,68.29761904761905,98.0
0593.626,-224.02499999999998,-26.758333333333333,96.625,68.11309523809524,98.0
0593.666,-252.25,-30.2,104.25,67.875,98.0
0593.697,-290.7,-33.30833333333334,112.5,67.69047619047619,98.0
0593.729,-331.725,-35.7,114.0,67.5,98.0
0593.761,-386.73846153846154,-38.05,111.25,67.30952380952381,98.0
0593.793,-430.95384615384614,-40.1,109.25,67.11904761904762,98.0
0593.840,-493.6625,-46.15,105.3125,67.0,98.0
0593.872,-523.3,-49.383333333333326,103.3125,67.0,97.99999999999999
0593.897,-543.7,-50.33846153846154,102.75,67.0,98.0
0593.928,-556.8499999999999,-50.46666666666667,102.0,67.0,98.0
0593.960,-570.45,-49.599999999999994,102.0,67.0,98.0
0594.002,-576.3384615384615,-46.5,101.0,67.0,98.0
0594.040,-577.6307692307693,-47.09166666666666,99.0,67.0,98.0
0594.073,-569.6615384615386,-46.41538461538462,97.0,67.0,98.0
0594.099,-560.275,-47.425,96.125,67.0,98.0
0594.131,-537.9375,-45.2,96.0,67.0,98.0
0594.163,-516.5555555555557,-41.825,95.0,67.00000000000001,98.0
0594.196,-492.7375,-39.21538461538462,95.0,67.0,98.0
0594.227,-463.15,-36.05,95.0,67.0,98.0
0594.272,-399.325,-32.730769230769226,95.0,67.0,98.0
0594.299,-362.76153846153846,-30.96666666666667,95.0,67.0,98.0
0594.331,-329.32500000000005,-27.075,95.0,67.0,98.0
0594.363,-294.0,-22.0,95.0,67.0,98.0
0594.396,-240.56666666666666,-18.674999999999997,95.0,67.0,98.0
0594.429,-159.66153846153844,-12.900000000000002,94.0,67.0,98.0
0594.463,-78.51666666666667,-8.15,94.0,67.0,98.0
0594.495,-19.625000000000004,-2.0999999999999996,95.625,67.0,98.0
0594.527,9.45,1.8846153846153846,100.0625,67.0,98.0
0594.567,30.166666666666668,3.8692307692307697,109.375,67.0,98.0
0594.598,36.63333333333333,6.4,111.0,67.0,98.0
0594.628,54.611111111111114,7.1,111.0,67.0,98.0
0594.659,68.80000000000001,8.18888888888889,108.0625,67.0,98.0
0594.698,99.1,7.130769230769232,105.625,67.0,98.0
0594.731,120.5,6.991666666666666,102.5625,67.0,98.0
0594.763,141.87692307692308,7.133333333333335,101.5625,67.0,98.0
0594.795,147.41666666666666,8.025,101.0,67.0,98.0
0594.828,155.94166666666666,11.046153846153846,101.0,67.0,98.0
0594.860,160.8,15.308333333333334,101.0,67.0,98.0
0594.900,166.125,17.3,100.0,67.0,98.0
0594.932,174.35384615384618,19.730769230769234,99.0,67.0,98.0
0594.963,177.26153846153846,21.150000000000002,97.125,67.0,98.0
0594.996,180.05,21.923076923076927,96.0625,67.0,98.0
0595.028,179.375,22.383333333333333,96.0,67.0,98.0
0595.062,174.02307692307693,22.200000000000003,96.0,67.0,98.0
0595.095,170.4,23.050000000000004,96.0,67.0,98.0
0595.128,171.05,24.324999999999996,95.8125,67.0,98.0
0595.159,174.425,22.866666666666667,95.0,66.97321428571428,98.0
0595.201,171.85000000000002,24.9375,95.0,66.91071428571428,98.0
0595.234,162.175,24.25,94.1875,66.86160714285714,98.0
0595.267,166.01250000000002,24.587500000000002,94.0,66.8125,98.0
0595.299,184.14999999999998,22.5125,94.0,66.76488095238095,98.0
0595.330,214.26666666666665,22.55,94.0,66.71875,98.0
0595.363,248.7923076923077,23.73333333333333,95.75,66.66964285714286,98.0
0595.396,271.95833333333337,24.05833333333333,99.8125,66.62053571428572,98.0
0595.429,280.125,26.253846153846155,107.0,66.57142857142857,98.0
0595.463,282.45000000000005,26.825,113.125,66.52083333333333,98.0
0595.495,279.1307692307692,27.9,113.0,66.47321428571429,98.0
0595.527,278.1333333333333,27.483333333333334,109.875,66.42559523809524,98.0
0595.572,279.84166666666664,26.599999999999998,108.0,66.35863095238095,98.0
0595.607,278.1,25.23846153846154,104.875,66.30654761904762,98.0
0595.624,274.0769230769231,25.4,103.8125,66.28125,98.0
0595.666,263.31538461538463,25.349999999999998,102.1875,66.21875,98.0
0595.699,254.25,24.491666666666667,101.125,66.16964285714286,98.0
0595.730,241.6625,24.3,101.0,66.1235119047619,98.0
0595.762,227.825,24.3,100.0,66.07589285714286,98.0
0595.792,212.25,22.633333333333333,99.0,66.03125,98.0
0595.832,191.975,21.138461538461538,96.8125,66.0,97.99999999999999
0595.864,170.65,17.823076923076922,96.0,66.0,98.0
0595.895,143.73333333333335,14.625000000000002,95.0,66.0,98.0
0595.926,114.76923076923077,10.783333333333333,95.0,66.0,98.0
0595.972,75.53076923076922,3.1333333333333337,95.0,66.0,98.0
0595.997,50.0,0.4,95.0,66.0,98.0
0596.029,23.125,-4.1,94.0,66.0,98.0
0596.062,-8.492307692307692,-7.0,94.0,66.0,98.0
0596.093,-31.866666666666667,-10.149999999999999,94.0,66.0,98.0
0596.133,-61.95,-13.325,94.0,66.0,98.0
0596.165,-70.6,-13.2,94.0,66.0,98.0
0596.197,-77.825,-15.5,93.0,66.0,98.0
0596.229,-74.75000000000001,-16.65833333333333,94.0,66.0,98.0
0596.261,-72.54615384615384,-16.700000000000003,96.0,66.0,98.0
0596.294,-83.43333333333334,-14.892307692307693,101.1875,66.0,98.0
0596.326,-101.17500000000001,-10.623076923076923,110.13333333333334,66.0,98.0
0596.367,-105.5875,-8.350000000000001,113.0,66.0,98.0
0596.393,-100.67692307692309,-5.816666666666666,110.6875,66.0,98.0
0596.433,-70.10000000000001,-3.3545454545454545,108.1875,66.0,98.0
0596.465,-45.8,3.1500000000000004,107.0,66.0,98.0
0596.496,-20.366666666666667,8.830769230769231,105.25,66.0,98.0
0596.527,4.084615384615384,15.8,103.3125,66.0,97.99999999999999
0596.567,23.16923076923077,18.95,101.8125,66.0,98.0
0596.600,34.699999999999996,22.733333333333334,101.0,66.0,98.0
0596.630,47.4,25.225,99.875,66.0,98.0
0596.662,66.68333333333334,29.974999999999998,98.875,66.0,98.0
0596.694,101.16923076923078,33.012499999999996,97.0,66.0,98.0
0596.726,134.10000000000002,36.4,95.875,66.0,98.0
0596.772,171.825,40.05,95.0,66.0,98.0
0596.798,183.37500000000003,41.925,95.0,66.0,98.0
0596.831,193.18888888888893,57.65833333333333,95.0,66.0,98.0
0596.863,200.40000000000003,79.85,95.0,66.0,97.99999999999999
0596.895,202.4,97.88461538461539,94.3125,66.0,98.0
0596.926,196.625,110.03333333333333,94.0,66.0,98.0
0596.966,193.0769230769231,100.29166666666666,94.0,66.0,98.0
0596.997,186.55,95.2375,94.0,66.0,98.0
0597.029,178.43333333333334,88.05555555555554,94.0,66.0,98.0
0597.061,170.60833333333335,82.6,94.0,66.0,98.0
0597.093,167.29230769230767,76.6,94.0,66.0,98.0
0597.134,159.09230769230766,69.14166666666667,95.625,66.0,98.0
0597.172,152.93076923076922,62.150000000000006,100.0,66.0952380952381,98.0
0597.198,144.90833333333333,58.730769230769226,107.875,66.17261904761904,98.0
0597.231,138.24166666666667,55.833333333333336,112.375,66.27083333333334,98.0
0597.265,132.05,53.31666666666667,114.0,66.3720238095238,98.0
0597.296,127.14615384615385,53.925000000000004,111.25,66.46428571428572,98.0
0597.328,121.6,50.45384615384615,109.25,66.55952380952381,98.0
0597.360,117.0125,46.93333333333334,107.0,66.6547619047619,98.0
0597.399,109.125,44.483333333333334,104.8125,66.77083333333333,98.0
0597.431,104.63333333333333,44.791666666666664,103.0,66.86607142857143,98.0
0597.463,99.5,44.8,102.0,66.96130952380952,98.0
0597.495,92.875,44.1,101.8125,67.0,98.0
0597.526,91.81538461538463,43.25,99.875,67.0,97.99999999999999
0597.572,85.28333333333333,40.53333333333333,97.0,67.0,98.0
0597.597,84.67692307692306,39.9,95.4375,67.0,98.0
0597.629,83.06666666666666,37.315384615384616,94.0,67.0,98.0
0597.661,84.10000000000001,34.61666666666667,93.0,67.0,98.0
0597.700,82.34166666666667,35.15,93.0,67.0,98.0
0597.731,77.04166666666666,34.6,93.0,67.0,98.0
0597.762,67.24615384615385,35.9,94.0,67.0,98.0
0597.794,61.625,34.261538461538464,94.875,67.0,98.0
0597.827,55.425000000000004,33.2,95.9375,67.0,98.0
0597.868,53.8375,28.233333333333334,97.0,67.0,98.0
0597.899,39.96666666666667,26.6,97.0,67.0,98.0
0597.931,28.0125,22.275,97.0,67.0,98.0
0597.964,11.4625,19.246153846153845,96.0,67.0,98.0
0597.997,7.3625,12.95,95.0,67.0,98.0
0598.029,7.6,5.716666666666666,95.0,67.0,98.0
0598.061,-1.8333333333333333,-0.3,95.5625,67.0,98.0
0598.093,-14.65,-9.515384615384615,101.6875,67.0,98.0
0598.134,-59.38333333333333,-21.53076923076923,108.25,67.0,98.0
0598.165,-98.19999999999999,-26.700000000000003,109.9375,67.0,98.00000000000001
0598.197,-149.53846153846155,-32.541666666666664,107.9375,67.0,97.99999999999999
0598.229,-195.96666666666664,-37.96666666666667,104.9375,67.0,97.99999999999999
0598.261,-242.20833333333334,-43.21538461538462,102.9375,67.0,98.0
0598.294,-285.7538461538462,-49.03333333333333,101.0,67.0,98.0
0598.334,-343.25,-56.766666666666666,99.375,67.0,98.0
0598.365,-386.33076923076925,-63.150000000000006,99.0,67.0,98.0
0598.398,-442.1923076923077,-71.86666666666667,99.0,67.0,98.0
0598.430,-488.4,-78.1625,99.0,67.0,98.0
0598.463,-547.0,-87.675,99.0,67.0,98.0
0598.497,-606.1666666666666,-94.05000000000001,98.0,67.0,98.0
0598.529,-663.825,-97.96666666666667,97.0,67.0,98.0
0598.560,-712.575,-99.24615384615385,96.0,67.0,98.0
0598.600,-760.8,-100.70833333333334,95.6875,67.0,98.0
0598.630,-787.7,-102.9,95.0,67.0,98.0
0598.661,-818.5333333333334,-105.15,95.0,67.0,98.0
0598.706,-866.2166666666666,-107.05,95.0,67.0,98.0
0598.739,-900.3833333333333,-106.65,95.0,67.0,98.0
0598.768,-926.95,-106.13846153846154,95.0,67.0,98.0
0598.801,-951.5769230769231,-105.62500000000001,95.0,67.0,98.0
0598.833,-963.95,-104.76666666666667,94.0,67.0,98.0
0598.866,-966.3,-102.95000000000002,94.0,67.0,98.0
0598.898,-960.5416666666666,-101.94615384615386,94.0,67.0,98.0
0598.928,-948.3384615384615,-102.41250000000001,94.0,67.0,98.0
0598.959,-929.3615384615385,-100.025,95.0,67.0,98.0
0598.998,-906.4083333333333,-98.15384615384616,99.5625,67.0,98.0
0599.031,-887.5375,-94.4,108.47058823529412,67.0,98.0
0599.063,-871.4749999999999,-90.44999999999999,112.0,67.0,98.0
0599.095,-856.5,-88.3,111.8125,67.0,98.0
0599.128,-841.35,-83.8923076923077,108.375,67.0,98.0
0599.160,-826.1999999999999,-80.03076923076922,106.0,67.0,98.0
0599.202,-795.2666666666667,-76.0923076923077,103.0625,67.0,98.0
0599.240,-759.65,-70.2,102.0,67.0,97.99999999999999
0599.273,-728.8333333333333,-66.1,102.0,67.0,98.0
0599.306,-706.1333333333334,-61.1,102.0,67.0,98.0
0599.323,-691.3,-59.4375,102.0,67.0,98.0
0599.363,-660.0076923076923,-57.1,100.0,67.0,98.0
0599.394,-630.3,-54.666666666666664,99.0625,67.0,98.0
0599.433,-594.2,-50.05,97.0,67.0,98.0
0599.465,-566.0083333333333,-46.15555555555556,96.625,67.0,98.0
0599.497,-537.9384615384615,-43.474999999999994,96.0,67.0,98.0
0599.529,-509.8333333333333,-41.15,95.0,67.0,98.0
0599.561,-478.3875,-37.31666666666666,95.0,67.0,98.0
0599.601,-443.23333333333335,-33.169230769230765,95.0,67.0,98.0
0599.633,-415.225,-29.166666666666668,95.0,67.0,98.0
0599.666,-396.6076923076923,-28.43333333333333,94.0625,67.0,98.0
0599.698,-360.7416666666667,-25.308333333333337,94.0,67.0,98.0
0599.730,-313.53333333333336,-22.661538461538463,94.0,67.0,98.0
0599.761,-259.26666666666665,-19.166666666666668,93.0,67.0,98.0
0599.794,-202.4769230769231,-15.000000000000002,93.9375,67.0,98.0
0599.827,-159.925,-8.575,96.0,67.0,98.0
0599.860,-122.87500000000001,-6.807692307692308,104.1875,67.0,98.0
0599.892,-102.1,-4.0,109.0625,67.0,98.0
0599.932,-72.67500000000001,-1.7888888888888888,110.0,67.0,98.0
0599.964,-50.85,1.4375000000000002,108.4375,67.0,98.0
0599.998,-18.923076923076923,3.533333333333333,105.0,67.0,98.0
0600.032,2.838461538461539,5.45,103.1875,67.0,98.0
0600.066,19.299999999999997,6.5769230769230775,102.0,67.0,98.0
0600.099,26.15,8.192307692307693,100.0,67.0,98.0
0600.132,33.2,9.492307692307692,100.0,67.0,98.0
0600.165,40.375,10.191666666666666,100.0,67.0,98.0
0600.197,49.644444444444446,9.966666666666667,99.0,67.0,98.0
0600.228,49.6,9.86923076923077,97.9375,67.0,98.0
0600.259,49.81666666666666,9.783333333333333,97.0,67.0,98.0
0600.298,25.26666666666667,9.446153846153848,95.5625,67.0,98.0
0600.331,11.923076923076923,7.1499999999999995,95.0,67.0,98.0
0600.365,-2.35,5.466666666666667,94.375,67.0,98.0
0600.400,22.23076923076923,3.5,94.0,67.0,98.0
0600.431,68.95,3.8249999999999997,94.0,67.0,98.0
0600.464,130.56923076923078,5.108333333333333,94.0,67.0,98.0
0600.497,177.1818181818182,15.933333333333332,94.0,67.0,98.0
0600.529,201.04615384615386,33.338461538461544,94.0,67.0,97.99999999999999
0600.560,206.33333333333334,46.2,94.0,67.0,98.00000000000001
0600.605,228.93636363636364,56.35,93.0,67.0,98.0
0600.630,256.2,55.44615384615385,93.0,67.0,98.0
0600.661,289.7,55.8,93.0,67.0,98.00000000000001
0600.693,321.7875,54.8375,95.375,67.0,98.0
0600.733,337.8076923076923,52.55,104.875,67.0,98.0
0600.765,340.39166666666665,51.11666666666666,110.25,67.0,98.0
0600.798,339.875,52.69230769230769,112.3125,67.0,98.0
0600.831,337.59999999999997,52.65,111.25,67.0,98.0
0600.864,329.7692307692308,51.05,109.1875,67.0,98.0
0600.895,321.0333333333333,47.6,107.0,67.0,98.0
0600.926,305.9,43.00769230769231,106.0,67.0,98.0
0600.965,291.8,42.146153846153844,103.86666666666667,67.0,98.0
0600.997,279.55384615384617,38.766666666666666,102.8125,67.0,98.0
0601.029,277.9083333333333,38.025000000000006,102.0,67.0,98.0
0601.061,276.4,38.13076923076923,101.8125,67.0,98.0
0601.093,283.7625,39.892307692307696,100.8125,67.0,98.0
0601.139,292.8833333333333,46.51538461538461,98.9375,67.0,98.0
0601.166,300.9,50.1,97.25,67.0,98.0
0601.198,315.06666666666666,54.64615384615385,96.0,67.0,98.0
0601.230,320.7416666666666,61.36153846153846,95.625,67.0,98.0
0601.262,327.9230769230769,84.0875,95.0,67.0,98.0
0601.293,338.325,105.425,94.3125,67.0,98.0
0601.334,343.98888888888894,135.89999999999998,94.0,67.0,98.0
0601.366,342.65,143.35384615384615,94.0,67.0,98.0
0601.398,331.5375,143.8153846153846,94.0,67.0,98.0
0601.431,316.44615384615383,139.36666666666667,93.0,67.0,98.0
0601.463,313.57692307692304,134.54166666666669,93.0,67.0,98.0
0601.496,330.725,131.3846153846154,93.0,67.0,98.0
0601.527,363.9916666666667,130.36923076923077,93.0,67.0,98.0
0601.572,412.475,127.69230769230768,94.125,67.0,98.0
0601.597,429.29230769230765,126.875,100.0625,67.0,98.0
0601.630,435.1,125.175,107.0,67.0,98.0
0601.663,431.6,122.52222222222223,111.625,67.0,98.0
0601.696,421.05000000000007,118.9375,113.0,67.0,98.0
0601.729,405.4666666666667,115.39999999999999,110.125,67.0,98.0
0601.762,390.3625,111.43333333333334,107.0,67.0,98.0
0601.794,380.625,107.46153846153847,106.0,67.0,98.0
0601.826,372.2125,103.19999999999999,104.0,67.0,98.0
0601.871,358.5375,101.64999999999999,102.0,67.0,98.0
0601.895,354.0615384615385,100.46923076923076,101.6875,67.0,98.0
0601.926,349.3,97.12307692307692,101.0,67.0,98.0
0601.965,345.17692307692306,93.45,100.3529411764706,67.0,98.0
0601.998,338.325,87.86666666666667,99.0,67.0,97.99999999999999
0602.030,332.70000000000005,88.0,98.0,67.0,98.0
0602.061,323.65,84.7625,97.0,67.0,98.0
0602.093,315.19230769230774,83.72500000000001,96.0,67.0,98.0
0602.132,302.0,81.5,96.0,67.0,98.0
0602.163,292.5,82.51666666666667,96.0,67.0,98.0
0602.195,282.09999999999997,90.6923076923077,96.0,67.0,98.0
0602.227,273.75,112.8076923076923,96.0,67.0,98.0
0602.260,266.2125,132.2,95.0,67.0,98.0
0602.294,268.175,147.31666666666666,95.0,67.0,98.0
0602.339,288.125,135.18333333333334,95.0,67.0,98.0
0602.368,307.0,130.93076923076924,95.0,67.0,98.0
0602.400,329.05,127.15,95.0,67.0,98.0
0602.432,349.0,125.225,95.0,67.0,98.0
0602.464,359.1,123.46666666666667,95.875,67.0,98.0
0602.495,361.3833333333333,128.33076923076922,103.4375,67.08630952380952,97.99999999999999
0602.526,349.03846153846155,136.89999999999998,109.5,67.17857142857143,98.0
0602.572,327.53076923076924,148.35000000000002,112.0,67.31547619047619,98.0
0602.598,317.275,150.8,110.5,67.39285714285714,98.0
0602.629,306.65,148.9111111111111,106.8125,67.48511904761904,98.0
0602.661,298.2,144.71249999999998,104.8125,67.58035714285714,98.0
0602.694,289.9538461538462,134.14999999999998,103.75,67.67857142857143,98.0
0602.726,279.2,122.4,103.0,67.77380952380952,98.0
0602.772,254.69230769230774,106.73333333333333,103.125,67.91071428571428,98.0
0602.799,230.4083333333333,96.4,104.0,67.99107142857142,98.0
0602.832,183.06153846153845,83.66666666666667,104.0,68.0,98.0
0602.864,133.07142857142858,65.90833333333333,103.0,68.0,98.0
0602.896,64.025,47.65,100.125,68.0,98.0
0602.928,8.325000000000001,25.730769230769234,98.125,68.0,98.0
0602.960,-53.8,2.6833333333333327,96.0,68.0,98.0
0602.999,-126.13846153846154,-26.775,95.0,68.0,98.0
0603.032,-195.19166666666666,-60.275000000000006,95.0,68.0,98.0
0603.066,-258.33333333333337,-96.3,95.0,68.0,98.0
0603.097,-317.25,-127.52500000000002,95.0,68.0,98.0
0603.130,-373.0230769230769,-153.1,94.0,68.0,98.0
0603.163,-430.7416666666666,-172.775,94.0,68.0,98.00000000000001
0603.196,-488.67500000000007,-186.65384615384613,93.0,68.0,98.0
0603.229,-539.4625,-198.2846153846154,93.0,68.0,98.0
0603.260,-591.188888888889,-203.5,93.0,68.0,98.0
0603.299,-640.3444444444444,-206.7,93.0625,68.0,98.0
0603.330,-673.0666666666666,-206.8,95.0,68.0,98.0
0603.361,-698.0,-204.1769230769231,102.75,68.0,98.0
0603.406,-735.5666666666667,-199.74615384615385,111.25,68.0,98.0
0603.432,-743.6916666666666,-197.05384615384617,113.0,68.0,98.0
0603.464,-743.7000000000002,-192.0333333333333,111.625,68.0,98.0
0603.496,-735.1666666666667,-185.2,108.625,68.0,98.0
0603.528,-717.825,-179.7,105.625,68.0,98.0
0603.571,-694.5625,-171.6,103.9375,68.0,98.0
0603.596,-680.1333333333333,-166.68333333333334,101.375,68.0,98.0
0603.629,-656.9666666666667,-159.36666666666667,101.0,68.0,98.0
0603.662,-632.4666666666667,-150.48461538461538,101.0,68.0,98.0
0603.694,-604.1769230769231,-146.75,100.25,68.0,98.0
0603.735,-569.5923076923077,-139.43333333333334,99.0,68.0,98.0
0603.768,-538.3846153846154,-134.75,97.0,68.0,98.0
0603.801,-501.5,-129.15,96.0,68.0,98.0
0603.833,-464.6083333333333,-124.04615384615384,95.0,68.0,98.0
0603.865,-429.1,-118.24166666666667,94.5625,68.0,98.00000000000001
0603.895,-389.98333333333335,-112.13333333333334,94.0,68.0,98.0
0603.926,-360.2,-106.4,94.0,68.0,98.0
0603.966,-326.9666666666667,-98.56153846153845,94.0,68.0,98.0
0603.998,-296.90000000000003,-94.73333333333335,94.0,68.0,98.0
0604.030,-248.7111111111111,-89.14999999999999,94.0,68.0,98.0
0604.061,-196.8,-85.3,94.0,68.0,98.0
0604.093,-149.38333333333333,-80.03846153846155,93.0,68.0,98.0
0604.135,-115.63333333333333,-72.98461538461538,95.3125,68.0,98.0
0604.167,-106.71666666666667,-69.96666666666667,101.9375,68.0,98.0
0604.199,-97.43333333333334,-67.475,107.9375,68.0,98.0
0604.231,-95.94999999999999,-65.75,111.6875,68.0,98.00000000000001
0604.264,-99.9,-62.52307692307692,109.6,68.0,98.0
0604.296,-107.69166666666666,-59.75,107.5625,68.0,98.0
0604.327,-112.37692307692308,-56.83333333333334,103.625,68.0,98.0
0604.368,-109.1,-56.1,101.0625,68.0,98.0
0604.400,-106.35,-51.85833333333333,100.0,68.0,98.0
0604.431,-103.4625,-49.666666666666664,100.875,68.0,98.0
0604.463,-101.5,-45.5,101.0,68.0,98.0
0604.494,-98.07500000000002,-42.2125,100.1875,68.0,98.0
0604.540,-72.5,-37.6,99.0,68.0,98.0
0604.566,-57.93333333333334,-37.00769230769231,97.0,68.0,98.0
0604.599,-38.24999999999999,-33.95,96.0,68.0,98.0
0604.630,-33.06666666666667,-31.03333333333333,95.0,68.0,98.0
0604.662,-22.866666666666667,-27.96666666666667,95.0,68.0,98.0
0604.694,-6.55,-23.915384615384614,94.0,68.0,98.0
0604.739,12.024999999999999,-17.5,94.0,68.0,98.0
0604.768,18.533333333333335,-11.633333333333335,94.0,68.0,98.0
0604.800,22.69166666666667,-6.615384615384615,94.0,68.0,98.0
0604.832,38.69230769230769,-4.708333333333334,94.0,68.0,98.0
0604.864,58.5,-4.1,94.0,68.0,98.0
0604.896,81.15,-4.646153846153846,93.125,68.0,98.0
0604.927,104.1625,-3.675,93.8125,68.0,98.0
0604.971,143.74615384615385,-1.1250000000000002,99.6875,68.0,98.0
0604.997,166.7846153846154,0.7333333333333333,105.75,68.0,98.0
0605.029,182.10833333333335,2.383333333333333,112.375,68.0,98.0
0605.061,181.66666666666669,4.184615384615385,114.8125,68.0,98.0
0605.094,172.2846153846154,3.9,112.46666666666667,68.0,98.0
0605.134,163.0,3.75,108.25,68.0,98.0
0605.165,159.10000000000002,2.2833333333333337,106.29411764705881,68.0,98.0
0605.197,158.725,3.4499999999999997,104.29411764705883,68.0,98.00000000000001
0605.229,156.4,3.3,102.25,68.0,97.99999999999999
0605.261,152.4,6.4,102.0,68.0,98.0
0605.293,147.15,6.35,102.0,68.0,98.0
0605.339,137.1,7.2,101.0,68.0,98.0
0605.364,130.96666666666667,5.084615384615385,98.8125,68.0,98.0
0605.395,126.34615384615384,3.9,97.875,68.0,98.0
0605.426,116.55,4.325,96.0,68.0,98.0
0605.467,113.25000000000001,5.4375,95.0,68.0,98.0
0605.498,109.43333333333334,4.755555555555556,95.0,68.02480158730158,98.0
0605.530,105.45,4.8,95.0,68.0565476190476,98.0
0605.563,96.73333333333333,5.0375,95.0,68.08928571428572,98.0
0605.596,90.15,4.324999999999999,95.0,68.12202380952381,98.0
0605.629,83.45,3.715384615384615,94.0,68.1547619047619,98.0
0605.660,84.39999999999999,2.0384615384615383,94.0,68.18551587301587,98.0
0605.700,100.6,0.575,93.0,68.22519841269842,98.0
0605.732,123.17692307692306,0.7000000000000001,93.0,68.25694444444444,98.0
0605.763,148.85,1.6,95.25,68.2876984126984,98.0
0605.793,167.15,3.453846153846154,100.0,68.31746031746032,98.0
0605.834,191.34615384615384,4.3,108.6875,68.35813492063491,98.0
0605.864,204.6,4.975,114.0,68.38789682539682,98.0
0605.895,222.93333333333334,6.05,113.625,68.41865079365078,98.0
0605.926,229.81666666666666,7.311111111111112,109.6875,68.44940476190476,98.0
0605.967,228.10833333333335,10.176923076923078,107.125,68.49007936507937,98.0
0606.000,225.90769230769232,12.25,105.0625,68.52281746031747,98.0
0606.033,226.3,16.95,103.0,68.55555555555556,98.0
0606.066,220.19230769230768,18.433333333333334,102.0,68.58829365079364,98.0
0606.097,211.3,19.3,101.0,68.61904761904762,98.0
0606.128,204.775,30.83846153846154,101.0,68.6498015873016,98.0
0606.159,198.73076923076923,46.94166666666666,100.0,68.68055555555556,98.0
0606.199,198.4,64.6,97.625,68.7202380952381,98.0
0606.231,195.95833333333334,73.58333333333333,96.625,68.75198412698413,98.0
0606.263,187.9666666666667,74.66153846153846,95.0,68.78373015873015,98.0
0606.295,178.9076923076923,78.825,94.625,68.81547619047619,98.0
0606.326,165.64615384615385,82.2,94.0,68.84623015873015,98.0
0606.365,159.58461538461538,78.28333333333335,94.0,68.88492063492063,98.0
0606.398,149.86666666666667,75.93333333333334,94.0,68.91765873015873,98.0
0606.431,146.45000000000002,72.0,94.0,68.95039682539682,98.0
0606.465,146.6,70.9,94.0,68.98412698412699,98.0
0606.496,146.87692307692308,67.63333333333333,94.0,69.046875,98.0
0606.527,157.0,63.23333333333333,93.125,69.14375,98.0
0606.567,162.43333333333334,58.974999999999994,93.0,69.26875,98.0
0606.598,167.30833333333334,54.46923076923077,94.625,69.365625,98.0
0606.631,163.91538461538462,49.19230769230769,99.125,69.46875,98.0
0606.663,157.71666666666667,41.65,109.125,69.56875,98.0
0606.696,150.14444444444445,28.950000000000003,113.4375,69.671875,98.0
0606.728,137.4,14.553846153846155,113.5625,69.771875,98.0
0606.760,111.4846153846154,1.6,110.5625,69.871875,98.0
0606.807,60.4375,-10.8,106.625,70.0,98.0
0606.825,30.416666666666668,-13.875,105.5,70.0,98.0
0606.865,-24.5,-21.650000000000002,103.0,70.0,98.0
0606.897,-70.65833333333333,-28.733333333333334,103.0,70.0,98.0
0606.929,-118.86153846153847,-34.275,103.0,70.0,98.0
0606.961,-167.03333333333333,-40.7,103.0,70.0,98.0
0606.993,-222.87500000000003,-45.08461538461539,101.0,70.0,98.0
0607.039,-301.16666666666663,-50.5,99.125,70.0,98.0
0607.063,-339.5555555555556,-54.7,97.625,70.0,98.0
0607.094,-396.7222222222223,-62.33846153846153,96.0,70.0,98.0
0607.132,-475.22499999999997,-75.03333333333333,95.0,70.0,98.0
0607.164,-537.275,-84.85,94.3125,70.0,98.0
0607.197,-600.4000000000001,-89.13846153846154,94.0,70.0,98.0
0607.229,-643.9307692307693,-91.06666666666666,94.0,70.0,98.0
0607.261,-686.4625,-89.65,94.0,70.0,98.0
0607.294,-705.8,-92.13749999999999,94.0,70.0,98.0
0607.327,-712.6166666666666,-94.00000000000001,93.125,70.0,98.0
0607.372,-711.675,-99.37692307692308,93.0,70.0,98.0
0607.406,-704.4499999999999,-99.32307692307691,93.0,70.0,98.0
0607.439,-693.425,-97.7875,93.0,70.0,98.0
0607.465,-686.5,-96.23076923076923,97.0,70.0,98.0
0607.497,-675.3153846153846,-93.46153846153845,103.0,70.07142857142857,98.0
0607.530,-664.4,-89.8,112.125,70.16964285714285,98.0
0607.563,-648.6,-86.86666666666667,114.0,70.26785714285715,98.0
0607.596,-628.7,-82.13333333333333,112.3125,70.36607142857143,98.0
0607.628,-606.525,-78.62307692307692,108.625,70.46130952380953,98.0
0607.661,-579.3000000000001,-74.56666666666666,106.25,70.55952380952381,98.0
0607.701,-542.0333333333333,-67.35,103.75,70.67857142857143,98.0
0607.733,-510.45,-62.63333333333333,102.75,70.77380952380952,98.0
0607.765,-474.1,-59.46666666666667,102.0,70.86904761904762,98.0
0607.796,-431.15384615384613,-55.1,102.0,70.96130952380953,98.0
0607.827,-389.0,-51.900000000000006,101.875,71.0,98.0
0607.860,-337.03333333333336,-47.65,99.8125,71.0,98.0
0607.899,-274.25,-43.6,98.0,71.0,98.0
0607.930,-227.875,-42.34166666666667,96.0,71.0,98.0
0607.962,-184.55,-38.669230769230765,95.4375,71.0,98.0
0607.994,-138.7,-36.175,95.0,71.0,98.0
0608.026,-98.1,-31.366666666666667,94.0,71.0,98.0
0608.066,-61.59166666666667,-25.775000000000002,94.0,71.0,98.0
0608.097,-43.13333333333333,-21.625,94.0,71.0,98.0
0608.128,-8.65,-17.5,93.0625,71.0,98.0
0608.161,40.338461538461544,-14.0,93.0,71.0,98.0
0608.202,113.1,-9.166666666666666,93.0,71.0,98.0
0608.227,153.93333333333334,-4.8,93.0,71.0,98.0
0608.266,196.60000000000002,1.0846153846153848,97.125,71.0,98.0
0608.298,222.15,6.011111111111111,102.6875,71.0,98.0
0608.330,234.56923076923078,8.862499999999999,111.125,71.0,98.0
0608.363,239.3,12.208333333333332,113.0,71.0,98.0
0608.396,246.6583333333333,13.033333333333333,112.3125,71.0,98.0
0608.429,257.84999999999997,11.169230769230769,109.25,71.0,98.0
0608.463,269.18461538461537,10.284615384615385,106.125,71.0,98.0
0608.496,273.2769230769231,8.375,104.0,71.0,98.0
0608.527,277.8333333333333,9.883333333333335,102.125,71.0,98.0
0608.566,284.175,10.558333333333334,102.0,71.0,98.0
0608.597,290.29999999999995,11.976923076923075,102.0,71.0,98.0
0608.628,287.2923076923077,13.0,101.0,71.0,98.0
0608.659,281.45,13.533333333333331,99.0,71.0,98.0
0608.699,279.625,13.2125,97.375,71.0,98.0
0608.729,278.075,12.6,96.0,71.0,98.0
0608.760,271.8777777777778,12.4,95.0,71.0,98.0
0608.800,258.9,11.93076923076923,94.0625,71.0,98.0
0608.833,253.62307692307692,11.666666666666668,94.0,71.0,98.0
0608.864,246.06666666666666,12.2,94.0,71.0,98.0
0608.897,233.53846153846155,11.123076923076923,94.0,71.0,98.0
0608.932,212.2,10.5,93.0,71.0,98.0
0608.965,196.79999999999998,11.25,93.0,71.0,98.0
0608.996,192.88333333333333,10.438461538461539,92.0,71.0,98.0
0609.028,209.30769230769232,8.008333333333333,92.0,71.0,98.0
0609.068,228.51538461538462,8.200000000000001,92.75,71.0,98.0
0609.100,242.45384615384617,7.708333333333334,95.5,71.0,98.0
0609.131,238.9,8.144444444444444,104.75,71.0,98.0
0609.163,233.51666666666665,8.142857142857142,111.94117647058823,71.0,98.0
0609.196,227.45384615384614,6.5625,115.0,70.99999999999999,98.0
0609.227,221.825,6.7333333333333325,114.35294117647058,71.0,98.0
0609.272,224.93076923076924,8.2375,111.53333333333333,71.0,98.0
0609.297,216.9333333333333,8.284615384615385,110.0,71.0,98.0
0609.329,213.3615384615385,7.2,107.9375,71.0,98.0
0609.361,206.8,6.633333333333333,104.9375,71.0,98.0
0609.394,191.3,3.6000000000000005,104.0,71.0,98.0
0609.439,172.86923076923077,4.066666666666666,103.0,71.0,98.0
0609.465,164.0625,2.9416666666666664,102.0,71.0,98.0
0609.496,152.9875,4.2,100.52941176470588,71.0,98.0
0609.527,145.65384615384616,4.333333333333333,98.58823529411765,71.0,98.0
0609.567,128.05,5.275,96.0625,71.0,98.0
0609.598,114.82499999999999,5.75,95.0,71.0,98.0
0609.629,94.70833333333333,4.276923076923077,94.0,71.0,98.0
0609.662,80.4,1.7833333333333332,93.0,71.0,98.0
0609.695,62.7,0.0,93.0,71.0,98.0
0609.728,37.2,-0.9769230769230769,93.0,71.0,98.0
0609.761,5.5,-1.9,92.0,71.0,98.0
0609.795,-30.553846153846155,-4.8,92.0,71.0,98.0
0609.828,-54.892307692307696,-8.2,91.75,71.05952380952381,98.0
0609.862,-66.7,-11.124999999999998,91.0,71.16071428571428,98.0
0609.893,-72.5625,-12.861538461538462,91.0,71.25297619047619,98.0
0609.934,-84.6,-12.084615384615384,92.75,71.375,98.0
0609.965,-99.16153846153847,-13.5,96.4375,71.4672619047619,98.0
0609.997,-121.80000000000001,-14.766666666666666,104.25,71.5625,98.0
0610.029,-149.06666666666666,-18.133333333333333,113.625,71.65773809523809,98.0
0610.061,-181.66666666666666,-21.153846153846153,115.0,71.75297619047619,98.0
0610.092,-215.18461538461537,-26.48333333333333,114.0,71.84523809523809,98.0
0610.132,-253.4333333333333,-31.4875,111.75,71.96428571428572,98.0
0610.164,-282.1,-35.4,108.75,72.0,98.0
0610.195,-310.06666666666666,-37.2,106.8125,72.0,98.0
0610.227,-336.1461538461539,-38.99230769230769,104.8125,72.0,98.0
0610.272,-380.5769230769231,-42.833333333333336,103.0,72.0,98.0
0610.298,-400.6230769230769,-44.016666666666666,103.0,72.0,98.0
0610.330,-425.6666666666667,-45.55,101.375,72.0,98.0
0610.363,-452.5333333333334,-44.39230769230769,99.3125,72.0,98.0
0610.396,-465.2153846153846,-45.94166666666666,98.25,72.0,98.0
0610.428,-481.26666666666665,-44.900000000000006,96.0,72.0,98.0
0610.461,-493.73333333333335,-44.75,95.0,72.0,98.0
0610.492,-502.1333333333333,-44.730769230769226,94.0,72.0,98.0
0610.532,-502.6777777777778,-45.6,93.0,72.0,98.0
0610.564,-496.75,-44.762499999999996,92.75,72.0,98.0
0610.596,-483.70000000000005,-41.75,92.0,72.0,98.0
0610.629,-465.28333333333336,-39.5923076923077,92.0,72.0,98.0
0610.662,-428.26666666666665,-36.753846153846155,92.0,72.0,98.0
0610.693,-372.39230769230767,-35.925,92.0,72.0,98.0
0610.726,-290.81666666666666,-32.59166666666667,91.0,72.0,98.0
0610.766,-183.8,-27.2,91.0,72.0,98.0
0610.800,-91.67500000000001,-21.650000000000002,91.0,72.0,98.0
0610.832,-25.207692307692305,-16.807692307692307,96.0,71.9044776119403,98.0
0610.864,25.133333333333333,-12.3,103.0,71.8089552238806,98.0
0610.895,55.525000000000006,-6.199999999999999,111.875,71.71641791044777,98.00000000000001
0610.926,79.1,-0.8777777777777778,113.875,71.62388059701493,98.0
0610.966,115.21111111111112,5.984615384615385,110.625,71.5044776119403,98.0
0610.998,146.86249999999998,7.999999999999999,108.625,71.4089552238806,98.0
0611.030,182.07500000000002,11.183333333333334,106.625,71.31343283582089,98.0
0611.064,204.76666666666665,12.59230769230769,103.5,71.21194029850747,98.0
0611.096,222.15,14.816666666666666,102.5,71.11641791044777,98.0
0611.130,237.3,14.7,102.0,71.01492537313433,98.0
0611.161,247.9,16.666666666666664,101.0,71.0,98.0
0611.195,254.02499999999998,17.315384615384616,100.29411764705883,71.0,98.0
0611.228,248.35833333333335,17.907692307692304,98.0,71.0,98.00000000000001
0611.260,243.35384615384618,18.725,96.1875,71.0,98.0
0611.299,239.63076923076926,18.941666666666666,94.0,71.0,98.0
0611.332,236.59166666666667,19.10833333333333,93.0,71.0,98.0
0611.364,226.7,18.646153846153847,92.0,71.0,98.0
0611.395,216.5846153846154,19.053846153846152,92.0,71.0,98.0
0611.427,205.86666666666667,19.666666666666668,92.0,71.0,98.0
0611.460,198.35000000000002,21.05,91.6875,71.0,98.0
0611.502,187.2846153846154,19.0875,91.0,71.0,98.0
0611.540,160.9,17.866666666666667,91.0,71.0,98.0
0611.566,138.375,15.158333333333331,91.0,71.0,98.0
0611.599,99.21249999999999,10.215384615384615,91.0,71.0,98.0
0611.632,68.27777777777779,5.6,91.0,71.0,98.0
0611.667,33.45,-1.5,91.0,71.0,98.0
0611.699,3.6624999999999996,-7.308333333333334,93.375,71.0,98.0
0611.731,-45.699999999999996,-13.8,98.75,71.0,98.0
0611.765,-94.36923076923077,-20.933333333333334,110.9375,71.0,98.0
0611.798,-152.1,-28.0,115.375,71.0,98.0
0611.830,-201.17499999999998,-33.8875,116.625,71.0,98.0
0611.862,-245.25,-37.349999999999994,113.625,71.0,98.0
0611.894,-277.3,-40.824999999999996,111.625,71.0,98.0
0611.927,-286.0461538461538,-41.0,108.52941176470588,71.0,98.0
0611.971,-285.2769230769231,-41.21666666666666,105.75,71.0,98.0
0611.997,-280.4,-39.2,104.125,71.0,98.0
0612.031,-274.5,-34.83333333333333,103.0,71.0,98.0
0612.064,-269.30833333333334,-28.715384615384615,103.0,71.0,98.0
0612.098,-266.65,-22.900000000000002,100.875,71.0,98.0
0612.129,-262.45,-18.241666666666667,98.9375,71.0,98.0
0612.161,-265.56666666666666,-16.5,96.0,70.99999999999999,97.99999999999999
0612.193,-267.3833333333333,-16.0,94.9375,71.0,98.0
0612.234,-271.925,-12.916666666666666,94.0,71.0,98.0
0612.267,-268.7923076923077,-10.946153846153846,93.0,71.0,98.0
0612.299,-259.97499999999997,-6.658333333333333,93.0,71.0,98.0
0612.331,-245.16666666666669,-4.0,93.0,71.0,98.0
0612.364,-226.86666666666667,-0.2,93.0,71.0,98.0
0612.399,-211.66153846153844,4.184615384615384,93.0,71.0,98.0
0612.432,-191.78333333333333,6.499999999999999,92.0,71.0,98.0
0612.465,-158.9,5.675,91.0,71.0,98.0
0612.497,-116.68333333333332,5.9,90.0,71.0,98.0
0612.530,-68.8923076923077,6.3,90.125,71.0,98.0
0612.563,-29.3125,9.041666666666668,93.375,71.0,98.0
0612.595,-3.825,10.566666666666666,98.5625,71.0,98.0
0612.627,6.6375,11.269230769230768,105.5625,71.0,98.0
0612.659,8.18888888888889,12.115384615384615,113.1875,71.0,98.0
0612.701,8.7,14.538461538461538,114.0,71.0,98.0
0612.734,19.174999999999997,14.45,112.0,71.0,98.0
0612.767,43.8,15.350000000000001,111.0,71.0,98.0
0612.798,59.9,13.866666666666667,111.0,71.0,98.0
0612.831,76.7,14.823076923076925,108.0,71.0,98.0
0612.864,89.09166666666665,15.016666666666666,105.9375,71.0,98.0
0612.896,109.9,14.788888888888888,104.0,71.0,98.0
0612.927,138.225,15.908333333333333,103.0,71.0,98.0
0612.971,169.26666666666665,18.7,100.25,71.0,98.0
0612.996,182.76666666666668,21.95,98.6875,71.0,98.0
0613.029,196.86666666666667,23.666666666666668,96.625,71.0,98.0
0613.062,206.40769230769232,26.015384615384612,93.5625,71.0,98.0
0613.095,212.125,26.4,92.0,71.0,98.0
0613.129,214.46666666666667,27.133333333333336,91.0,71.0,98.0
0613.162,215.46666666666667,26.56923076923077,90.0,71.0,98.0
0613.195,212.3,27.246153846153845,90.0,71.0,98.0
0613.228,212.925,27.849999999999998,90.0,71.0,98.00000000000001
0613.261,209.10000000000002,29.816666666666663,90.0,71.0,98.0
0613.294,203.4375,29.59166666666667,89.0,71.0,98.0
0613.327,199.92499999999998,28.444444444444443,89.0,71.0,98.0
0613.360,204.6153846153846,28.4,89.0625,71.0,98.0
0613.405,224.7888888888889,28.0,89.1764705882353,71.0,98.0
0613.431,239.5916666666667,30.34166666666667,89.0,71.0,98.0
0613.464,254.91666666666669,32.26153846153846,91.5625,71.0,98.0
0613.498,261.0230769230769,37.27692307692308,97.0625,70.91940298507461,98.0
0613.530,265.3333333333333,47.03333333333333,108.75,70.82388059701492,98.00000000000001
0613.562,261.89166666666665,68.99166666666667,113.6875,70.72835820895523,97.99999999999999
0613.596,257.4,86.86923076923077,115.0,70.6268656716418,98.0
0613.629,237.54444444444442,96.98461538461538,112.125,70.52835820895521,98.0
0613.663,208.45,88.81666666666666,110.05555555555556,70.42686567164179,98.0
0613.697,184.57500000000002,83.09166666666667,107.8125,70.32537313432836,98.0
0613.728,169.96666666666667,80.9625,106.875,70.23283582089553,98.0
0613.759,162.85000000000002,80.31111111111112,104.94117647058823,70.14029850746269,98.0
0613.799,156.4923076923077,80.7076923076923,104.0,70.02089552238806,98.0
0613.832,153.45000000000002,82.40833333333333,103.0,70.00000000000001,98.0
0613.864,145.71666666666667,81.38333333333333,100.375,70.0,98.0
0613.895,138.3,81.5076923076923,97.4375,70.0,98.0
0613.926,131.83076923076925,81.48333333333333,94.5,70.0,98.0
0613.965,123.48888888888888,81.8125,93.0,70.0,98.0
0613.997,123.7,79.9,92.0,70.0,98.0
0614.027,118.57500000000002,78.46153846153845,91.0,70.0,98.0
0614.067,120.43333333333334,77.23076923076923,91.0,70.0,98.0
0614.098,125.72307692307692,79.175,91.0,70.0,98.0
0614.129,129.8083333333333,81.69166666666666,91.0,70.0,98.0
0614.161,133.93333333333334,84.67777777777779,92.0,70.0,98.0
0614.193,136.82222222222225,87.31111111111112,92.0,70.0,98.0
0614.232,135.91538461538462,92.525,92.0,70.0,98.0
0614.263,145.45833333333334,96.975,92.0,70.0,98.0
0614.295,160.48333333333335,102.78333333333333,91.5,70.0,98.0
0614.327,183.5307692307692,105.4,91.0,70.0,98.0
0614.367,211.93076923076922,105.91538461538461,92.0,70.0,98.0
0614.399,220.6538461538462,102.51538461538462,95.0,70.0,98.0
0614.431,220.4125,98.475,106.0,70.0,98.0
0614.463,207.28333333333333,94.96666666666667,112.0,70.0,98.0
0614.497,187.025,90.03846153846155,114.875,69.94375,98.0
0614.529,167.6,86.375,112.875,69.84375,98.0
0614.561,145.08333333333334,78.58333333333334,108.875,69.74375,98.0
0614.593,123.74166666666666,69.10833333333332,106.875,69.64375,98.0
0614.632,79.35,55.47692307692308,104.4375,69.521875,98.0
0614.665,43.28461538461538,39.16666666666667,102.375,69.41875,98.0
0614.697,12.323076923076922,22.733333333333334,102.0,69.31875,98.0
0614.730,-6.625,5.0125,102.0,69.215625,98.0
0614.762,-39.825,-9.299999999999999,101.3125,69.115625,98.0
0614.796,-79.57777777777778,-21.27777777777778,100.1875,69.00937499999999,98.0
0614.830,-137.7625,-30.0375,98.0,69.0,98.0
0614.863,-189.35,-38.675,96.0,69.0,98.0
0614.895,-240.50000000000003,-45.900000000000006,94.0,69.0,98.0
0614.926,-292.94615384615383,-52.36153846153846,94.0,69.0,98.0
0614.966,-349.9769230769231,-58.36923076923077,93.0,69.0,98.0
0614.997,-390.8461538461538,-60.83846153846154,93.0,69.0,98.0
0615.028,-436.25,-64.75,93.0,69.0,98.0
0615.059,-474.73333333333335,-69.8923076923077,92.0,69.0,98.0
0615.100,-538.0,-76.08461538461539,92.0,69.0,98.0
0615.133,-584.8615384615385,-85.03333333333333,92.0,69.0,98.0
0615.165,-630.3,-91.9,92.0,69.0,98.0
0615.197,-666.875,-99.83749999999999,92.0,69.0,98.0
0615.229,-695.9846153846154,-99.9111111111111,92.0,69.0,98.0
0615.262,-717.4916666666667,-101.95,92.0,69.0,98.0
0615.295,-732.7125,-102.825,96.0,69.0,98.0
0615.326,-750.275,-104.63333333333333,102.75,69.0,98.0
0615.365,-772.3846153846154,-104.58461538461538,113.75,69.0,98.0
0615.398,-786.0,-104.8,116.0,69.0,98.0
0615.431,-802.0,-105.0,113.875,69.0,98.0
0615.464,-816.7,-106.5,110.4375,69.0,98.0
0615.497,-831.7,-105.9,107.3125,69.0,98.0
0615.529,-844.2,-106.5,105.3125,69.0,98.0
0615.561,-853.2416666666668,-107.64166666666667,104.3125,69.0,98.0
0615.601,-863.5,-106.5,104.0,69.0,98.0
0615.633,-862.4416666666666,-103.30833333333332,103.8125,69.0,98.0
0615.666,-851.6818181818182,-99.35000000000001,103.0,69.0,98.0
0615.698,-833.0833333333333,-96.0625,100.75,69.0,98.0
0615.728,-810.2166666666666,-92.45384615384614,99.875,69.0,98.0
0615.761,-784.45,-90.6,97.0,69.0,98.0
0615.793,-745.7692307692307,-86.5,96.0,69.0,98.0
0615.834,-690.3333333333334,-81.5,95.0,69.0,98.0
0615.865,-643.7,-77.80000000000001,94.3125,69.0,97.99999999999999
0615.897,-607.4,-73.55,94.0,69.0,98.0
0615.928,-572.2222222222223,-69.47692307692307,94.0,69.0,98.0
0615.968,-526.2461538461539,-62.075,94.0,69.0,98.0
0616.000,-489.5333333333333,-58.266666666666666,93.0,69.0,98.0
0616.033,-443.3333333333333,-54.5,93.0,69.0,98.0
0616.066,-389.7,-49.58461538461538,93.0,69.0,98.0
0616.098,-334.83333333333337,-45.95,93.25,69.0,98.0
0616.131,-284.1666666666667,-40.650000000000006,96.9375,69.0,98.0
0616.164,-239.73333333333335,-37.8,106.5,69.0,98.0
0616.198,-197.96153846153845,-35.13333333333333,112.0,69.0,98.0
0616.229,-164.83076923076922,-32.84444444444445,114.0,69.0,98.0
0616.261,-134.09166666666667,-31.45,111.125,69.0,98.0
0616.293,-106.57500000000002,-31.25,108.125,69.0,98.0
0616.332,-70.9,-27.523076923076925,103.25,69.0,98.0
0616.364,-50.66923076923077,-24.238461538461536,102.125,69.0,98.0
0616.396,-38.225,-20.0,101.0,69.0,98.0
0616.429,-30.037499999999998,-17.958333333333332,101.0,69.0,98.0
0616.461,-20.825,-17.3,101.0,69.0,98.0
0616.492,-14.722222222222221,-16.37142857142857,100.125,69.0,98.0
0616.526,-12.5,-15.277777777777779,99.0,69.0,98.0
0616.567,-8.775,-12.55,97.0,69.0,98.0
0616.598,-4.2,-10.0,95.0,69.0,98.0
0616.628,1.1846153846153846,-9.376923076923077,95.0,69.0,98.0
0616.660,2.7999999999999994,-6.141666666666666,94.0,69.0,98.0
0616.693,8.825,-4.708333333333333,94.0,69.0,98.0
0616.733,12.8,-1.1,94.0,69.0,98.0
0616.766,22.233333333333334,0.9,94.0,69.0,98.0
0616.798,31.55,3.5923076923076924,94.0,69.0,98.0
0616.830,58.153846153846146,6.475,93.0,68.95,98.0
0616.862,97.93333333333334,9.683333333333334,93.0,68.85,98.0
0616.893,145.3,12.553846153846154,93.0,68.75312500000001,98.0
0616.933,191.9,17.925,93.42857142857142,68.628125,98.0
0616.965,221.47500000000002,21.500000000000004,97.3125,68.52812499999999,98.0
0616.997,235.70000000000002,27.1,108.75,68.428125,98.0
0617.030,241.66666666666669,29.9,115.0,68.325,98.0
0617.062,232.7,30.724999999999998,116.5,68.225,98.0
0617.093,227.4666666666667,32.71666666666667,114.5625,68.128125,98.0
0617.134,221.4,33.766666666666666,111.0,68.0,98.0
0617.166,216.43333333333334,36.666666666666664,108.0,68.0,98.0
0617.200,210.26666666666665,37.65,105.875,68.0,98.0
0617.234,197.8,38.375,104.0,68.0,98.0
0617.266,189.63333333333333,38.63333333333334,104.0,68.0,98.0
0617.298,175.86153846153846,38.95384615384616,103.0,68.0,98.0
0617.331,162.26666666666665,36.56153846153846,102.0,68.0,98.0
0617.363,145.29166666666666,34.95,100.6875,68.0,98.0
0617.394,134.78333333333333,31.73333333333333,97.75,68.0,98.0
0617.434,122.3,31.176923076923075,96.0,68.0,98.0
0617.465,116.86666666666667,31.925,95.0,68.0,98.0
0617.497,110.175,32.65,94.0,68.04023845007451,98.0
0617.529,109.525,28.883333333333333,94.0,68.08792846497765,98.0
0617.559,102.98333333333332,27.307692307692307,94.0,68.13263785394932,98.0
0617.599,103.70769230769231,24.1625,93.0,68.19225037257824,98.0
0617.630,102.73333333333335,25.7,93.0,68.23845007451564,98.0
0617.662,109.03333333333333,25.375000000000004,92.9375,68.28614008941878,98.0
0617.694,126.19999999999999,25.6,92.0,68.3338301043219,98.0
0617.726,159.2846153846154,22.607692307692304,91.0,68.38152011922503,98.0
0617.760,196.91666666666669,23.175000000000004,92.1875,68.43219076005963,98.0
0617.792,224.2,24.56666666666667,97.75,68.47988077496274,98.0
0617.831,244.6,26.5,107.5,68.53800298062593,98.0
0617.862,252.0923076923077,25.753846153846155,114.5625,68.58420268256333,98.0
0617.895,258.55384615384617,23.16923076923077,115.0,68.6333830104322,98.0
0617.927,263.625,20.475,112.75,68.68107302533532,98.0
0617.960,268.65000000000003,19.55,109.3125,68.73025335320418,98.0
0618.002,268.5916666666667,16.775,107.6875,68.79284649776453,98.0
0618.039,240.6769230769231,12.0,104.375,68.84798807749627,98.0
0618.065,205.5076923076923,5.361538461538462,103.0,68.88673621460507,98.0
0618.097,166.9,-3.2,103.0,68.93442622950819,98.0
0618.130,117.7,-11.933333333333334,102.0,68.98360655737706,98.0
0618.164,70.60000000000001,-20.2,101.5625,69.00000000000001,98.0
0618.196,19.93333333333333,-25.424999999999997,99.5625,69.0,98.00000000000001
0618.227,-43.15833333333333,-30.1,97.625,69.0,98.0
0618.259,-105.2,-35.58461538461538,95.625,69.0,98.0
0618.299,-182.475,-42.2,95.0,69.0,98.0
0618.330,-238.5,-47.6,94.0,69.0,98.0
0618.362,-292.57500000000005,-51.1,94.0,69.0,98.0
0618.395,-343.275,-55.4125,93.0,69.0,98.0
0618.427,-385.73333333333335,-57.355555555555554,93.0,69.0,98.0
0618.460,-406.4846153846154,-58.05,93.0,69.0,98.0
0618.492,-394.29230769230765,-55.50000000000001,92.0,69.04464285714286,98.0
0618.532,-344.4,-50.7125,92.0,69.16369047619048,98.00000000000001
0618.563,-294.275,-45.974999999999994,92.0,69.25595238095238,98.0
0618.596,-245.1375,-39.169230769230765,92.4375,69.35416666666666,98.0
0618.628,-214.93333333333334,-32.833333333333336,96.3125,69.44940476190476,98.0
0618.660,-203.29999999999998,-28.383333333333333,106.3125,69.54464285714286,98.0
0618.700,-187.775,-23.266666666666666,112.875,69.66369047619048,98.0
0618.731,-170.26666666666665,-21.725,114.0,69.75595238095238,98.0
0618.764,-144.54615384615383,-19.73846153846154,112.0625,69.85416666666667,98.0
0618.798,-110.325,-18.10769230769231,108.9375,69.95535714285715,98.0
0618.831,-82.05,-16.433333333333334,105.875,70.0,98.0
0618.866,-60.458333333333336,-13.7875,103.6875,70.0,98.0
0618.899,-51.46153846153846,-11.622222222222224,102.0,70.0,98.0
0618.933,-41.82142857142858,-9.17142857142857,102.0,70.0,98.0
0618.965,-27.125,-6.6625,101.0,70.0,98.0
0618.996,-10.515384615384615,-5.1875,99.625,70.0,98.0
0619.027,3.0999999999999996,-2.6,98.6875,70.0,98.0
0619.071,1.0384615384615388,-1.3583333333333334,95.9375,70.0,98.0
0619.097,0.3,-0.4666666666666667,95.0,70.0,98.0
0619.129,-2.7624999999999997,0.675,94.0,70.0,98.0
0619.160,2.85,0.41666666666666663,93.375,70.00000000000001,98.0
0619.207,12.7,4.475,93.0,70.0,98.0
0619.224,16.4,5.3,93.0,70.0,98.0
0619.267,24.199999999999996,8.333333333333334,92.0,70.0,98.0
0619.300,36.0,8.566666666666666,92.0,70.0,98.0
0619.333,68.14999999999999,9.823076923076924,92.0,70.0,98.0
0619.365,107.27692307692308,10.166666666666668,91.5625,70.0,98.0
0619.396,148.7,11.0,91.0,70.0,98.0
0619.427,175.48333333333335,10.524999999999999,91.3125,70.0,98.0
0619.460,175.41538461538462,8.65,96.125,70.0,98.0
0619.501,133.26153846153846,3.1692307692307695,104.8125,70.0,98.0
0619.531,76.36666666666667,-4.333333333333334,110.625,70.0,98.0
0619.564,8.26666666666667,-13.066666666666666,114.0,70.0,98.0
0619.597,-64.73333333333333,-22.566666666666666,112.0,70.0,98.0
0619.629,-124.2,-32.91538461538462,109.05882352941177,70.0,98.0
0619.661,-183.0,-41.03076923076923,107.0625,70.0,98.0
0619.707,-284.8076923076923,-48.16153846153846,104.1875,70.0,98.0
0619.724,-327.6,-49.46666666666667,104.0,70.0,98.0
0619.767,-428.69999999999993,-52.28333333333334,103.0,70.0,98.0
0619.801,-494.78888888888895,-55.261538461538464,103.0,70.0,98.0
0619.834,-530.7461538461538,-59.753846153846155,102.0,70.0,97.99999999999999
0619.867,-551.3000000000001,-60.56666666666667,99.125,70.0,98.0
0619.899,-561.6,-60.95,98.125,70.0,98.0
0619.931,-562.9307692307692,-56.88461538461539,97.0,70.0,98.0
0619.963,-559.7769230769231,-49.43333333333334,95.125,70.0,98.0
0619.996,-547.7,-43.849999999999994,95.0,70.0,98.0
0620.029,-527.3384615384615,-38.666666666666664,95.0,70.0,98.0
0620.061,-498.4666666666667,-37.25,96.0,70.0,98.0
0620.094,-471.0923076923077,-35.253846153846155,96.0,70.0,98.0
0620.128,-439.4125,-33.96666666666667,95.8125,70.0,98.0
0620.163,-392.75,-32.18461538461539,94.625,70.06547619047619,98.0
0620.196,-325.775,-29.991666666666667,93.0,70.16369047619048,98.00000000000001
0620.230,-237.56666666666666,-28.733333333333334,93.0,70.26488095238095,98.0
0620.263,-160.06666666666666,-25.892307692307693,95.25,70.36309523809524,98.0
0620.296,-100.0375,-24.3,100.0625,70.46130952380953,98.0
0620.328,-75.97500000000001,-21.71666666666667,106.58823529411765,70.55654761904762,98.0
0620.360,-75.19999999999999,-17.261538461538464,112.6875,70.65178571428572,98.0
0620.402,-88.44999999999999,-13.544444444444444,111.375,70.77678571428571,98.0
0620.433,-103.075,-11.95,107.5,70.86904761904762,98.0
0620.466,-114.06666666666666,-13.508333333333333,104.6875,70.96726190476191,98.0
0620.499,-122.13333333333333,-12.691666666666666,101.625,71.0,98.0
0620.531,-105.1,-10.569230769230769,100.625,71.0,98.0
0620.564,-87.99166666666667,-5.408333333333333,100.0,71.0,98.0
0620.597,-65.23333333333333,0.33333333333333337,100.0,71.0,98.0
0620.630,-54.86666666666666,6.883333333333333,99.0,71.0,98.0
0620.664,-51.71666666666667,11.338461538461539,97.0,71.0,98.0
0620.697,-44.061538461538454,15.616666666666667,95.25,71.0,98.0
0620.730,-35.625,18.191666666666666,94.0,71.0,98.0
0620.762,-25.35,20.725,93.0,71.0,98.0
0620.794,-14.1,22.087500000000002,92.0,71.0,98.0
0620.835,9.684615384615384,23.70769230769231,91.0,71.0,98.0
0620.873,36.0,23.299999999999997,91.0,71.0,98.0
0620.906,53.425000000000004,21.6125,91.0,71.0,98.0
0620.925,59.215384615384615,20.891666666666666,91.0,71.0,98.0
0620.967,59.988888888888894,19.73846153846154,91.0,71.0,98.0
0620.999,76.775,18.183333333333337,90.0,71.0,98.0
0621.030,97.26666666666668,17.466666666666665,90.0,71.0,98.0
0621.062,136.775,16.783333333333335,89.0,71.0,98.0
0621.093,180.90769230769232,18.392307692307693,90.0,71.0,98.0
0621.134,212.12307692307692,19.869230769230768,97.1875,71.0,98.0
0621.166,221.275,19.353846153846156,104.1875,71.00000000000001,98.0
0621.199,213.925,17.633333333333333,110.25,71.0,98.0
0621.233,194.7,14.600000000000001,112.75,71.0,98.0
0621.265,164.70769230769233,9.241666666666667,111.75,71.0,98.0
0621.297,115.71111111111111,3.1461538461538465,109.75,71.0,98.0
0621.331,48.175000000000004,-7.55,108.0,71.0,98.0
0621.365,-27.2625,-18.491666666666667,106.5,71.0,98.0
0621.399,-97.56666666666666,-28.8,104.375,71.0,98.0
0621.431,-165.16923076923075,-37.61538461538461,104.0,71.0,98.0
0621.463,-226.78333333333333,-42.25,103.0,71.0,98.0
0621.495,-279.0,-44.83333333333333,102.375,71.0,98.0
0621.527,-316.9083333333333,-44.75,101.375,71.0,98.0
0621.566,-352.87692307692305,-40.400000000000006,99.0,71.0,98.0
0621.598,-380.775,-36.184615384615384,98.9375,71.0,98.0
0621.630,-393.1833333333333,-31.0,98.0,71.0,98.0
0621.663,-400.84999999999997,-29.366666666666667,98.0,71.0,98.0
0621.697,-393.5384615384615,-27.025000000000002,98.0,71.0,98.0
0621.730,-381.68461538461537,-26.0,98.0,71.0,98.0
0621.763,-369.6,-24.96923076923077,98.625,71.0,98.0
0621.796,-345.0,-25.76153846153846,97.0,71.0,98.0
0621.827,-304.45000000000005,-26.384615384615383,95.625,70.99999999999999,98.0
0621.867,-208.46666666666664,-27.15,94.0,71.0,98.0
0621.900,-116.21538461538462,-25.45384615384615,93.0,71.0,98.00000000000001
0621.934,-50.575,-22.416666666666664,93.0625,71.0,98.0
0621.967,-26.3375,-19.525,97.25,71.0,98.0
0621.999,-22.325000000000003,-17.049999999999997,103.375,71.0,98.0
0622.031,-25.307692307692307,-15.546153846153848,112.125,71.0,98.0
0622.065,-25.599999999999998,-13.041666666666668,113.0,71.0,98.0
0622.096,-26.85,-12.816666666666666,109.8,71.0,98.0
0622.128,-27.5,-10.033333333333335,107.75,71.0,98.0
0622.160,-26.5,-9.476923076923077,105.5,71.0,98.0
0622.206,-9.4,-4.861538461538462,100.875,71.0,98.0
0622.231,-0.983333333333333,-5.175,100.0,71.0,98.0
0622.263,8.166666666666668,-2.55,99.6875,71.0,98.0
0622.296,10.192307692307693,0.48888888888888893,100.0,71.0,98.0
0622.328,9.761538461538462,4.35,99.0,71.0,98.0
0622.360,12.499999999999998,5.866666666666667,95.26666666666667,71.0,98.0
0622.394,13.3,7.333333333333334,93.125,71.0,98.0
0622.427,13.0,7.7,92.0,71.0,98.0
0622.460,18.844444444444445,9.453846153846154,92.0,71.0,98.0
0622.502,32.58333333333333,7.8916666666666675,92.0,71.0,98.0
0622.539,65.3,6.75,92.9375,71.0,98.0
0622.563,84.58333333333333,6.925,93.0,71.0,98.0
0622.594,113.7923076923077,7.8538461538461535,93.0,71.0,98.0
0622.628,140.74615384615385,11.275,94.0,71.0,98.0
0622.668,137.5,11.833333333333336,95.0,71.0,98.0
0622.700,143.28333333333333,11.216666666666667,95.0,71.0,98.0
0622.732,154.8153846153846,6.623076923076923,95.0,71.0,98.0
0622.765,171.6,5.325,95.0,71.0,98.0
0622.798,184.00833333333333,5.983333333333333,95.25,71.0,98.0
0622.832,185.1,11.5,101.94117647058823,71.0,98.0
0622.866,178.9333333333333,13.483333333333334,109.41176470588235,71.0,98.0
0622.898,171.1,13.4,116.0,71.0,98.0
0622.930,152.7,12.8,115.625,71.0,98.0
0622.964,151.375,13.375,113.5,71.0,98.0
0622.998,154.46666666666667,15.383333333333335,109.375,71.0,98.0
0623.029,164.68461538461537,15.8,106.875,71.0,98.0
0623.061,170.2,16.7,103.4375,71.0,98.0
0623.094,165.53333333333333,19.8,102.0,71.0,98.0
0623.140,154.82307692307694,25.76923076923077,101.0,71.0,97.99999999999999
0623.172,151.7,28.8,101.0,71.0,98.0
0623.198,150.1333333333333,31.137500000000003,100.0,71.0,98.0
0623.230,146.83076923076925,31.88888888888889,97.875,71.0,98.0
0623.263,150.21666666666667,32.175000000000004,95.8125,71.0,98.0
0623.295,156.7,32.8,93.8125,71.0,98.0
0623.326,168.73333333333332,33.27692307692308,92.875,71.0,98.0
0623.366,184.76923076923077,33.56153846153846,91.0,71.0,98.0
0623.398,196.6769230769231,32.56923076923077,89.0,71.0,98.0
0623.431,207.25833333333333,31.59166666666667,88.0,71.0,98.0
0623.466,209.025,32.608333333333334,88.0,71.0,98.0
0623.499,209.8625,32.675,87.0625,71.0,98.0
0623.531,216.33333333333331,32.253846153846155,88.0,71.0,98.0
0623.563,236.29999999999998,31.875,88.9375,71.0,98.0
0623.597,258.175,32.3,90.0,71.0,98.0
0623.629,270.8,32.225,91.125,71.0,98.0
0623.662,273.33333333333337,31.150000000000002,94.375,71.0,98.0
0623.696,268.0153846153846,30.02307692307692,105.0,71.0,98.0
0623.730,259.875,31.108333333333327,112.125,71.0,98.0
0623.762,256.4333333333334,31.03333333333334,116.375,71.0,98.0
0623.794,256.125,30.050000000000004,117.0,71.0,98.0
0623.839,255.17499999999998,28.974999999999998,115.8125,71.0,98.0
0623.864,249.3,27.47692307692308,112.5,71.0,98.0
0623.895,244.45,28.4,110.3125,71.0,98.0
0623.928,235.14999999999998,27.0,107.25,71.0,98.0
0623.960,232.5625,29.85,105.0,71.0,98.0
0624.007,223.65000000000003,55.41666666666667,103.0,71.0,98.0
0624.024,220.1,62.0,101.25,71.0,98.0
0624.064,213.0625,77.575,97.75,71.0,98.0
0624.097,202.04166666666666,77.34166666666667,93.6875,71.0,98.0
0624.130,201.12307692307692,77.64615384615385,91.625,71.0,98.0
0624.162,196.4666666666667,81.56666666666666,90.0,71.0,98.0
0624.193,198.38333333333333,84.19999999999999,89.0,71.0,98.0
0624.232,203.04166666666666,85.51666666666667,88.0,71.0,98.0
0624.263,201.33846153846156,81.72307692307692,88.0,71.0,98.0
0624.295,195.95,75.675,88.0,71.0,98.0
0624.326,184.05833333333334,69.125,88.625,71.0,98.0
0624.365,172.19230769230768,64.76153846153846,90.0,71.0,98.0
0624.399,178.25384615384615,62.853846153846156,91.1875,71.0,98.0
0624.434,198.14615384615388,62.9,93.375,71.0,98.0
0624.467,218.51818181818183,63.00000000000001,95.4375,71.0,98.0
0624.500,227.86666666666667,62.30833333333334,100.0,71.0,98.0
0624.533,222.76666666666665,58.73333333333332,106.6875,71.0,98.0
0624.565,219.1153846153846,54.46666666666667,113.6875,71.0,98.0
0624.598,210.4125,52.86666666666666,119.0,71.0,98.0
0624.631,207.65,52.6,118.3125,71.0,98.0
0624.664,199.525,51.5375,114.25,71.0,98.0
0624.696,192.4,49.0,111.5,71.0,98.0
0624.728,194.7,47.2,108.25,71.0,98.0
0624.760,191.29999999999998,44.15,102.5,71.0,98.0
0624.802,170.73333333333335,38.400000000000006,98.625,71.0,98.0
0624.840,129.5375,30.2875,96.0,71.0,98.0
0624.872,84.8,21.0,94.23529411764706,71.0,98.0
0624.896,34.900000000000006,13.715384615384615,92.75,71.0,98.0
0624.930,-48.358333333333334,3.5583333333333327,91.0,71.0,98.0
0624.962,-132.86666666666667,-5.7,91.0,71.0,98.0
0624.995,-211.23333333333335,-18.2,91.47058823529412,71.0,98.0
0625.028,-270.625,-31.255555555555553,92.0,71.0,98.0
0625.061,-323.6333333333333,-42.1,91.375,71.0,98.0
0625.095,-374.95,-51.675,91.0,71.0,98.0
0625.129,-426.1714285714286,-57.60000000000001,91.0,71.0,98.0
0625.161,-479.35,-62.43333333333333,91.0,71.0,98.0
0625.202,-535.3166666666667,-64.49230769230769,92.375,71.0,98.0
0625.235,-549.85,-61.8,94.0,71.0,98.0
0625.273,-530.7,-52.24615384615385,95.0,71.0,98.0
0625.297,-510.6166666666667,-44.34166666666667,95.0,71.0,98.0
0625.329,-469.69230769230774,-35.25,95.0,71.0,98.0
0625.362,-430.56666666666666,-26.06923076923077,97.75,71.0,98.0
0625.395,-393.06666666666666,-21.9375,105.875,71.0,98.0
0625.427,-366.75384615384615,-15.522222222222224,109.46666666666667,71.0,98.0
0625.472,-343.7,-8.05,108.75,71.0,98.0
0625.497,-328.5923076923077,-5.325,106.26666666666667,71.0,98.0
0625.527,-314.5777777777778,-3.5444444444444443,105.0,71.0,98.00000000000001
0625.566,-286.6,-2.033333333333333,101.8125,71.0,98.0
0625.599,-271.7166666666667,-1.6,100.0,71.0,98.0
0625.632,-250.26666666666668,-0.7846153846153847,99.3125,71.0,98.0
0625.665,-230.45384615384614,-0.13333333333333336,100.0,71.0,98.0
0625.699,-214.3,1.0,99.0,71.0,98.0
0625.732,-208.63333333333333,1.8,98.0,71.0,98.0
0625.764,-203.47692307692307,3.6,97.0,71.0,98.0
0625.797,-205.8,3.3,95.375,71.0,98.0
0625.828,-201.48333333333335,4.275,95.0,71.0,98.00000000000001
0625.859,-201.63333333333333,3.55,95.0,71.0,98.0
0625.899,-195.05,3.5416666666666665,95.0,71.0,98.0
0625.930,-193.0153846153846,2.7615384615384615,96.0,71.0,98.0
0625.961,-193.6,2.0,96.0,71.0,98.0
0625.993,-201.73846153846154,3.6416666666666666,97.0,71.0,98.0
0626.027,-206.5,2.7333333333333334,97.0,71.0,98.0
0626.060,-205.2846153846154,1.3076923076923077,96.0,71.0,98.0
0626.106,-163.725,-0.8230769230769232,96.0,71.0,98.0
0626.131,-128.25,-0.5333333333333333,96.5,71.0,98.0
0626.164,-86.15,2.65,100.125,71.0,98.00000000000001
0626.197,-64.0,7.2,108.875,71.0,98.0
0626.229,-58.04444444444445,10.546153846153846,114.25,71.0,98.0
0626.261,-50.45,12.746153846153845,114.375,71.0,98.0
0626.292,-42.25,12.787500000000001,112.4375,71.0,98.0
0626.333,-28.9375,14.1125,107.875,71.0,98.0
0626.371,-20.433333333333337,15.1,106.0,71.0,98.0
0626.400,-22.375,17.61111111111111,104.6875,71.0,98.0
0626.433,-16.625,17.9625,102.625,71.0,98.0
0626.466,-8.5,17.5375,102.0,71.0,98.0
0626.499,0.7846153846153847,17.55,101.0,71.0,98.0
0626.531,3.5,17.875,99.5,71.0,98.0
0626.563,2.6,19.033333333333335,98.0,71.0,98.0
0626.595,-1.5076923076923079,23.125,96.0,71.0,98.0
0626.627,-0.06666666666666643,26.592307692307692,95.5,71.0,98.0
0626.672,10.95,32.11666666666667,94.6875,71.0,98.0
0626.705,18.241666666666667,35.53846153846153,94.0,71.0,98.0
0626.731,23.7,37.8,94.0,71.0,98.0
0626.763,14.588888888888889,40.3375,94.0,71.0,98.0
0626.797,8.646153846153847,38.86666666666667,94.0,71.0,98.0
0626.829,-1.5,40.3,93.0,71.0,98.0
0626.861,0.7666666666666668,39.949999999999996,93.0,71.0,98.0
0626.894,13.346153846153847,42.475,93.0,71.0,98.0
0626.927,39.353846153846156,43.13076923076923,93.0,71.0,98.0
0626.972,100.13333333333333,43.8875,99.1875,71.0,98.0
0626.997,123.0,43.7,103.875,71.0,98.0
0627.030,147.3,41.5,111.0625,71.0,98.0
0627.063,149.9,39.56666666666666,114.0,71.0,98.0
0627.097,149.49230769230772,38.32307692307692,111.25,71.0,98.0
0627.128,144.6,39.0,109.1875,71.0,98.0
0627.159,149.125,38.25,105.19999999999999,71.0,98.0
0627.203,146.675,37.375,103.0,71.0,98.00000000000001
0627.228,149.1153846153846,35.800000000000004,101.0,71.0,98.0
0627.262,167.175,31.862500000000004,100.0,71.0,98.0
0627.295,191.10833333333332,24.6625,100.0,71.0,98.00000000000001
0627.330,241.1,19.841666666666665,101.0,71.0,98.0
0627.362,259.0222222222222,20.7,103.5,71.0,98.0
0627.394,262.0,24.838461538461537,106.5,71.0,98.0
0627.426,251.02499999999998,30.516666666666666,107.0,71.0,98.0
0627.467,251.08333333333334,33.8125,102.875,71.0,98.0
0627.497,262.40000000000003,33.5,100.0625,71.0,98.0
0627.529,284.54615384615386,31.076923076923077,98.0625,71.0,98.0
0627.561,303.7,27.549999999999997,96.53125,71.0,98.0
0627.593,309.85,23.85,95.0625,71.0,98.0
0627.632,297.33333333333337,23.033333333333335,95.0,71.0,98.0
0627.665,287.96153846153845,21.900000000000002,95.4375,71.0,98.0
0627.698,281.2769230769231,22.566666666666666,96.5,71.0,98.0
0627.734,286.6,21.546153846153846,97.0,71.0,98.0
0627.767,294.7,22.333333333333332,97.8125,71.0,98.0
0627.800,300.4,23.4,104.625,71.0,98.0
0627.833,296.3,23.7,108.875,71.0922619047619,98.0
0627.866,279.1461538461538,25.61111111111111,109.05882352941177,71.19047619047619,98.0
0627.897,259.9,26.083333333333336,106.25,71.2827380952381,98.0
0627.928,243.25833333333333,25.592307692307692,101.375,71.375,98.0
0627.960,224.0,25.7,96.1875,71.4702380952381,98.0
0628.000,203.78333333333333,24.15,92.6875,71.58928571428572,98.0
0628.033,195.86923076923077,24.1,91.0,71.6875,98.0
0628.064,199.53636363636363,25.25,91.375,71.77976190476191,98.0
0628.097,219.16923076923075,25.15,93.4375,71.87797619047619,98.0
0628.130,229.29166666666666,26.66923076923077,95.0,71.97619047619047,98.0
0628.162,231.60000000000002,41.355555555555554,94.5,72.0,98.0
0628.194,215.85,69.8625,93.5,72.0,98.0
0628.240,195.45000000000002,105.65,93.0,72.0,98.0
0628.273,182.58333333333334,108.0,92.5625,72.0,98.0
0628.299,175.6153846153846,102.55555555555557,92.0,72.0,98.0
0628.332,163.40000000000003,96.03333333333333,91.0,72.0,98.0
0628.366,136.45833333333331,88.35000000000001,91.0,72.0,98.0
0628.399,86.775,76.625,91.0,72.0,98.0
0628.432,37.98888888888889,59.730769230769226,92.0,72.0,98.0
0628.464,-6.7125,37.36923076923077,93.0,72.0,98.0
0628.496,-40.5,16.133333333333333,93.0,72.0,98.0
0628.529,-82.0,-3.1,94.0,72.0,98.0
0628.560,-131.03846153846155,-19.75,95.75,72.0,98.0
0628.599,-204.2846153846154,-39.2,104.4375,72.0,98.0
0628.631,-270.61538461538464,-56.0,109.625,72.0,98.0
0628.663,-337.27500000000003,-71.625,112.0,72.0,98.0
0628.699,-395.55,-84.81666666666666,109.9375,72.0,98.0
0628.733,-447.5916666666667,-96.60000000000001,106.8125,72.0,98.0
0628.766,-505.96153846153845,-105.46153846153847,104.75,72.0,98.0
0628.799,-580.7666666666667,-118.15384615384615,103.0,72.0,98.0
0628.834,-647.65,-127.65,103.0,72.0,98.0
0628.867,-707.7166666666667,-136.15000000000003,103.5625,72.0,98.0
0628.898,-754.3153846153847,-139.4,104.0,72.0,98.0
0628.930,-796.3333333333333,-140.9,103.5,72.0,98.0
0628.962,-825.9375,-140.91666666666666,102.0,72.0,98.0
0628.994,-843.875,-139.28333333333333,100.0,72.0,98.0
0629.034,-847.325,-137.15,99.0,72.0,98.0
0629.066,-838.7,-133.73333333333335,98.0,72.0,98.0
0629.097,-821.6583333333333,-130.125,97.0,72.0,98.0
0629.130,-807.7,-129.40833333333333,97.0,72.0,98.0
0629.162,-792.1307692307693,-124.71666666666667,98.0,71.99999999999999,98.0
0629.195,-773.5,-122.10000000000001,97.9375,72.0,98.0
0629.229,-748.0307692307692,-115.04615384615386,96.875,72.0,98.0
0629.263,-716.1153846153846,-109.9,96.0,72.0,98.0
0629.295,-684.0333333333333,-103.60000000000001,96.0,72.0,98.0
0629.327,-655.725,-102.31666666666668,97.53333333333333,72.0,98.0
0629.372,-626.2666666666667,-96.85833333333333,104.375,72.0,98.0
0629.396,-615.8000000000001,-95.13333333333334,110.25,72.0,98.0
0629.428,-602.3666666666667,-90.73333333333333,112.0,72.0,98.0
0629.461,-590.4,-86.57692307692308,110.3125,72.0,98.0
0629.494,-578.1,-83.67692307692307,106.25,72.04166666666667,98.0
0629.526,-565.1625,-81.60833333333333,104.26666666666668,72.08928571428571,98.0
0629.567,-544.5083333333332,-78.35,101.6875,72.15029761904762,98.0
0629.600,-531.4777777777778,-76.23076923076923,101.0,72.19940476190476,98.00000000000001
0629.632,-520.4375,-75.2,101.0,72.24702380952381,98.0
0629.663,-509.9166666666667,-74.125,101.0,72.29315476190476,98.00000000000001
0629.696,-504.1461538461539,-71.95,100.0,72.3422619047619,98.0
0629.729,-496.0,-68.25,98.5625,72.39136904761904,98.0
0629.762,-490.1,-66.1923076923077,97.5,72.44047619047618,98.0
0629.794,-478.5416666666667,-64.55000000000001,96.5,72.48809523809524,98.0
0629.840,-464.1,-62.6,96.375,72.55654761904762,98.0
0629.873,-457.2,-60.45,96.0,72.60565476190476,98.0
0629.899,-455.1923076923077,-58.46923076923077,96.0,72.64434523809524,98.0
0629.931,-450.1166666666667,-56.9,96.0,72.69196428571428,98.0
0629.962,-439.45,-57.06666666666666,96.0,72.73809523809524,98.0
0629.995,-414.76153846153846,-53.766666666666666,95.0,72.78720238095238,98.0
0630.027,-379.075,-49.392307692307696,95.0,72.83482142857143,98.0
0630.060,-336.3666666666667,-44.8375,96.125,72.88392857142858,98.0
0630.106,-289.7,-38.83333333333333,102.0,72.95238095238095,98.0
0630.132,-269.0875,-37.86666666666667,109.875,72.99107142857143,98.0
0630.163,-253.24444444444447,-35.46923076923077,113.5625,73.07440476190476,98.00000000000001
0630.196,-249.05,-31.64615384615385,112.375,73.17261904761904,98.0
0630.228,-248.625,-30.075,109.75,73.26785714285714,98.0
0630.260,-245.10000000000002,-27.8,107.375,73.36309523809523,98.0
0630.306,-237.1625,-25.4625,103.5,73.5,98.0
0630.339,-218.1230769230769,-21.916666666666668,102.4375,73.59821428571428,98.0
0630.360,-202.66923076923075,-19.133333333333333,101.0,73.66071428571428,98.0
0630.395,-167.0,-15.950000000000001,100.0,73.76488095238096,98.0
0630.427,-140.25833333333333,-12.925,99.9375,73.86011904761905,98.0
0630.471,-106.34615384615385,-8.666666666666668,97.1875,73.99107142857143,98.0
0630.497,-98.35000000000001,-6.538461538461538,96.5625,74.0,98.0
0630.529,-89.9625,-4.7749999999999995,94.5625,74.0,98.00000000000001
0630.561,-84.9,-4.0,94.0,74.0,98.0
0630.593,-79.525,-3.6307692307692307,93.4375,74.0,98.0
0630.632,-74.88333333333333,-2.144444444444445,94.0,74.0,98.0
0630.665,-68.58333333333333,-2.5000000000000004,94.0,74.0,98.0
0630.698,-60.900000000000006,-2.1833333333333336,94.0,74.0,98.0
0630.731,-38.199999999999996,-3.316666666666667,94.0,74.0,98.0
0630.765,-0.6,-1.425,93.0,74.0,98.0
0630.799,37.662499999999994,0.9230769230769231,93.3125,74.0,98.0
0630.832,69.075,5.991666666666667,96.75,74.06567164179104,98.0
0630.865,80.30833333333332,10.45,102.3125,74.16417910447761,98.0
0630.899,85.06923076923077,16.0,108.6875,74.26567164179104,98.0
0630.932,84.75,18.123076923076923,112.0,74.36417910447761,98.0
0630.963,92.50833333333333,20.43846153846154,110.4375,74.45671641791044,98.0
0630.994,102.47777777777779,21.275,107.5,74.54925373134328,98.0
0631.025,117.83333333333334,21.96923076923077,105.5625,74.64179104477611,98.0
0631.065,130.4769230769231,21.31111111111111,103.0625,74.76119402985074,98.0
0631.097,138.33333333333334,21.26666666666667,101.0,74.85671641791045,98.0
0631.129,139.975,21.749999999999996,99.0625,74.95223880597014,98.0
0631.162,138.53076923076924,24.200000000000003,99.0,75.0,98.0
0631.195,149.6,24.353846153846156,99.0,75.0,98.0
0631.228,156.7,21.746153846153845,97.8125,75.0,98.0
0631.260,161.04166666666666,20.05,96.8125,75.0,98.0
0631.300,160.35000000000002,18.71666666666667,95.0,75.0,98.0
0631.332,159.75833333333333,20.549999999999997,94.0,75.0,98.0
0631.366,157.73076923076923,21.875,94.0,75.0,98.0
0631.399,152.425,20.2,94.0,75.0,98.0
0631.433,143.03333333333333,22.0,94.0,75.0,98.0
0631.465,142.59166666666667,21.437499999999996,94.0,75.0,98.0
0631.497,148.44615384615383,25.3,94.0,75.09253731343284,98.0
0631.530,171.3416666666667,28.823076923076925,93.0,75.19104477611941,98.0
0631.560,211.60000000000002,33.1,93.0,75.28059701492538,98.0
0631.593,240.83333333333334,50.43333333333334,94.0,75.37910447761193,98.0
0631.633,258.15555555555557,78.725,103.5,75.49850746268658,98.0
0631.666,238.8,99.23846153846154,109.125,75.59701492537313,98.0
0631.699,214.6,107.1,112.0,75.6955223880597,98.0
0631.733,196.49999999999997,99.43333333333334,110.25,75.79701492537313,98.0
0631.766,188.97500000000002,94.73333333333335,108.1875,75.89552238805969,98.0
0631.798,185.76923076923075,90.3,105.1875,75.99104477611941,98.0
0631.832,187.06666666666666,88.03846153846153,103.0625,76.0,98.0
0631.864,184.72500000000002,85.575,101.0625,76.0,98.0
0631.897,179.475,84.05,100.0,76.0,98.0
0631.930,171.9076923076923,83.425,99.9375,76.0,98.0
0631.963,167.96666666666667,84.2,98.0,76.0,98.0
0631.997,165.74166666666665,84.90833333333335,96.75,76.0,98.0
0632.031,158.9,83.8,95.0,76.0,98.0
0632.063,160.64444444444447,82.70833333333334,95.0,76.0,98.0
0632.095,160.1875,84.22307692307692,95.0,76.0,98.0
0632.139,169.2,82.69166666666665,95.0,76.0,98.0
0632.173,166.60833333333335,83.73333333333333,95.0,76.0,98.0
0632.207,161.5,81.4,95.0,76.0,98.0
0632.239,153.56153846153848,83.1,95.0,76.0,98.0
0632.264,152.5,81.63076923076923,94.0625,76.0,98.0
0632.295,168.28333333333336,80.82307692307693,93.125,76.0,98.0
0632.327,201.95,83.04166666666666,93.0,76.0,98.0
0632.371,259.1,89.9,94.625,76.0,98.0
0632.398,273.0538461538461,93.85,96.88235294117646,76.0,98.0
0632.430,271.6,97.95555555555555,105.9375,76.0,98.0
0632.463,254.63333333333335,97.85,110.375,76.0,98.0
0632.495,240.425,96.775,111.625,76.0,98.0
0632.526,246.6,94.79166666666667,108.6875,76.0,98.0
0632.565,249.8,94.06666666666666,106.25,76.0,98.00000000000001
0632.596,259.0,100.23333333333335,104.3125,76.0,98.0
0632.628,247.775,120.525,102.3125,76.0,98.0
0632.660,243.69166666666666,136.41666666666666,101.0,76.0,98.0
0632.701,231.89999999999998,147.3076923076923,101.0,76.0,98.0
0632.734,229.65,133.93333333333334,101.0,76.0,98.0
0632.767,223.9666666666667,123.13333333333334,100.0,76.0,98.0
0632.800,225.8125,116.88333333333333,99.0,76.0,98.0
0632.832,221.38750000000002,114.16666666666666,97.5625,76.0,98.0
0632.864,216.47500000000002,109.76666666666668,96.5625,76.0,98.0
0632.895,202.8666666666667,109.5,95.625,76.0,98.0
0632.927,183.15,106.19999999999999,95.0,76.0,98.0
0632.966,152.6153846153846,96.75,95.0,76.0,98.0
0632.997,113.36666666666667,83.7,95.0,76.0,98.0
0633.030,71.06666666666666,66.36666666666667,95.0,76.0,98.0
0633.064,13.725000000000001,50.025,94.0625,76.0,98.0
0633.096,-27.923076923076923,30.7,94.0,76.0,98.0
0633.128,-59.33333333333333,7.0,93.0625,76.0,98.0
0633.161,-87.63333333333334,-17.1,94.0,76.05,98.0
0633.194,-119.5,-44.166666666666664,96.125,76.153125,98.0
0633.227,-165.88888888888889,-68.53333333333333,104.375,76.25625,98.0
0633.261,-216.35000000000002,-88.5,110.25,76.3625,98.0
0633.306,-266.5,-105.49999999999999,110.875,76.503125,98.0
0633.331,-286.8666666666667,-110.16153846153846,108.375,76.58125,98.0
0633.363,-306.975,-112.525,106.375,76.68125,98.0
0633.395,-317.11538461538464,-115.43333333333334,103.375,76.78125,98.0
0633.427,-323.56666666666666,-116.8923076923077,101.375,76.88125,98.0
0633.467,-331.6,-115.35,99.875,77.0,98.0
0633.498,-337.3125,-111.7,99.0,77.0,98.0
0633.530,-352.4,-104.2,99.0,77.0,98.0
0633.562,-367.83076923076925,-96.86923076923077,98.0,77.0,98.0
0633.595,-377.9,-89.78461538461539,97.0,77.0,98.0
0633.627,-370.7166666666667,-85.1125,95.875,77.0,98.0
0633.672,-353.48333333333335,-76.72307692307693,95.0,77.0,98.0
0633.698,-341.1,-72.83333333333334,95.0,77.0,98.0
0633.731,-319.69230769230774,-65.9,95.0,77.0,98.0
0633.763,-304.5846153846154,-62.099999999999994,95.0,77.0,98.0
0633.795,-291.35,-60.13333333333334,94.375,77.0,98.0
0633.838,-265.0,-54.42307692307693,94.0,77.00000000000001,98.0
0633.864,-246.79999999999998,-48.6,94.0,77.0,98.0
0633.894,-217.4,-38.54615384615385,93.1875,77.0,98.00000000000001
0633.926,-184.83333333333331,-28.65,93.0,77.0,98.0
0633.966,-140.35000000000002,-18.65,94.3125,77.0,98.0
0633.998,-103.175,-14.266666666666666,97.9375,77.0,98.0
0634.030,-77.95555555555555,-10.3,106.9375,77.0,98.0
0634.063,-62.300000000000004,-6.933333333333334,111.0,77.0,98.0
0634.095,-50.63333333333334,-2.8923076923076927,110.625,77.0,98.0
0634.127,-37.849999999999994,-1.8499999999999999,106.625,77.0,98.0
0634.173,-24.866666666666667,1.666666666666667,103.75,77.0,98.0
0634.206,-18.833333333333336,4.666666666666667,100.6875,77.0,98.0
0634.240,-20.51538461538462,8.308333333333334,99.5625,77.0,98.0
0634.273,-20.35,13.86923076923077,99.0,77.0,98.0
0634.299,-21.499999999999996,15.425,99.0,77.0,98.0
0634.331,-19.144444444444442,19.2,98.8125,77.0,98.0
0634.363,-16.4,20.875,97.0,77.0,98.0
0634.395,-8.45,21.2625,96.0,77.0,98.0
0634.428,-7.175,22.10833333333333,95.80000000000001,77.0,98.0
0634.461,-0.16153846153846152,21.65833333333333,95.0,77.0,98.0
0634.493,2.138461538461539,20.333333333333336,95.0,77.0,98.0
0634.534,8.2875,20.7,95.0,77.0,98.0
0634.565,13.683333333333332,20.25,95.0,77.0,98.00000000000001
0634.598,16.138461538461538,22.275000000000002,95.0,77.0,98.0
0634.631,17.769230769230766,22.672727272727272,95.0,77.0,98.0
0634.664,29.4,24.523076923076925,94.0,77.0,98.0
0634.696,45.75,24.3,93.0,77.0,98.0
0634.728,77.38333333333333,27.074999999999996,93.0,77.0,98.0
0634.761,112.99230769230769,25.349999999999998,93.125,77.0,98.0
0634.801,144.4230769230769,28.066666666666666,98.125,77.0,98.0
0634.833,152.3083333333333,29.1,107.6875,76.92559523809524,98.00000000000001
0634.865,146.16666666666666,31.953846153846154,112.5625,76.83035714285714,98.0
0634.898,141.86666666666667,33.7,112.41176470588235,76.73214285714286,98.0
0634.931,136.33333333333337,32.2,108.66666666666667,76.63392857142857,98.0
0634.964,130.8,30.3,107.0,76.53571428571429,98.0
0634.996,126.0,29.46153846153846,105.0,76.44047619047619,98.0
0635.028,123.47500000000001,26.825000000000003,103.25,76.34523809523809,98.0
0635.061,120.69999999999999,23.083333333333332,102.0,76.24702380952381,98.0
0635.093,121.43076923076924,21.816666666666666,101.0,76.15178571428572,98.0
0635.139,136.26923076923077,21.1,102.0,76.01488095238096,98.0
0635.167,143.13333333333333,23.74615384615385,100.5625,76.0,98.0
0635.200,139.84166666666667,25.2,99.5,76.0,98.0
0635.234,112.5,22.15,97.375,76.0,98.0
0635.266,72.15384615384616,15.3125,96.375,76.0,98.0
0635.297,23.069230769230767,6.975,96.0,76.0,98.0
0635.329,-37.15,-3.6624999999999996,95.0,76.0,98.0
0635.362,-102.125,-16.0,95.0,76.0,98.0
0635.396,-167.43076923076924,-29.299999999999997,95.75,76.0,98.0
0635.429,-226.10833333333335,-47.35,95.1875,76.0,98.0
0635.460,-261.2625,-60.20769230769231,95.0,76.0,98.0
0635.493,-285.925,-72.00769230769231,95.0,76.0,97.99999999999999
0635.540,-300.8833333333333,-79.96923076923076,94.0,76.0,98.0
0635.567,-302.15000000000003,-82.175,94.4,76.0,98.0
0635.599,-297.63846153846157,-81.1,96.8,76.0,98.0
0635.632,-297.925,-76.07777777777778,106.5,76.0,98.0
0635.666,-302.98333333333335,-69.5142857142857,111.25,76.0,98.0
0635.700,-319.42499999999995,-61.824999999999996,112.25,76.0,98.0
0635.731,-330.36153846153843,-55.9,109.3125,76.0,98.0
0635.763,-340.95,-52.3,106.3125,76.0,98.0
0635.795,-335.4666666666667,-49.392307692307696,104.0,76.0,98.0
0635.828,-322.6333333333333,-44.833333333333336,102.25,75.99999999999999,98.0
0635.861,-295.5777777777778,-39.5,100.1875,76.0,98.0
0635.894,-265.4125,-32.0,100.0,76.0,98.0
0635.926,-244.35000000000002,-25.80769230769231,100.0,76.0,98.0
0635.966,-216.47500000000002,-21.158333333333335,98.625,76.0,98.0
0635.999,-197.9,-16.849999999999998,97.5625,76.0,98.0
0636.033,-176.72499999999997,-12.3,95.4375,76.0,98.0
0636.067,-167.39999999999998,-8.353846153846154,95.0,76.0,98.0
0636.100,-161.15,-4.916666666666667,94.0,76.0,98.0
0636.134,-152.0888888888889,-1.5416666666666667,94.875,76.0,98.0
0636.166,-141.53333333333336,1.0,95.0,76.0,98.0
0636.198,-126.65,5.8999999999999995,95.0,76.0,98.0
0636.229,-104.5,11.166666666666666,95.0,76.0,98.00000000000001
0636.262,-77.8,14.3,95.0,76.0,98.0
0636.296,-30.700000000000003,18.884615384615383,94.0,76.0,98.0
0636.328,22.916666666666664,25.725,94.0,76.0,98.0
0636.360,72.0,32.266666666666666,97.0,76.0,98.0
0636.401,121.23333333333333,38.7,103.6875,76.0,98.0
0636.435,135.7153846153846,39.5,110.6875,76.0,98.0
0636.467,144.5846153846154,40.53333333333333,111.3125,76.0,98.0
0636.500,148.8625,41.80769230769231,109.25,75.99999999999999,98.0
0636.532,151.05,42.36923076923077,106.25,76.0,98.0
0636.564,154.575,42.425000000000004,104.25,76.0,98.0
0636.595,161.63333333333333,41.3,101.3125,76.0,98.0
0636.627,169.975,41.83846153846154,100.3125,76.0,98.0
0636.672,175.58749999999998,43.0,100.0,76.0,98.0
0636.697,179.4625,41.675000000000004,100.0,76.0,98.0
0636.729,182.0769230769231,40.8,99.9375,76.0,98.0
0636.763,192.55,39.70833333333333,97.8125,76.0,98.0
0636.796,204.65,39.61538461538462,96.0,76.0,98.0
0636.828,208.80833333333334,39.68461538461539,95.0,76.0,98.00000000000001
0636.860,214.37692307692308,40.7,95.0,76.0,97.99999999999999
0636.901,216.7,40.16666666666667,95.0,76.0,98.0
0636.933,215.2,39.92307692307693,95.0,76.0,98.0
0636.964,201.76666666666665,37.87692307692308,95.0,76.0,98.0
0636.996,184.29999999999998,37.45,95.0,76.0,98.0
0637.029,173.03333333333333,34.65833333333333,94.0,76.0,98.0
0637.061,171.5,31.892307692307696,94.0,76.0,98.0
0637.093,179.55,31.1,94.0,76.0,98.0
0637.139,194.0,31.884615384615387,95.0,76.0,98.0
0637.167,200.6,34.1,101.5,76.0,98.0
0637.200,203.15555555555554,36.4,107.6,76.0,98.0
0637.231,201.3166666666667,38.77692307692308,112.5,76.0,98.0
0637.263,193.98333333333335,40.65,111.5,76.0,98.0
0637.297,190.60000000000002,60.849999999999994,108.375,76.0,98.0
0637.329,185.70833333333331,89.55,104.375,76.0,98.0
0637.360,174.45,110.11538461538461,103.0,76.0,98.0
0637.399,150.11538461538458,113.8,100.0,76.0,98.0
0637.432,110.29230769230769,89.49230769230769,100.0,76.0,98.0
0637.465,59.8,67.8875,100.0,76.0,98.0
0637.499,-7.1,43.5,100.0,76.0,98.0
0637.531,-65.5,25.099999999999998,99.8125,76.0,98.0
0637.563,-118.21538461538461,5.2250000000000005,98.0,76.0,98.0
0637.596,-160.125,-11.45,97.0,76.0,98.0
0637.629,-189.87500000000003,-24.941666666666663,97.0,76.0,98.0
0637.662,-220.0,-36.650000000000006,97.0,76.0,98.0
0637.695,-253.83846153846153,-44.84166666666667,97.0,76.0,98.0
0637.729,-289.95000000000005,-51.38461538461539,97.0,76.0,98.0
0637.763,-316.59999999999997,-55.300000000000004,97.0,76.0,98.0
0637.795,-324.26666666666665,-58.125,97.0,76.0,98.0
0637.826,-320.4,-58.33333333333333,96.375,76.0,98.0
0637.867,-306.8333333333333,-53.7,96.0,76.0,98.0
0637.899,-296.05833333333334,-47.30769230769231,96.0,76.0,98.0
0637.932,-279.1166666666667,-38.4,97.5,76.0,98.0
0637.963,-255.19166666666666,-32.19166666666666,104.5625,76.0,98.0
0637.996,-222.56923076923078,-23.01538461538462,110.25,76.0,98.0
0638.028,-195.61666666666665,-16.823076923076922,111.75,76.0,98.0
0638.060,-174.43333333333334,-9.366666666666667,109.46666666666667,76.0,98.0
0638.101,-148.4,-1.25,106.1764705882353,76.0,98.0
0638.133,-134.33846153846153,1.675,104.0,76.0,98.0
0638.165,-120.7,3.3833333333333333,102.125,76.0,98.0
0638.197,-102.475,8.623076923076923,100.0,76.0,98.0
0638.229,-81.8625,15.083333333333334,100.0,76.0,98.0
0638.262,-54.099999999999994,25.35833333333333,100.0,76.0,98.0
0638.294,-34.56666666666666,36.9,99.0,76.0,98.0
0638.326,-14.5,45.4,98.0,76.0,98.0
0638.371,11.100000000000001,52.4923076923077,96.0,76.0,98.0
0638.397,20.338461538461537,53.45,95.625,76.0,98.0
0638.429,29.715384615384615,53.9,95.0,76.0,98.0
0638.463,41.9,54.9375,95.0,76.0,98.0
0638.496,38.56666666666666,54.82222222222222,94.0,76.0,98.00000000000001
0638.529,38.284615384615385,53.275000000000006,94.625,76.0,98.0
0638.562,38.730769230769226,52.68333333333334,95.0,76.0,98.0
0638.595,58.55,51.18333333333334,94.25,76.0,98.0
0638.627,96.25,51.63076923076923,94.0,76.0,98.0
0638.660,130.55,51.85,93.8125,76.0,98.0
0638.694,162.98888888888888,54.238461538461536,96.875,76.0,98.0
0638.728,181.6153846153846,55.900000000000006,103.1875,76.0,98.0
0638.760,189.1,58.61538461538461,111.0625,76.0,98.0
0638.801,190.2,56.6,112.375,76.0,98.0
0638.839,181.025,54.758333333333326,109.0,76.0,98.0
0638.872,176.27499999999998,52.46666666666666,106.0,76.0,98.0
0638.897,171.475,51.266666666666666,105.375,76.0,98.0
0638.930,165.28333333333333,50.025,102.3125,76.0,98.0
0638.963,162.33333333333334,49.1,100.25,76.0,98.0
0638.996,159.43076923076922,49.900000000000006,100.0,76.0,98.0
0639.028,159.93846153846152,50.61538461538461,99.1875,76.0,98.0
0639.059,157.3,50.83846153846154,99.0,76.0,98.0
0639.099,152.375,50.858333333333334,97.0,76.0,98.0
0639.130,144.43076923076922,49.475,96.0,76.0,98.0
0639.163,141.1,48.875,95.0,76.0,98.0
0639.196,138.75,50.00769230769231,95.0,76.0,98.0
0639.228,156.36249999999998,99.5,95.0,76.0,98.0
0639.261,167.76666666666665,166.625,95.0,76.0,98.0
0639.294,177.53333333333333,229.725,95.0,76.0,98.0
0639.327,172.50000000000003,271.5923076923077,94.5,76.0,98.0
0639.360,175.97499999999997,251.0,94.0,76.0,98.0
0639.406,216.13333333333335,230.5625,93.0,76.0,98.0
0639.433,236.2076923076923,220.0375,94.0,76.0,98.0
0639.467,255.84615384615387,208.15,97.75,76.0059612518629,98.0
0639.500,255.325,199.61666666666667,104.9375,76.05514157973175,98.00000000000001
0639.533,249.26666666666668,191.79230769230767,110.75,76.10432190760059,98.00000000000001
0639.565,245.51538461538462,185.37499999999997,112.625,76.15201192250373,98.0
0639.597,239.13333333333335,179.01250000000002,110.625,76.19970193740686,98.0
0639.630,240.16666666666666,170.11666666666667,106.5625,76.24888226527571,98.0
0639.663,240.65000000000003,161.13076923076923,104.5,76.29806259314455,98.0
0639.697,231.9375,152.45,101.75,76.34873323397913,98.0
0639.730,211.8777777777778,146.5,99.3125,76.39791356184799,98.0
0639.764,180.1615384615385,135.56666666666666,99.0,76.44858420268255,98.0
0639.797,147.18333333333334,123.06923076923077,99.0,76.49776453055142,98.0
0639.830,99.32499999999999,99.06153846153846,99.0,76.54694485842026,98.0
0639.863,51.65384615384615,66.08333333333333,98.0,76.59612518628911,98.0
0639.894,-23.0,33.05,96.53125,76.64232488822653,98.0
0639.927,-83.16666666666667,-10.146153846153847,95.0,76.69150521609538,98.0
0639.973,-205.79999999999998,-71.0,95.0,76.76005961251863,98.0
0640.007,-283.3666666666667,-117.95555555555556,95.0,76.8107302533532,98.0
0640.025,-319.96923076923076,-138.04999999999998,95.125,76.83755588673621,98.0
0640.065,-393.9,-174.55,96.0,76.89716840536512,98.0
0640.096,-442.59166666666664,-196.83846153846156,96.6,76.94336810730253,98.0
0640.127,-487.5083333333333,-215.5,97.0,76.98956780923994,98.0
0640.171,-549.8333333333333,-233.06666666666666,96.0,77.0,98.0
0640.196,-580.3785714285715,-238.85,96.0,77.0,98.0
0640.227,-616.4384615384616,-240.91538461538465,96.8125,77.0,98.0
0640.259,-639.5375,-241.525,100.5,77.0,98.0
0640.301,-664.7,-237.3,109.75,77.0,98.0
0640.332,-673.9333333333333,-232.29999999999998,112.0,77.0,98.0
0640.363,-677.5375,-223.89999999999998,109.75,77.0,98.0
0640.395,-657.0,-215.86923076923074,107.52941176470587,77.0,98.0
0640.427,-641.0923076923077,-204.22500000000002,104.75,77.0,98.0
0640.460,-625.5,-192.79999999999998,101.6875,77.0,98.0
0640.501,-609.9333333333334,-178.46666666666667,99.125,77.0,98.0
0640.531,-583.85,-168.46923076923076,99.0,77.0,98.0
0640.564,-549.6,-157.525,99.8125,77.0,98.0
0640.596,-508.223076923077,-148.4,100.0,77.0,98.0
0640.628,-480.65384615384613,-139.64166666666665,98.1875,77.0,98.0
0640.661,-454.1,-135.31111111111113,97.0,77.0,98.0
0640.693,-431.275,-130.9125,96.0,77.0,98.0
0640.726,-400.0666666666667,-125.3,95.0,77.0,98.0
0640.771,-335.20000000000005,-112.30000000000001,95.0,77.0,98.0
0640.796,-293.9846153846154,-103.6,95.0,77.0,98.0
0640.829,-241.39999999999998,-90.9,95.0,77.0,98.0
0640.862,-207.4625,-79.32307692307694,94.5,77.0,98.0
0640.895,-160.8375,-69.65,94.0,77.0,98.0
0640.928,-120.56666666666666,-61.675,94.0,77.0,98.0
0640.961,-81.19999999999999,-56.400000000000006,94.0,77.0,98.0
0640.993,-56.74166666666666,-50.83846153846154,95.6875,77.0,98.0
0641.039,-40.425,-44.03076923076923,106.6875,77.0,98.0
0641.072,-35.325,-39.46666666666667,110.625,77.0,98.0
0641.107,-26.5,-36.7,110.1875,77.0,98.0
0641.124,-23.76923076923077,-36.18888888888889,109.125,77.0,98.0
0641.163,-23.083333333333332,-33.59230769230769,105.75,77.0,98.0
0641.196,-23.53076923076923,-32.96153846153847,104.0,77.0,98.0
0641.228,-31.0,-29.275000000000002,102.6875,77.0,98.0
0641.262,-38.699999999999996,-26.93076923076923,100.0,77.0,98.0
0641.295,-45.291666666666664,-24.208333333333332,99.0,77.0,98.0
0641.329,-41.2,-23.0,99.0,77.0,98.0
0641.363,-30.73076923076923,-21.966666666666665,99.0,77.0,98.0
0641.396,-23.066666666666666,-20.258333333333333,99.0,77.0,98.0
0641.428,-25.43333333333333,-15.86923076923077,97.1875,77.0,98.0
0641.460,-28.5,-13.1,96.23529411764706,77.0,98.0
0641.500,-31.7625,-9.291666666666666,96.0,77.0,98.0
0641.531,-28.733333333333334,-5.775,95.0,77.00000000000001,98.0
0641.563,-22.85,-0.6666666666666667,94.0,77.0,98.0
0641.596,-9.758333333333333,4.36923076923077,94.0,77.0,98.0
0641.630,6.183333333333334,6.5,93.0,77.0,98.0
0641.664,28.646153846153847,7.791666666666666,93.5625,77.0,98.0
0641.696,55.825,6.7,94.0,77.0,98.0
0641.729,81.15,6.866666666666667,94.0,77.0,98.0
0641.763,113.50000000000001,9.95,96.5,77.0,98.0
0641.795,144.2,15.7625,101.25,77.0,98.0
0641.826,166.8846153846154,19.85,110.0625,77.0,98.0
0641.873,183.8230769230769,23.725,111.375,77.0,98.0
0641.907,184.80833333333334,21.633333333333333,107.5,77.0,98.0
0641.940,182.59999999999997,22.2,106.0,77.0,98.0
0641.972,176.9666666666667,22.06666666666667,103.1875,77.0,98.0
0642.000,166.5,24.253846153846155,101.4375,77.0,98.0
0642.033,150.1,25.1,99.375,77.0,98.0
0642.064,148.85000000000002,24.616666666666667,98.4375,77.0,98.0
0642.095,161.88888888888889,25.366666666666667,98.0,77.0,98.0
0642.128,175.03846153846155,26.53333333333333,98.0,77.0,98.0
0642.161,191.875,65.55,97.0,77.0,98.0
0642.194,202.83333333333331,107.5125,96.0,77.0,98.00000000000001
0642.227,213.05833333333334,137.91538461538462,95.0,77.0,98.00000000000001
0642.259,218.94615384615383,144.63333333333333,94.0,77.0,98.0
0642.301,221.83333333333334,128.52499999999998,95.0,77.0,98.0
0642.332,216.59166666666664,121.7,95.0,77.0,98.0
0642.364,210.33846153846156,115.5076923076923,95.0,77.0,98.0
0642.396,199.4,110.8,95.0,77.0,98.0
0642.428,198.83333333333331,103.38333333333333,94.625,77.0,98.0
0642.461,232.8375,97.53333333333333,93.5625,77.0,98.0
0642.502,291.7,105.8,93.0,77.0,98.0
0642.533,367.96250000000003,156.23333333333335,95.875,77.0,98.0
0642.566,433.8125,206.26153846153846,100.0,77.0,98.0
0642.597,482.44999999999993,250.575,105.8125,77.0,98.0
0642.628,488.4,258.4083333333333,110.0,77.0,98.0
0642.672,460.8,257.6,108.375,77.0,98.0
0642.699,446.025,254.63333333333333,105.6875,77.0,98.0
0642.731,436.425,249.25,104.0,77.0,98.0
0642.764,439.53076923076924,240.12500000000003,101.625,77.0,98.0
0642.797,436.44999999999993,230.22500000000002,100.0,77.0,98.0
0642.829,430.86666666666673,221.97692307692307,99.4375,77.0,98.0
0642.862,427.2307692307692,212.28333333333333,100.0,77.0,98.0
0642.895,426.0230769230769,204.75833333333333,100.0,77.0,98.00000000000001
0642.927,423.9416666666666,194.16153846153847,99.0,77.0,98.0
0642.973,413.96666666666664,185.85,97.0,77.0,98.0
0643.006,404.4666666666667,183.03076923076924,95.5,77.0,98.0
0643.040,391.29230769230765,181.325,95.0,77.0,98.0
0643.072,376.6833333333334,177.85,95.0,77.0,98.0
0643.100,363.475,174.3,95.0,77.0,98.0
0643.131,353.40000000000003,167.89999999999998,94.99999999999999,77.0,98.0
0643.163,343.5615384615385,164.47500000000002,95.0,77.0,98.00000000000001
0643.194,333.30000000000007,163.5,95.0,77.0,98.0
0643.241,324.8666666666667,162.4,94.8125,77.0,98.0
0643.258,325.2,166.0,94.0,77.0,98.0
0643.298,333.5769230769231,230.48333333333335,94.75,77.0,98.0
0643.330,343.5333333333333,296.0,99.25,77.0,98.0
0643.361,340.80833333333334,354.13076923076926,105.0625,77.0,98.0
0643.400,322.95,367.54615384615386,112.0,77.0,98.0
0643.431,299.4846153846154,353.3,110.9375,77.0,98.0
0643.463,280.82307692307694,338.1333333333333,108.9375,77.0,98.0
0643.496,253.27500000000003,322.75,105.875,77.0,98.0
0643.527,206.0875,306.125,103.9375,77.0,97.99999999999999
0643.568,79.95,254.17692307692306,101.0,77.0,97.99999999999999
0643.601,-38.7,199.075,100.0,77.0,98.0
0643.635,-156.47692307692307,112.9,100.0,77.0,98.0
0643.673,-260.53333333333336,-6.675000000000001,100.0,77.0,98.0
0643.691,-305.95,-63.62499999999999,100.0,77.0,97.99999999999999
0643.734,-422.33750000000003,-186.3625,98.0,77.0,98.0
0643.773,-516.2307692307693,-271.925,97.5625,77.0,98.0
0643.806,-591.0333333333333,-314.6666666666667,96.5,77.0,98.0
0643.832,-642.5333333333333,-334.74615384615385,96.0,77.0,98.0
0643.864,-700.9,-341.2,96.0,77.0,98.0
0643.895,-743.55,-333.45,96.0,77.0,98.0
0643.928,-769.3666666666666,-320.06666666666666,97.0,77.0,98.0
0643.960,-779.9,-307.0,96.875,77.0,98.0
0644.001,-715.4,-291.4769230769231,96.0,77.0,98.0
0644.035,-647.4307692307693,-279.0625,96.0,77.0,98.0
0644.073,-562.4,-261.8,96.0,77.0,98.0
0644.097,-534.5666666666667,-250.40769230769232,96.6875,77.0,98.0
0644.129,-508.475,-236.45,103.0625,77.0,98.0
0644.162,-487.46923076923076,-224.475,108.5,77.0,98.0
0644.196,-468.71111111111105,-212.6,111.875,77.0,98.0
0644.227,-448.6583333333333,-202.73846153846154,109.1875,77.0,98.00000000000001
0644.260,-427.69166666666666,-190.96666666666664,106.25,77.0,98.0
0644.302,-399.3,-175.26923076923077,103.0,77.0,98.0
0644.334,-385.4846153846154,-164.8,101.5,77.0,98.0
0644.367,-361.9333333333333,-154.73333333333335,99.0,77.0,98.0
0644.401,-338.175,-145.91538461538462,98.3125,77.0,98.0
0644.433,-316.0333333333333,-138.6,98.0,77.0,98.0
0644.465,-293.4230769230769,-132.1875,98.0,77.0,98.0
0644.497,-279.26666666666665,-125.3,97.0,77.0,98.0
0644.529,-268.35,-118.4125,96.0,77.0,97.99999999999999
0644.560,-259.4666666666667,-112.0,95.0,77.0,98.0
0644.599,-250.5,-107.13333333333334,95.0,77.0,98.0
0644.630,-240.53846153846155,-103.1,95.0,77.0,98.0
0644.661,-234.68333333333334,-100.18333333333334,95.0,77.0,98.0
0644.693,-233.3,-94.225,95.0,77.0,98.0
0644.735,-232.125,-88.21538461538461,94.0,77.0,98.0
0644.768,-226.49999999999997,-85.25833333333333,94.0,77.0,98.0
0644.802,-205.8,-82.5,93.25,77.0,98.0
0644.840,-161.96666666666667,-78.10833333333333,93.125,77.0,98.00000000000001
0644.873,-114.775,-74.05,94.375,77.0,98.00000000000001
0644.907,-78.43749999999999,-70.25384615384615,98.9375,77.0,97.99999999999999
0644.924,-66.63846153846154,-69.05833333333334,105.125,77.0,98.0
0644.965,-38.6,-64.58749999999999,109.9375,77.0,98.0
0644.998,-22.6,-59.6375,110.0,77.0,98.0
0645.031,3.9,-51.6,106.9375,77.0,98.0
0645.064,28.5,-47.53333333333333,104.875,77.0,98.0
0645.096,51.137499999999996,-42.52307692307693,101.875,77.0,98.0
0645.129,65.11538461538461,-39.983333333333334,100.0,77.0,98.0
0645.162,67.0,-38.483333333333334,99.0,77.0,98.0
0645.196,66.8,-38.11538461538461,99.0,77.0,98.0
0645.228,56.8,-38.49230769230769,98.0,77.0,98.0
0645.260,38.166666666666664,-38.05833333333334,97.625,77.0,98.0
0645.300,5.084615384615383,-39.550000000000004,96.125,77.0,98.0
0645.332,-31.049999999999997,-41.90833333333333,95.125,77.0,98.0
0645.365,-67.35,-46.725,95.0,77.0,98.0
0645.398,-110.04999999999998,-54.0,95.0,77.0,98.0
0645.431,-151.6384615384615,-60.75000000000001,95.0,77.0,98.0
0645.463,-200.61666666666667,-71.77499999999999,95.0,77.0,98.0
0645.496,-243.13333333333335,-85.54615384615384,95.0,77.0,98.0
0645.529,-275.31666666666666,-104.06666666666666,95.0,77.0,98.0
0645.562,-293.90000000000003,-117.20000000000002,95.0,77.0,98.0
0645.593,-310.375,-126.33333333333333,95.0,77.0,98.0
0645.634,-332.27500000000003,-126.06923076923078,95.0,77.0,98.0
0645.672,-359.45,-126.65384615384616,101.5625,77.0,98.0
0645.699,-377.95,-124.76666666666668,106.625,77.0,98.0
0645.729,-411.1,-123.95,111.0,77.0,98.0
0645.761,-450.675,-131.4,110.25,77.0,98.0
0645.806,-513.0333333333333,-143.2,104.875,77.0,98.0
0645.839,-553.8416666666666,-153.1,103.0,77.0,98.0
0645.872,-599.9166666666666,-154.45384615384617,101.35294117647058,77.0,98.0
0645.896,-629.825,-155.3,99.0,77.0,98.0
0645.927,-660.0125,-157.6076923076923,99.0,77.0,98.0
0645.959,-681.4166666666666,-158.48333333333332,99.0,77.0,98.0
0646.007,-702.8125,-158.43076923076922,99.0,77.0,98.0
0646.025,-712.4076923076923,-156.58333333333337,98.75,77.0,98.0
0646.067,-732.2,-154.51666666666665,97.0,77.0,98.0
0646.100,-743.6,-153.36153846153846,96.0,77.0,98.0
0646.133,-752.1,-150.6846153846154,96.0,77.0,98.0
0646.164,-755.1153846153845,-148.75,96.0,77.0,98.0
0646.195,-755.3249999999999,-144.93333333333334,96.0,77.0,98.0
0646.228,-750.8,-141.16923076923078,96.9375,77.0,98.0
0646.261,-728.9,-138.46923076923076,97.0,77.0,98.0
0646.294,-685.4666666666666,-132.92499999999998,96.9375,77.0,98.0
0646.327,-624.75,-126.0125,96.0,77.0,98.0
0646.359,-559.4692307692309,-118.7,96.0,77.0,98.0
0646.406,-464.775,-108.67500000000001,98.125,77.0,98.0
0646.439,-404.9125,-102.36666666666667,105.375,77.0,98.0
0646.473,-336.5,-95.25,110.0,77.00000000000001,98.00000000000001
0646.499,-292.325,-90.475,110.0,77.0,98.0
0646.532,-227.09999999999997,-84.58461538461538,107.125,77.0,98.0
0646.565,-166.09999999999997,-79.73333333333333,105.0,77.0,98.0
0646.596,-104.4,-76.3,103.0625,77.0,98.0
0646.628,-55.4,-72.68333333333332,101.0,77.0,98.0
0646.660,-19.208333333333332,-67.83846153846153,99.0625,77.0,98.0
0646.693,7.353846153846154,-61.625,99.0,77.0,98.0
0646.735,21.933333333333334,-54.54615384615384,99.375,77.0,98.0
0646.767,32.88461538461539,-50.35000000000001,98.375,77.0,98.0
0646.799,45.141666666666666,-45.85000000000001,97.375,77.0,98.0
0646.832,62.016666666666666,-40.030769230769224,96.3125,77.0,98.0
0646.864,79.3,-36.35384615384615,95.0,77.0,97.99999999999999
0646.897,97.63333333333333,-31.583333333333336,95.0,77.0,98.0
0646.929,106.725,-28.075,95.0,77.0,98.0
0646.962,107.53333333333333,-22.01666666666667,96.0,77.0,98.0
0646.994,104.35384615384615,-17.974999999999998,96.0,77.0,98.0
0647.026,107.45833333333334,-14.133333333333333,95.0,77.0,98.0
0647.065,125.15833333333333,-11.350000000000001,95.0,77.0,98.0
0647.096,150.13333333333333,-10.0,95.0,77.0,98.0
0647.128,177.60000000000002,-6.7,95.1875,77.0,98.0
0647.160,198.06923076923076,-5.133333333333334,100.5625,77.0,97.99999999999999
0647.200,206.625,-1.7,108.0625,77.0,98.00000000000001
0647.234,198.2,1.9916666666666667,111.8125,77.0,98.0
0647.273,163.7,14.116666666666665,109.5,77.0,98.0
0647.306,132.8,31.03846153846154,106.66666666666666,77.0,98.0
0647.340,111.42307692307692,46.725,103.5625,77.0,98.0
0647.373,121.0,59.025,101.4375,77.0,98.0
0647.398,140.1,59.93333333333334,98.99999999999999,77.0,98.0
0647.429,160.84444444444443,81.41818181818181,98.0,77.0,98.0
0647.460,164.05,108.2,98.0,77.0,98.0
0647.500,166.46666666666667,139.15833333333333,98.0,77.0,98.0
0647.534,167.6,145.86923076923077,97.0,77.0,98.0
0647.566,177.8,142.15384615384613,97.0,77.0,98.0
0647.600,186.98333333333335,136.14999999999998,97.0,77.0,98.0
0647.634,187.0,132.01666666666668,97.0,77.0,98.0
0647.667,189.35384615384612,126.86666666666667,95.0625,77.0,98.0
0647.699,184.6076923076923,122.1875,95.0,77.0,98.0
0647.731,185.03076923076924,118.3,94.0,77.0,98.0
0647.764,190.08333333333331,114.06666666666666,94.0,77.0,98.0
0647.798,215.76666666666665,129.23333333333335,94.0,77.00297619047619,98.0
0647.831,248.41666666666669,151.16666666666666,94.0,77.10119047619047,98.00000000000001
0647.864,279.375,170.45,94.0,77.19940476190476,98.00000000000001
0647.896,288.45000000000005,179.9,95.375,77.29464285714285,98.0
0647.929,279.7666666666667,165.88333333333333,100.75,77.39285714285715,98.0
0647.962,258.4,152.1,109.625,77.49107142857142,98.0
0647.996,229.7,136.45833333333334,112.0,77.5922619047619,98.0
0648.030,182.04999999999998,116.76666666666668,110.4375,77.69345238095238,98.0
0648.063,137.4125,94.1923076923077,106.75,77.79166666666667,98.0
0648.095,94.5,71.03333333333333,105.0,77.88690476190476,98.0
0648.129,55.60000000000001,47.8,102.25,77.98809523809523,98.0
0648.162,21.099999999999998,23.9,100.1875,78.0,98.0
0648.196,-13.375,-5.077777777777779,99.0,78.0,98.0
0648.227,-51.05833333333333,-33.0625,99.0,78.0,98.0
0648.272,-110.50833333333333,-65.35,98.3125,78.0,98.0
0648.306,-173.86666666666667,-85.10000000000001,97.1875,78.0,98.0
0648.338,-228.06666666666666,-98.525,97.0,78.0,98.0
0648.368,-284.5833333333333,-111.9230769230769,96.0,78.0,98.0
0648.402,-335.8,-124.45454545454547,96.0,78.0,98.0
0648.434,-385.4,-133.2,96.0,78.0,98.0
0648.467,-437.4111111111111,-137.45,96.0,78.0,98.0
0648.499,-479.8333333333333,-136.66666666666669,96.0,78.0,98.0
0648.531,-504.04999999999995,-129.66153846153847,95.0625,78.0,98.0
0648.563,-503.80000000000007,-119.675,95.0,78.0,98.0
0648.594,-481.25,-108.6125,95.0,78.0,98.0
0648.634,-440.325,-94.27499999999999,95.375,78.0,98.0
0648.667,-390.89166666666665,-85.3,97.875,78.0,98.0
0648.698,-344.46923076923076,-78.85,105.125,78.0,98.0
0648.730,-302.725,-74.6,110.375,78.0,98.0
0648.763,-270.2,-72.3,111.0,78.0,98.0
0648.797,-235.28333333333333,-67.42307692307692,108.4375,78.0,98.0
0648.829,-197.75384615384615,-62.86666666666667,106.4375,78.0,98.00000000000001
0648.861,-159.5,-60.1,104.4375,78.0,98.0
0648.901,-134.46153846153845,-55.84166666666667,102.0,78.0,98.0
0648.932,-131.85,-52.02499999999999,100.0,78.0,98.0
0648.965,-136.55,-46.53076923076923,99.0,78.0,98.0
0648.997,-137.16923076923078,-41.05,99.0,78.0,98.0
0649.029,-133.275,-38.06666666666667,99.0,78.0,98.0
0649.060,-125.35,-35.723076923076924,99.0,78.0,98.0
0649.101,-108.4,-30.522222222222222,96.4375,78.0,98.0
0649.132,-99.64615384615385,-25.625,95.5,78.0,98.0
0649.163,-91.2,-21.116666666666667,95.0,78.0,98.0
0649.196,-89.1,-19.125,95.0,78.0,98.0
0649.228,-87.03333333333333,-17.4,95.0,78.0,98.0
0649.260,-78.27692307692307,-17.56153846153846,96.0,78.0,98.0
0649.300,-64.1923076923077,-14.899999999999999,96.0,78.0,98.0
0649.330,-35.074999999999996,-13.350000000000001,96.0,78.0,98.0
0649.362,-3.450000000000001,-9.815384615384616,95.125,78.0,98.0
0649.394,32.375,-5.976923076923077,95.0,78.0,98.0
0649.427,55.62307692307692,-0.5583333333333332,95.9375,78.0,98.0
0649.460,72.13846153846154,3.8499999999999996,100.0,78.0,98.0
0649.501,85.2,7.158333333333333,109.5625,78.03810975609757,98.0
0649.534,96.725,10.708333333333334,111.0,78.08841463414635,98.0
0649.566,98.2625,13.907692307692308,108.375,78.13719512195122,97.99999999999999
0649.598,95.9,15.6,106.375,78.1859756097561,98.0
0649.630,90.44999999999999,15.5,105.0,78.23475609756098,98.0
0649.663,94.6,16.62222222222222,103.0,78.28506097560975,98.0
0649.695,95.1875,17.2,101.3125,78.33384146341464,98.0
0649.727,99.11538461538461,18.35,100.0,78.3826219512195,98.0
0649.761,104.6,20.958333333333332,100.0,78.4344512195122,98.0
0649.794,114.16666666666667,22.06923076923077,100.0,78.48475609756098,98.0
0649.828,122.20833333333334,23.014285714285712,99.0,78.53658536585365,98.0
0649.860,131.05384615384617,26.46666666666667,98.0,78.58536585365854,98.0
0649.899,142.3,57.1,96.28125,78.64481707317073,98.0
0649.930,156.35000000000002,82.2,96.0,78.6920731707317,98.0
0649.962,166.66666666666669,106.5,95.0,78.74085365853658,98.0
0649.993,174.04615384615386,110.62500000000001,95.0,78.78810975609755,98.0
0650.026,177.425,107.65,95.0,78.83841463414633,98.0
0650.072,180.5,101.51666666666667,94.0,78.90853658536585,98.0
0650.098,186.35833333333332,97.64615384615384,94.0,78.94817073170732,98.0
0650.129,206.92499999999998,97.7,94.0,78.9954268292683,98.0
0650.160,230.6076923076923,93.875,94.0,79.00000000000001,98.0
0650.199,265.6,91.27499999999999,95.1875,79.0,98.0
0650.230,272.56666666666666,87.56666666666666,98.25,79.0,98.0
0650.262,265.875,83.16923076923078,103.375,79.0,98.0
0650.294,246.37692307692308,77.1,110.125,79.0,98.0
0650.338,207.83076923076925,67.99166666666666,110.125,79.0,98.0
0650.367,176.3,60.9,107.26666666666665,79.0,98.0
0650.402,138.0,48.81538461538461,105.06666666666666,79.0,98.0
0650.439,96.26666666666668,34.18333333333333,102.0,79.0,98.0
0650.466,59.676923076923075,23.933333333333334,101.125,79.0,98.0
0650.497,19.525,12.05,100.0,79.0,98.0
0650.530,-21.025000000000002,1.4250000000000003,99.0,79.0,98.0
0650.563,-54.324999999999996,-13.2,99.0,79.0,98.0
0650.595,-80.97692307692307,-25.675000000000004,99.0,79.0,98.0
0650.628,-110.4,-36.43333333333333,97.9375,79.0,98.0
0650.661,-138.89999999999998,-45.46666666666667,96.875,79.0,98.0
0650.693,-172.10769230769228,-55.61538461538462,95.875,79.0,98.0
0650.734,-213.57500000000002,-64.29230769230769,95.0,79.0,98.0
0650.765,-247.7375,-72.7,94.6,79.0,98.0
0650.799,-283.2,-80.0,95.0,79.0,98.0
0650.832,-331.5,-88.9,95.0,79.0,98.0
0650.864,-385.675,-94.85,95.0,79.00000000000001,98.00000000000001
0650.895,-443.9153846153846,-99.6375,94.0,79.0,98.0
0650.926,-482.2166666666667,-103.39999999999999,94.0,79.0,98.0
0650.965,-508.83333333333337,-106.3375,94.0,79.0,98.0
0650.996,-513.4000000000001,-106.23333333333333,95.0625,79.0,98.0
0651.028,-519.723076923077,-105.4,97.11764705882354,79.0,98.0
0651.059,-530.1,-105.44615384615385,101.8125,79.0,98.0
0651.099,-544.3923076923077,-106.1,111.4375,79.0,98.0
0651.130,-553.0999999999999,-108.26666666666665,112.0,79.0,98.0
0651.161,-556.9166666666666,-107.85,108.6875,78.96793893129771,98.0
0651.195,-560.25,-108.3,106.125,78.91603053435115,98.0
0651.226,-557.4749999999999,-106.55384615384615,104.0,78.86870229007633,98.00000000000001
0651.265,-541.3,-101.9,101.1875,78.80916030534351,98.0
0651.296,-523.1625,-96.94999999999999,100.25,78.7618320610687,98.0
0651.328,-500.4,-91.4125,100.75,78.71297709923664,98.0
0651.361,-478.95,-87.73333333333333,101.0,78.66259541984732,98.0
0651.393,-446.28461538461545,-82.975,100.1875,78.61374045801527,98.0
0651.439,-390.776923076923,-75.61666666666667,98.0,78.54351145038167,98.0
0651.471,-338.9,-68.15,97.0,78.49465648854962,98.0
0651.498,-292.7,-62.215384615384615,96.0,78.45343511450382,98.0
0651.531,-233.8,-54.4,96.0,78.4030534351145,98.0
0651.564,-176.7,-48.6,96.0,78.3526717557252,98.0
0651.596,-130.2,-44.20833333333333,97.0,78.30381679389313,98.0
0651.628,-96.22500000000001,-39.46153846153846,97.0,78.25496183206107,98.0
0651.667,-63.67499999999999,-33.95,96.0,78.19541984732825,98.0
0651.700,-38.80833333333333,-28.553846153846152,96.0,78.14503816793894,98.0
0651.731,-4.861538461538462,-24.025000000000002,96.0,78.09770992366413,98.0
0651.763,42.074999999999996,-18.6,95.0,78.04885496183206,98.0
0651.795,88.0,-13.941666666666666,96.0,78.0,98.0
0651.826,124.41538461538461,-9.2,98.875,78.0,98.0
0651.866,149.64444444444445,-3.083333333333333,105.3125,78.0,98.0
0651.897,157.85,-1.0749999999999997,111.375,78.0,98.0
0651.928,157.5,0.7,111.6875,78.0,98.0
0651.960,156.06153846153845,1.1749999999999998,109.6875,78.0,98.0
0652.002,165.0,3.6,105.0625,78.0,98.0
0652.034,164.23333333333335,4.312500000000001,103.0625,78.0,98.0
0652.067,167.93333333333334,4.6125,100.0,78.0,98.0
0652.099,165.99166666666667,3.9076923076923076,99.0,78.0,98.0
0652.130,161.9923076923077,6.375,99.0,78.0,98.0
0652.162,161.6,9.033333333333335,99.0,78.0,98.0
0652.193,162.325,11.883333333333333,99.0,78.0,98.0
0652.238,166.625,12.833333333333332,97.375,78.0,98.0
0652.265,163.75,11.775,96.625,78.0,98.0
0652.296,158.1222222222222,12.208333333333332,95.0,78.0,98.0
0652.329,148.61111111111111,12.358333333333334,95.0,78.0,98.0
0652.361,142.4,14.149999999999999,94.0,78.0,98.0
0652.394,138.775,14.233333333333334,95.0,78.0,98.0
0652.427,130.9777777777778,13.175,95.0,78.0,98.0
0652.472,117.8375,11.4125,95.0,77.98511904761905,98.0
0652.497,108.27692307692308,10.058333333333334,95.0,77.91071428571428,98.0
0652.530,95.4,9.330769230769231,95.0,77.8125,98.0
0652.563,91.83076923076923,6.746153846153846,95.0,77.71428571428572,98.0
0652.596,83.99230769230769,1.5,94.0,77.61607142857143,98.0
0652.628,77.53333333333333,-4.941666666666666,95.0625,77.52083333333333,98.0
0652.661,61.166666666666664,-13.016666666666666,98.25,77.42261904761904,98.0
0652.693,33.233333333333334,-17.161538461538463,106.375,77.32738095238096,98.0
0652.733,1.0000000000000004,-18.607692307692307,112.25,77.20833333333333,98.0
0652.765,-17.815384615384616,-17.125,112.375,77.11309523809523,98.0
0652.798,-21.383333333333336,-16.333333333333332,108.3125,77.01488095238095,98.0
0652.831,-22.183333333333337,-14.991666666666667,106.25,77.0,98.0
0652.865,-24.674999999999997,-15.653846153846153,103.125,77.0,98.0
0652.897,-31.950000000000003,-17.116666666666667,101.125,77.0,98.0
0652.928,-45.800000000000004,-20.266666666666666,100.0,77.0,98.0
0652.959,-68.425,-24.13846153846154,99.0,77.0,98.0
0652.999,-98.73333333333333,-29.78888888888889,99.0,77.0,98.0
0653.031,-126.4625,-34.71111111111111,98.0,77.0,98.0
0653.063,-148.0625,-41.4,97.75,77.0,98.0
0653.094,-172.11666666666667,-46.838461538461544,96.0,77.0,98.0
0653.128,-201.9,-50.22307692307692,95.6875,77.0,98.0
0653.161,-240.6,-53.1,95.0,77.0,98.0
0653.195,-289.2923076923077,-56.641666666666666,96.0,77.0,98.0
0653.227,-329.64166666666665,-58.8,96.0,77.0,98.0
0653.260,-372.7583333333333,-62.5,96.0,77.0,98.0
0653.301,-417.29999999999995,-61.54615384615385,96.0,77.0,98.0
0653.333,-444.45384615384614,-62.3,96.0,77.0,98.0
0653.365,-452.7,-60.125,96.0,77.0,98.0
0653.396,-443.72499999999997,-59.108333333333334,96.0,77.0,98.0
0653.427,-424.2,-57.7,96.0,77.0,98.0
0653.460,-385.61111111111114,-54.7,97.125,77.0,98.0
0653.493,-349.37499999999994,-52.9,104.375,76.94642857142857,98.0
0653.526,-310.35,-47.7,110.1875,76.84821428571428,98.0
0653.566,-268.0,-42.37692307692308,112.0,76.72916666666667,98.0
0653.598,-227.05833333333334,-35.607692307692304,108.625,76.63392857142857,98.0
0653.631,-183.08461538461538,-29.708333333333336,105.5,76.53571428571429,98.0
0653.664,-147.03846153846155,-22.35,103.0,76.4375,98.0
0653.696,-115.28333333333333,-18.1,101.1875,76.34226190476191,98.0
0653.728,-91.0,-14.3,100.0,76.24702380952381,98.0
0653.760,-62.06666666666666,-9.533333333333333,99.0,76.15178571428572,98.0
0653.793,-36.769230769230774,-6.262499999999999,100.0,76.05357142857143,98.0
0653.839,-4.776923076923077,3.95,99.0,76.0,98.0
0653.872,8.308333333333334,10.15,98.1875,76.0,98.0
0653.899,23.758333333333333,15.49230769230769,97.0,76.0,98.0
0653.931,44.4,19.466666666666665,96.0,76.0,98.0
0653.963,65.4,23.366666666666667,95.0,76.0,98.0
0653.994,86.44999999999999,25.625,94.53333333333333,76.0,98.0
0654.026,101.26153846153846,28.761538461538464,94.0,76.0,98.0
0654.072,108.97500000000001,36.2,95.0,76.0,98.0
0654.099,110.22222222222221,40.5,95.0,76.0,98.0
0654.131,120.0,44.766666666666666,96.0,76.0,98.0
0654.162,140.0666666666667,45.315384615384616,95.0,76.0,98.0
0654.192,175.96923076923076,47.19166666666666,95.0,76.0,98.0
0654.230,220.3,55.2,95.0,76.0,98.0
0654.262,254.6,62.075,96.5,76.0,98.0
0654.293,276.1,66.1875,103.5625,76.0,98.0
0654.339,295.3,88.95,111.0,76.0,98.0
0654.372,299.04166666666663,116.84444444444443,109.75,76.0,98.0
0654.396,293.8307692307692,136.41666666666666,107.375,76.0,98.0
0654.428,284.8769230769231,160.625,104.375,76.0,98.0
0654.471,267.2,154.18333333333334,101.70588235294117,76.0,98.0
0654.497,255.84166666666664,152.6,100.125,76.0,98.0
0654.530,235.86666666666665,149.5,99.0,76.0,98.0
0654.561,221.23846153846154,144.90000000000003,98.0,76.0,98.0
0654.593,207.48333333333332,141.95,98.0,76.0,98.0
0654.632,211.09999999999997,158.23333333333335,98.0,76.0,98.0
0654.664,216.53333333333336,179.79999999999998,97.0,76.0,98.0
0654.694,226.8833333333333,198.53076923076924,96.0,76.0,98.0
0654.734,233.47692307692307,212.64999999999998,96.0,76.0,98.0
0654.766,240.76666666666665,218.175,96.0,76.0,98.0
0654.799,244.53333333333336,227.6125,96.0,76.0,98.0
0654.831,244.0583333333333,234.27500000000003,95.1875,76.0,97.99999999999999
0654.865,244.4,234.84444444444443,94.0625,76.0,98.0
0654.897,241.17692307692306,232.8,94.0,76.0,98.0
0654.928,244.77499999999998,236.98333333333332,94.0,76.0,98.0
0654.973,263.65,259.4,94.0,76.0,98.0
0654.998,285.7555555555556,270.96923076923076,94.0,76.0,98.0
0655.031,312.33750000000003,280.6,94.3125,76.0,98.0
0655.063,331.525,272.41666666666663,96.625,76.0,98.0
0655.093,337.9125,262.93333333333334,104.5625,76.0,98.0
0655.139,318.8,241.84615384615387,112.0,76.0,98.0
0655.172,292.40769230769234,222.20000000000002,110.875,76.0,98.00000000000001
0655.199,267.275,199.22500000000002,108.375,76.0,98.0
0655.231,233.63333333333333,172.6,106.1875,76.0,98.00000000000001
0655.262,187.6,140.95,104.25,76.0,98.0
0655.294,129.13333333333333,114.55000000000001,103.25,76.0,98.0
0655.334,46.975,72.33333333333333,101.0,76.0,98.0
0655.366,-23.1,32.525,101.0,76.0,98.0
0655.397,-84.0,-8.530769230769232,101.0,76.0,98.0
0655.428,-143.00833333333335,-48.55,100.875,76.0,98.0
0655.459,-186.1375,-82.23333333333333,100.0,76.0,98.0
0655.501,-243.7,-119.92499999999998,98.3125,76.00000000000001,98.0
0655.533,-288.39166666666665,-141.9,98.0,76.0,97.99999999999999
0655.567,-338.83333333333337,-160.42307692307693,97.0,76.0,98.00000000000001
0655.599,-389.27777777777777,-173.87692307692308,96.0,76.0,98.0
0655.631,-436.68750000000006,-183.1,96.0,76.0,98.0
0655.664,-490.8,-188.3,96.0,76.0,98.0
0655.696,-536.1,-190.9,96.0,76.0,98.0
0655.727,-576.8583333333333,-191.65,96.0,76.0,98.0
0655.771,-588.7923076923076,-191.7625,96.0,76.0,98.0
0655.795,-580.95,-191.06666666666666,95.0,76.0,98.0
0655.828,-555.7333333333333,-188.09230769230768,95.125,76.0,98.0
0655.860,-527.8000000000001,-181.3,97.25,76.0,98.0
0655.899,-490.63076923076926,-172.6,106.6875,76.0,98.0
0655.929,-458.6,-164.7,110.875,76.0,98.0
0655.960,-424.9166666666667,-157.3875,112.625,76.0,98.0
0656.001,-387.6833333333333,-148.10833333333335,108.125,76.0,98.0
0656.033,-362.13846153846157,-139.94615384615386,106.0625,76.0,98.0
0656.068,-349.5,-131.63333333333333,102.875,76.0,98.0
0656.101,-354.6,-122.9,100.8125,76.0,98.0
0656.131,-360.15,-115.7,99.0,75.9985119047619,98.0
0656.162,-355.975,-108.96923076923076,99.0,75.95238095238095,98.0
0656.194,-333.15384615384613,-102.16666666666666,100.0,75.9047619047619,98.0
0656.239,-281.6666666666667,-92.81666666666666,99.1875,75.83779761904762,98.0
0656.273,-242.3,-83.99166666666666,99.0,75.78720238095238,98.0
0656.297,-215.0916666666667,-77.36666666666667,99.0,75.7514880952381,98.0
0656.328,-183.48461538461538,-67.84615384615385,98.0,75.70535714285714,98.0
0656.368,-155.9,-58.94615384615385,97.0,75.64583333333333,98.0
0656.399,-144.78333333333333,-55.0,95.1875,75.59970238095238,98.0
0656.431,-140.93333333333334,-51.56666666666666,94.0,75.55208333333334,98.0
0656.463,-137.35,-48.400000000000006,94.0,75.50446428571428,98.0
0656.496,-124.98461538461538,-45.06923076923077,94.0,75.45535714285714,98.0
0656.528,-88.1,-41.46153846153847,95.0,75.40773809523809,98.0
0656.561,-31.225,-36.400000000000006,96.0,75.35863095238096,98.0
0656.601,46.6,-31.35,96.0,75.29910714285714,98.0
0656.632,87.18333333333334,-26.4125,98.375,75.25297619047619,98.0
0656.662,112.34444444444445,-21.4,102.75,75.20833333333334,98.0
0656.693,125.52499999999999,-16.975,110.375,75.16220238095238,98.0
0656.733,142.45555555555555,-11.8,112.0,75.10267857142857,98.0
0656.763,151.38333333333333,-6.4833333333333325,109.875,75.05803571428572,98.0
0656.796,167.51666666666665,-1.025,105.375,75.00892857142857,98.0
0656.828,181.56153846153845,2.861538461538462,103.375,75.0,98.0
0656.860,190.05,5.166666666666667,100.375,75.0,98.0
0656.901,188.13846153846154,6.3,99.0,75.0,98.0
0656.933,180.46666666666667,8.008333333333333,99.0,75.0,98.0
0656.964,172.28333333333333,9.246153846153845,99.0,75.0,98.0
0656.995,169.2,11.399999999999999,99.0,75.0,98.0
0657.026,162.3,10.5,98.0,75.0,98.0
0657.067,147.89166666666668,9.261538461538462,96.375,75.0,98.0
0657.099,131.75384615384615,7.2615384615384615,95.4,75.0,98.0
0657.131,114.15,5.4833333333333325,95.0,75.0,98.0
0657.164,98.75,2.6750000000000003,95.0,75.0,98.0
0657.198,80.1,-1.7384615384615385,95.0,75.0,98.0
0657.231,58.60000000000001,-6.675,95.0,75.0,98.0
0657.263,35.3875,-11.45,95.0,75.00000000000001,98.00000000000001
0657.294,11.5375,-16.9,95.0,75.0,98.00000000000001
0657.335,-11.491666666666665,-23.766666666666666,95.0,75.0,98.0
0657.372,-16.237499999999997,-30.853846153846156,94.0,75.0,98.00000000000001
0657.398,-16.830769230769228,-34.707692307692305,94.3125,75.0,97.99999999999999
0657.430,-21.6,-39.56666666666667,96.625,75.0,98.0
0657.461,-37.866666666666674,-43.725,101.75,75.0,98.0
0657.494,-60.93333333333334,-49.32222222222222,110.46875,75.0,98.0
0657.538,-100.67499999999998,-54.44615384615385,112.9375,75.0,98.0
0657.567,-131.2,-57.125,110.25,75.0,98.0
0657.599,-165.57500000000002,-59.87500000000001,106.125,75.0,98.0
0657.632,-205.17499999999998,-63.425,104.0625,75.0,98.0
0657.664,-236.95384615384617,-65.96153846153847,101.11764705882354,75.0,98.0
0657.696,-274.8666666666667,-67.83076923076923,100.0,75.0,98.0
0657.727,-309.9,-70.19166666666666,99.0,75.0,98.0
0657.768,-353.3666666666667,-73.3,99.0,75.0,98.0
0657.798,-381.6166666666667,-76.96666666666667,99.0,75.0,98.0
0657.829,-408.60833333333335,-79.7,97.75,75.0,98.0
0657.861,-435.5230769230769,-82.93333333333334,96.75,75.0,98.0
0657.894,-457.4,-81.58333333333333,95.6875,75.0,98.0
0657.940,-486.7,-79.94999999999999,95.0,75.0,98.0
0657.973,-493.1,-78.675,95.0,75.0,98.0
0657.999,-493.7166666666666,-79.22222222222223,95.0,75.0,98.0
0658.033,-490.7384615384615,-77.22500000000001,95.0,75.0,98.0
0658.066,-483.625,-73.64999999999999,96.0,75.0,98.0
0658.098,-469.9666666666667,-70.50833333333333,96.0,75.0,98.0
0658.131,-442.21666666666664,-67.16923076923078,96.0,75.0,98.0
0658.165,-388.31538461538463,-62.68333333333334,96.0,75.0,98.0
0658.199,-320.9833333333333,-58.33333333333333,96.0,75.0,98.0
0658.231,-249.93333333333337,-53.05833333333334,97.75,75.0,98.0
0658.264,-187.3,-45.392307692307696,102.3125,75.0,98.0
0658.298,-120.00769230769231,-38.349999999999994,111.125,75.0,98.0
0658.330,-79.54166666666666,-30.666666666666668,112.4375,75.0,98.0
0658.362,-57.76666666666667,-25.6375,110.4375,75.0,98.0
0658.396,-49.212500000000006,-21.4,106.3125,75.0,98.0
0658.429,-43.2,-15.755555555555555,104.25,75.0,98.0
0658.463,-32.93076923076923,-11.15,101.125,75.0,98.0
0658.494,-24.13333333333333,-3.9000000000000004,100.0,75.0,97.99999999999999
0658.527,-26.158333333333335,2.0,99.0,75.0,98.0
0658.566,-36.041666666666664,8.623076923076923,99.0,75.0,97.99999999999999
0658.599,-41.03846153846154,13.807692307692308,99.0,75.0,98.0
0658.632,-38.06666666666667,15.858333333333333,98.0,75.0,98.0
0658.665,-25.633333333333333,19.849999999999998,98.0,75.0,98.0
0658.698,-10.3,23.758333333333333,98.0,75.0,98.0
0658.730,11.976923076923077,27.176923076923078,98.0,75.0,98.0
0658.763,29.6,29.625,98.0,75.0,98.0
0658.796,47.05,30.6125,97.0,75.0,98.0
0658.828,53.8,30.400000000000002,96.0,75.0,98.0
0658.859,59.7875,31.915384615384617,94.375,75.0,98.0
0658.900,83.21666666666667,33.34444444444444,94.0,75.0,98.0
0658.931,118.1,35.7,93.0,75.0,98.0
0658.963,160.875,37.85,93.0,75.0,98.0
0658.995,204.975,42.76923076923077,94.0,75.0,98.0
0659.026,236.33846153846156,47.8,96.125,75.0,98.0
0659.067,259.9222222222222,52.75555555555556,102.875,75.0,98.0
0659.100,263.9916666666667,54.0,111.375,75.0,98.0
0659.130,261.18333333333334,54.675,113.0,75.0,98.0
0659.162,256.54615384615386,55.3,110.875,75.0,98.00000000000001
0659.196,252.175,55.80769230769231,106.625,75.0,97.99999999999999
0659.229,245.13076923076923,53.68333333333334,105.0,75.0,98.0
0659.263,239.43076923076924,51.253846153846155,102.125,75.0,98.0
0659.295,222.775,47.650000000000006,101.0,75.0,98.0
0659.328,208.55,45.41666666666667,100.0,75.0,98.0
0659.360,191.05,42.6,100.0,75.0,98.0
0659.406,172.85,38.550000000000004,99.0,75.0,98.0
0659.432,165.39999999999998,36.8,97.5625,75.0,98.0
0659.463,155.58333333333334,35.125,96.625,75.0,98.0
0659.496,145.93333333333334,34.16666666666667,95.5625,75.0,98.0
0659.528,129.3846153846154,32.73076923076923,95.0,75.0,98.00000000000001
0659.560,112.43076923076923,30.053846153846155,95.0,75.0,98.0
0659.602,75.91250000000001,21.066666666666666,95.0,75.0,98.0
0659.639,47.72500000000001,12.399999999999999,95.0,75.0,98.0
0659.664,21.475,6.25,95.0,75.0,98.0
0659.697,-10.669230769230769,-3.0692307692307694,95.0,75.0,98.0
0659.729,-36.63076923076923,-9.4,95.0,75.0,98.0
0659.763,-56.233333333333334,-20.441666666666666,94.0,75.0,98.0
0659.796,-65.36666666666667,-28.525,94.0,75.0,98.0
0659.828,-72.1923076923077,-35.63333333333333,97.375,75.0,98.0
0659.862,-84.64615384615385,-43.55,102.9375,75.0,98.0
0659.895,-105.225,-49.2,111.375,75.0,98.0
0659.928,-134.075,-55.26666666666667,112.5625,75.0,98.0
0659.961,-168.3625,-58.56153846153846,110.5,75.0,98.0
0659.994,-194.01111111111115,-59.84166666666666,106.4375,75.0,98.0
0660.039,-222.48888888888888,-58.4875,103.625,75.0,98.0
0660.063,-237.83333333333331,-57.46666666666667,101.125,75.0,98.0
0660.095,-270.76153846153846,-52.95384615384615,100.125,75.0,98.0
0660.139,-315.0777777777778,-44.16153846153846,99.375,75.0,98.0
0660.164,-330.23333333333335,-38.95833333333333,99.0,75.0,98.00000000000001
0660.196,-328.19166666666666,-32.15,99.0,75.0,98.0
0660.228,-304.1615384615385,-26.3,98.0,75.0,98.0
0660.260,-267.31538461538463,-19.85,98.0,75.0,98.0
0660.300,-220.3692307692308,-12.900000000000002,99.0,75.0,98.0
0660.332,-192.5,-9.825,98.0,75.0,98.0
0660.364,-175.2153846153846,-7.338461538461538,97.0,75.0,98.0
0660.396,-169.11111111111111,-3.8499999999999996,95.0,75.0,98.0
0660.429,-162.86249999999998,-2.3666666666666667,94.0,75.0,98.0
0660.461,-148.775,-0.35000000000000014,93.0,75.0,98.0
0660.493,-124.32499999999999,4.0,93.8125,75.0,98.0
0660.533,-65.26666666666668,7.1923076923076925,95.0,75.0,98.0
0660.564,-13.476923076923079,10.038461538461538,95.23529411764704,75.0,97.99999999999999
0660.596,40.8,12.6,96.375,75.0,98.0
0660.628,77.10000000000001,15.433333333333334,102.5625,75.0,98.0
0660.661,95.6,18.2,108.5,75.0,98.0
0660.693,110.76666666666668,23.3125,111.75,75.0,98.0
0660.735,128.75,30.700000000000003,109.125,75.0,98.0
0660.767,148.03333333333336,34.3375,106.125,75.0,98.0
0660.799,163.125,37.449999999999996,103.125,75.0,98.0
0660.831,173.77692307692303,38.833333333333336,102.125,75.0,98.0
0660.863,174.11666666666667,40.55833333333334,100.125,75.0,98.0
0660.896,167.61666666666667,40.86363636363636,100.0,75.0,98.0
0660.929,159.02499999999998,37.86923076923077,99.99999999999999,75.0,98.0
0660.962,150.11666666666667,34.90833333333333,100.0,75.0,98.0
0660.994,144.06923076923076,31.115384615384617,98.9375,75.0,98.0
0661.040,128.94615384615383,26.883333333333336,96.0625,75.0,98.0
0661.065,119.325,25.15,95.5,75.0,98.0
0661.098,103.225,23.85,94.0,75.0,98.0
0661.128,90.55555555555556,21.9,94.0,75.0,98.0
0661.160,79.5,20.25,94.0,75.0,98.0
0661.200,57.81666666666666,18.975,94.9375,75.0,98.0
0661.232,38.95,20.225,95.0,75.00000000000001,98.00000000000001
0661.265,21.176923076923075,21.366666666666667,95.0,75.0,98.0
0661.296,13.341666666666667,21.0,95.0,75.0,98.0
0661.328,15.533333333333333,22.075000000000003,95.0,75.0,98.0
0661.360,21.299999999999997,24.21666666666667,95.0,75.0,98.0
0661.400,37.41538461538462,26.692307692307693,96.875,75.0,98.0
0661.432,44.684615384615384,27.0,104.3125,75.0,98.0
0661.464,50.55,24.666666666666664,109.875,75.0,98.0
0661.495,43.833333333333336,24.75,112.625,75.0,98.0
0661.528,35.730769230769226,24.623076923076923,110.5625,75.0,98.0
0661.560,28.46153846153846,22.5,107.5625,75.0,98.0
0661.600,37.46923076923076,18.507692307692306,103.0625,75.0,98.0
0661.631,34.2,13.033333333333333,102.125,75.0,98.0
0661.665,26.075,5.6,100.0,75.0,98.0
0661.696,0.4692307692307689,-2.5333333333333337,99.0625,75.0,98.0
0661.729,-28.9,-11.625,99.0,75.0,98.0
0661.762,-54.766666666666666,-21.45,99.0,75.0,98.0
0661.795,-82.66666666666667,-26.35,98.875,75.0,98.0
0661.829,-114.51538461538462,-29.807692307692307,97.75,75.0,98.0
0661.862,-139.5,-28.799999999999997,97.0,75.0,98.0
0661.893,-161.70000000000002,-27.175,96.0,75.0,98.0
0661.933,-181.79999999999998,-19.916666666666664,96.0,75.0,98.0
0661.965,-187.98333333333335,-15.416666666666666,96.0,75.0,98.0
0661.998,-176.3923076923077,-8.93076923076923,95.0,75.0,98.0
0662.031,-150.97692307692307,-5.5307692307692315,95.0,75.0,98.0
0662.064,-106.3,-1.2833333333333334,95.0,75.0,98.0
0662.097,-72.325,5.1,95.0,75.0,98.0
0662.129,-31.39230769230769,13.03076923076923,96.0,75.0,98.0
0662.160,-1.2615384615384615,20.9,98.0,75.0,98.0
0662.200,32.400000000000006,28.5625,105.5,75.0,98.0
0662.231,60.62500000000001,31.175,112.4375,75.0,98.0
0662.263,74.35,34.5,112.5625,75.0,98.0
0662.295,89.00769230769231,37.6,108.5625,75.0,98.0
0662.327,96.8923076923077,70.15,106.60000000000001,75.0,98.0
0662.373,111.43333333333334,107.8,101.75,75.0,98.0
0662.400,121.975,125.9,100.0625,75.0,98.0
0662.434,140.36666666666667,121.425,98.9375,75.0,98.0
0662.468,161.03076923076924,116.26153846153846,98.0,75.0,98.0
0662.501,182.75,112.30000000000001,98.0,75.0,98.0
0662.534,196.33333333333331,110.7,98.0,75.0,98.0
0662.566,202.55,110.16666666666667,97.0,75.0,98.0
0662.596,200.16666666666669,111.86153846153846,96.0,75.0,98.0
0662.627,196.88750000000002,112.8,95.0,75.0,98.0
0662.666,189.7375,114.52499999999999,95.0,75.0,98.0
0662.698,181.97499999999997,111.61666666666665,95.0,75.0,98.0
0662.730,172.59166666666667,109.53333333333335,95.0,75.0,98.0
0662.761,161.1153846153846,105.51538461538462,95.0,75.0,98.0
0662.793,155.325,100.13333333333333,95.0,75.0,98.0
0662.839,155.75,91.9,94.0,75.11607142857143,98.0
0662.863,155.74166666666667,87.2,95.0,75.1875,98.0
0662.895,153.7153846153846,78.71538461538461,96.88235294117648,75.28273809523809,98.0
0662.927,143.4,66.82307692307693,102.8125,75.37797619047619,98.0
0662.967,117.58333333333333,50.7,111.875,75.49702380952381,98.0
0662.998,80.775,39.775,112.625,75.58928571428571,98.0
0663.030,29.46923076923077,24.366666666666667,109.625,75.68452380952381,98.0
0663.062,-23.81666666666667,6.7875,106.625,75.7797619047619,98.0
0663.095,-73.9,-14.6625,104.58823529411765,75.87797619047619,98.0
0663.128,-115.95,-32.09166666666667,102.5,75.97619047619048,98.0
0663.159,-156.48888888888888,-46.675,101.0,76.0,98.0
0663.200,-207.27692307692308,-60.761538461538464,100.0,76.0,98.0
0663.233,-252.76666666666665,-73.3,100.0,76.0,98.0
0663.266,-295.3875,-85.5,99.0,76.0,98.0
0663.299,-348.02500000000003,-94.0,98.0,76.0,98.0
0663.331,-393.9,-102.23846153846154,96.8125,76.0,98.0
0663.365,-448.57692307692304,-111.13076923076925,95.6875,76.0,98.0
0663.398,-503.2833333333333,-122.98333333333332,95.0,76.0,98.0
0663.431,-554.2666666666667,-134.71666666666667,95.0,76.0,98.0
0663.465,-604.0,-142.31666666666666,94.0,76.0,98.0
0663.498,-639.4846153846154,-144.59999999999997,94.0,76.07738095238095,98.0
0663.533,-667.4692307692308,-142.13846153846154,94.0,76.18154761904762,98.0
0663.564,-679.8333333333334,-138.01666666666668,94.0,76.27380952380953,98.0
0663.596,-681.225,-129.02307692307693,94.0,76.36904761904762,98.0
0663.629,-663.175,-117.58461538461539,94.8125,76.46726190476191,98.0
0663.661,-626.25,-107.23333333333333,101.4375,76.5625,98.0
0663.693,-589.0833333333334,-96.05,107.4375,76.6577380952381,98.0
0663.740,-556.7333333333333,-84.15833333333333,111.25,76.79761904761905,98.0
0663.772,-544.6750000000001,-78.43333333333334,107.5,76.89285714285715,98.0
0663.797,-532.3777777777779,-75.42307692307692,105.375,76.96726190476191,98.0
0663.828,-511.5444444444445,-73.43333333333334,101.75,77.0,98.0
0663.863,-480.30000000000007,-70.89999999999999,99.5625,77.0,98.0
0663.895,-444.425,-68.95,97.5625,77.0,98.00000000000001
0663.929,-401.1461538461539,-67.49230769230769,96.0,77.0,98.0
0663.962,-367.81666666666666,-66.60000000000001,96.0,77.0,98.0
0663.996,-344.7,-66.95833333333333,95.25,77.0,97.99999999999999
0664.030,-337.60833333333335,-66.97500000000001,94.125,77.0,98.0
0664.063,-335.276923076923,-67.93333333333332,94.0,77.0,98.0
0664.097,-340.05,-69.15,93.0,77.0,98.0
0664.130,-346.275,-71.65,93.0,77.0,98.0
0664.164,-346.53333333333336,-74.275,93.0,77.0,98.0
0664.197,-348.21538461538455,-75.76666666666667,93.3125,77.0,98.0
0664.230,-349.4875,-76.66153846153846,95.375,77.0,98.0
0664.264,-348.4,-76.01666666666667,97.5,77.0,98.0
0664.297,-348.1,-76.06666666666666,98.5625,77.0,98.0
0664.330,-335.3,-75.85,100.0,77.0,98.0
0664.363,-319.40769230769234,-74.53076923076922,101.0,77.0,98.0
0664.396,-300.225,-75.73333333333333,102.78571428571429,77.0,98.0
0664.428,-280.23846153846154,-73.8,106.44444444444444,77.0,98.0
0664.460,-268.0833333333333,-72.925,113.05882352941177,77.0,98.0
0664.506,-259.0333333333333,-70.03333333333333,121.6875,77.0,98.0
0664.538,-259.16923076923075,-69.94615384615385,121.0,77.0,98.0
0664.563,-252.1,-69.1,117.75,77.0,98.0
0664.595,-248.4,-67.7,116.0,77.0,98.0
0664.626,-258.6153846153846,-65.44615384615385,113.625,77.0,98.0
0664.667,-306.12307692307695,-61.8,110.25,77.0,98.0
0664.700,-362.45,-60.930769230769236,108.1875,77.0,98.0
0664.733,-411.9,-63.291666666666664,106.125,77.0,98.0
0664.766,-447.45,-66.425,106.0,77.0,98.0
0664.801,-474.73333333333335,-69.425,103.875,77.0,98.0
0664.840,-494.3,-71.48461538461538,101.4375,77.0,98.0
0664.872,-506.26666666666665,-71.30000000000001,99.4375,77.0,98.0
0664.898,-509.8,-70.18333333333334,97.8125,77.0,98.0
0664.931,-502.6875,-67.95,96.75,77.0,98.0
0664.963,-474.33333333333337,-65.83333333333333,94.75,77.0,98.0
0664.995,-428.82500000000005,-61.425,94.0,77.0,98.0
0665.027,-388.75,-59.03333333333333,93.0,77.0,98.0
0665.061,-351.58333333333337,-55.146153846153844,93.0,77.0,98.0
0665.095,-323.2846153846154,-54.80769230769231,92.5,77.0,98.0
0665.128,-300.1153846153846,-52.425,91.4375,77.0,98.0
0665.160,-273.45,-49.45,90.4375,77.00000000000001,98.00000000000001
0665.193,-253.3,-48.74615384615385,90.0,77.0,98.0
0665.238,-212.325,-45.53333333333333,95.3125,77.0,98.0
0665.264,-190.95000000000002,-44.61538461538461,102.125,77.0,98.0
0665.295,-170.7625,-40.93333333333334,105.0,77.0,98.0
0665.327,-156.67499999999998,-37.974999999999994,105.0,77.0,98.0
0665.360,-146.53333333333333,-37.416666666666664,100.9375,77.0,98.0
0665.405,-128.36153846153846,-36.59166666666666,98.125,77.0,98.0
0665.431,-117.8,-35.5125,95.5,77.0,98.0
0665.464,-106.83333333333331,-34.4875,93.4375,77.0,98.0
0665.496,-98.59166666666667,-30.975,93.0,77.00000000000001,98.00000000000001
0665.530,-101.12307692307692,-29.26153846153846,92.3125,77.0,97.99999999999999
0665.562,-107.96666666666667,-27.400000000000002,91.3125,77.0,98.0
0665.595,-117.9,-26.574999999999996,89.25,77.0,98.0
0665.628,-132.46666666666667,-26.874999999999996,87.1875,77.0,98.0
0665.661,-138.16153846153847,-25.184615384615384,86.125,77.0,98.0
0665.693,-140.10000000000002,-22.776923076923076,86.0,77.0,98.0
0665.734,-130.03333333333336,-18.976923076923075,86.0,77.0,98.0
0665.772,-121.525,-17.1,86.0,77.0,98.0
0665.805,-119.25,-16.433333333333334,86.0,77.0,98.0
0665.838,-115.57692307692307,-17.433333333333334,86.0,77.0,98.0
0665.872,-107.99166666666667,-17.176923076923078,87.0,77.0,98.0
0665.899,-92.83333333333331,-14.5,87.75,77.0,98.0
0665.930,-73.41538461538462,-12.6,88.0,77.0,98.0
0665.962,-45.73846153846154,-10.353846153846153,88.6875,77.0,98.0
0665.995,-0.9249999999999998,-8.0,89.0,77.0,98.0
0666.028,43.06153846153846,-6.961538461538462,90.0,77.0,98.0
0666.061,93.90833333333333,-3.246153846153846,92.75,77.0,98.0
0666.093,141.56666666666666,-1.6083333333333332,103.5,77.0,98.0
0666.127,176.13333333333333,1.85,110.0,77.0,98.0
0666.172,206.51666666666665,6.0,110.1875,77.0,98.0
0666.206,231.9,12.125,107.0625,77.0,97.99999999999999
0666.238,251.9,18.653846153846153,104.0,77.00000000000001,98.0
0666.263,270.3,23.6125,102.5,77.0,98.0
0666.294,289.3666666666667,29.125,101.5625,77.0,98.0
0666.339,305.3,52.4,99.75,77.0,98.0
0666.372,310.08333333333337,73.94999999999999,99.0,77.0,98.0
0666.400,311.18333333333334,91.1846153846154,99.0,77.0,98.0
0666.431,311.25,102.33333333333333,98.0,77.0,98.0
0666.463,310.9,100.61666666666667,98.0,77.0,98.0
0666.495,309.9666666666667,103.03076923076924,97.0,77.0,98.0
0666.527,308.775,107.225,96.0,77.0,98.0
0666.560,308.08333333333337,111.75,96.0,77.0,98.0
0666.600,302.925,115.66666666666667,95.0,77.0,98.0
0666.632,302.2846153846154,112.075,95.0,77.0,98.0
0666.664,298.56666666666666,105.45384615384614,95.0,77.0,98.0
0666.695,295.25,95.56666666666665,96.0,77.0,98.0
0666.738,275.9,78.775,96.0,77.0,98.0
0666.767,260.0,66.53333333333333,96.0,77.0,98.0
0666.800,242.4,52.669230769230765,96.0,77.0,98.0
0666.832,227.9,42.7125,96.0,77.0,98.0
0666.863,221.38333333333335,35.599999999999994,96.0,77.0,98.0
0666.896,209.78333333333333,31.437500000000004,98.0625,77.0,98.0
0666.928,185.4692307692308,28.4,102.1875,77.0,98.0
0666.960,143.0625,22.2,111.125,77.0,98.0
0667.001,73.33333333333333,16.46923076923077,114.625,77.0,98.0
0667.032,26.025000000000002,11.85,111.4375,77.0,98.0
0667.065,-20.107692307692307,6.550000000000001,108.375,77.0,98.0
0667.097,-78.5,0.7307692307692305,105.375,77.0,98.0
0667.129,-142.75,-4.949999999999999,102.375,77.0,98.0
0667.161,-214.375,-8.533333333333335,101.375,77.0,98.0
0667.202,-300.4916666666667,-14.2,100.1875,77.0,98.00000000000001
0667.234,-353.70000000000005,-18.1125,101.0,77.0,98.0
0667.266,-392.44615384615383,-22.125,100.8125,77.0,98.0
0667.297,-413.4666666666667,-25.525,99.875,77.0,98.0
0667.330,-435.12307692307695,-30.375,98.8125,77.0,98.0
0667.361,-452.2,-35.325,96.875,77.0,98.0
0667.401,-473.6333333333333,-41.03333333333333,95.375,77.0,98.0
0667.433,-482.85,-44.275,95.0,77.0,98.0
0667.465,-493.7692307692307,-48.30769230769231,95.0,77.0,98.0
0667.498,-495.65,-51.525000000000006,95.0,77.0,98.0
0667.531,-501.4,-54.099999999999994,95.0,77.0,98.0
0667.563,-499.39166666666665,-53.233333333333334,95.0,77.0,98.0
0667.597,-495.9333333333333,-52.30769230769231,95.0,77.0,98.0
0667.629,-486.0,-49.875,95.0,77.0,98.0
0667.660,-460.7,-48.275,95.8125,77.0,98.0
0667.701,-398.83333333333337,-45.00000000000001,96.0,77.0,98.0
0667.735,-331.2153846153846,-40.300000000000004,96.5,77.0,98.0
0667.767,-267.875,-35.04615384615384,101.5,77.0,98.0
0667.798,-209.29166666666669,-30.71666666666667,108.3125,77.0,98.0
0667.830,-149.0,-26.525,114.0,76.86309523809524,98.0
0667.862,-76.44999999999999,-22.400000000000002,113.5625,76.67261904761904,98.00000000000001
0667.894,14.676923076923078,-19.46923076923077,110.5625,76.48214285714286,98.0
0667.927,95.91666666666666,-13.866666666666667,107.5,76.28571428571429,98.0
0667.971,174.36666666666667,-7.408333333333333,104.75,76.02380952380952,98.0
0667.997,202.85,-2.1,103.0,75.86904761904762,98.0
0668.030,225.13333333333333,3.4,102.0,75.67261904761905,98.0
0668.062,248.825,6.4,102.0,75.48214285714286,98.0
0668.094,266.6,10.687500000000002,101.0,75.29166666666666,98.0
0668.126,282.20000000000005,10.95,101.0,75.10119047619048,98.0
0668.172,300.0,12.1625,99.0,75.0,98.0
0668.205,308.70769230769235,12.088888888888889,98.0,75.0,98.0
0668.230,315.45,13.9,97.0,75.0,98.0
0668.265,312.56666666666666,13.875,97.0,75.0,98.0
0668.297,307.4923076923077,13.112499999999999,97.0,75.0,98.0
0668.329,299.15,12.5,97.0,75.0,98.0
0668.362,276.7166666666667,13.225,96.3125,75.0,98.0
0668.394,242.375,11.8,95.3125,75.0,98.0
0668.426,198.9076923076923,9.846153846153847,95.0,75.0,98.0
0668.459,163.98461538461538,8.1,94.0,75.0,98.0
0668.500,136.96153846153848,3.2333333333333334,93.0,75.0,98.0
0668.533,125.38333333333333,-0.3333333333333333,93.0,75.0,98.0
0668.565,104.86666666666667,-4.033333333333333,96.875,75.0,98.0
0668.597,66.66153846153847,-7.25,102.19999999999999,75.0,98.0
0668.630,11.533333333333335,-9.666666666666666,111.5,75.0,98.0
0668.662,-49.88333333333333,-12.8,113.0,75.0,98.0
0668.695,-119.68461538461538,-14.850000000000001,110.875,75.0,98.0
0668.728,-185.66153846153847,-18.1,106.375,75.0,98.0
0668.762,-250.125,-24.299999999999997,103.5,75.0,98.0
0668.796,-300.05,-28.125,101.0,75.0,98.0
0668.829,-342.875,-31.85833333333333,100.0,75.0,98.0
0668.861,-358.64166666666665,-32.53333333333333,100.0,75.0,98.0
0668.894,-368.0384615384615,-34.92307692307693,101.0,75.0,98.0
0668.934,-362.75,-35.0,100.5,75.0,98.0
0668.971,-353.75,-33.5,99.1875,75.0,98.0
0668.997,-337.1,-30.049999999999997,98.5625,75.0,98.0
0669.030,-305.7923076923077,-23.661538461538463,97.0,75.0,98.0
0669.062,-265.85,-19.5,96.5,75.0,98.0
0669.095,-217.0,-14.325,96.0,75.0,98.0
0669.128,-169.22499999999997,-11.7125,96.0,75.0,98.0
0669.161,-121.43333333333334,-7.3,96.0,75.0,98.0
0669.203,-49.90769230769231,-1.923076923076923,96.0,75.0,98.0
0669.240,26.46666666666667,4.6625000000000005,96.0,75.0,98.0
0669.273,106.19999999999999,8.899999999999999,95.3125,75.0,98.0
0669.306,173.4,13.85,95.0,75.0,98.0
0669.339,227.0,14.525,95.8125,75.0,98.0
0669.365,255.33076923076925,17.10769230769231,99.875,75.0,98.0
0669.396,281.1,17.5,105.125,75.0,98.0
0669.428,288.825,18.533333333333335,111.375,75.0,98.0
0669.461,287.1307692307692,18.884615384615383,111.5625,75.0,98.0
0669.506,266.4384615384615,19.053846153846155,106.75,74.89285714285715,98.0
0669.541,225.77272727272728,19.33076923076923,103.5625,74.78869047619048,98.0
0669.561,193.925,20.4,102.3125,74.72916666666667,98.0
0669.602,126.73333333333333,24.433333333333334,99.75,74.60714285714286,98.0
0669.633,93.9,25.592307692307692,99.0,74.51488095238095,98.0
0669.665,78.7076923076923,27.58888888888889,100.0,74.41964285714286,98.0
0669.699,78.83333333333334,35.5125,100.0,74.31845238095238,98.0
0669.732,81.4,51.275000000000006,99.625,74.2202380952381,98.0
0669.766,85.23750000000001,65.9,98.5,74.11904761904762,98.0
0669.797,86.2,76.48333333333333,98.0,74.02678571428571,98.0
0669.828,90.06666666666668,78.77692307692308,97.0,74.0,98.0
0669.860,95.975,81.2,98.0,74.0,98.0
0669.892,106.63846153846154,82.50833333333333,98.0,74.0,98.0
0669.932,117.81538461538463,80.2,97.125,74.0,98.0
0669.964,121.34615384615384,76.25384615384615,97.0,74.0,98.0
0669.998,115.23846153846154,72.08461538461538,96.0,74.0,98.0
0670.032,121.09166666666667,69.75,96.0,74.0,98.0
0670.066,135.3,69.6375,96.0,74.0,98.0
0670.098,164.59166666666664,86.44999999999999,96.0,74.0,98.0
0670.131,203.18461538461537,115.73333333333335,97.3125,74.0,98.0
0670.163,237.18333333333334,143.20000000000002,102.9375,74.0,98.0
0670.194,266.1,165.25,109.75,74.0,98.0
0670.232,279.8666666666667,164.35,115.0,74.0,98.0
0670.263,277.3666666666667,157.36666666666667,113.875,74.0,98.0
0670.295,272.525,150.4769230769231,110.4375,74.0,98.0
0670.327,267.6,142.56666666666666,106.4375,74.0,98.0
0670.360,264.7625,137.4666666666667,104.375,74.0,98.0
0670.407,250.2625,130.14999999999998,101.0,74.0,98.0
0670.425,241.14166666666665,126.4,100.3125,74.0,98.0
0670.465,219.6,116.95,100.0,74.00000000000001,98.0
0670.498,199.43333333333334,104.75,100.0,74.0,98.0
0670.531,173.7,97.05,99.6875,74.0,98.0
0670.561,150.63076923076923,83.87777777777777,98.0,74.0,98.0
0670.592,129.76666666666665,72.44999999999999,97.0,74.0,98.0
0670.634,103.82499999999999,50.6,96.0,74.0,98.0
0670.667,77.06666666666666,30.5,95.0,74.0,98.0
0670.700,36.65833333333333,10.0,95.0,74.0,98.0
0670.731,-13.8,-4.476923076923077,95.0,74.0,98.0
0670.765,-67.45833333333333,-15.0,95.0,74.0,98.0
0670.799,-125.30000000000001,-23.041666666666664,95.0,74.00000000000001,98.0
0670.831,-174.35833333333335,-28.1,95.0,74.0,98.0
0670.863,-230.32307692307694,-39.15555555555556,95.0,74.0,98.0
0670.894,-275.6583333333333,-49.425000000000004,95.0,74.0,98.0
0670.926,-319.9,-60.6875,95.0,74.0,98.0
0670.972,-399.1125,-70.73333333333333,104.5,74.0,98.0
0670.997,-431.7307692307693,-75.96666666666667,109.3125,74.0,98.0
0671.028,-479.05,-82.93846153846155,114.0,74.0,98.0
0671.060,-512.025,-92.5,112.625,74.0,98.0
0671.092,-536.4333333333333,-102.50833333333333,109.625,74.0,98.0
0671.132,-568.875,-109.81666666666666,106.125,74.0,98.0
0671.165,-609.5307692307692,-113.48333333333335,105.0,74.0,98.0
0671.197,-653.1923076923076,-112.18461538461538,102.0625,74.0,98.0
0671.228,-694.8249999999999,-112.5,102.0,74.0,98.0
0671.260,-719.1,-110.20833333333334,102.0,74.0,98.0
0671.299,-735.45,-111.45833333333333,102.0,74.0,98.0
0671.331,-746.6777777777779,-110.56153846153846,101.0,74.0,98.0
0671.364,-755.0,-109.36666666666666,99.6,74.0,98.0
0671.397,-751.5,-106.5625,98.5,74.0,98.0
0671.431,-739.025,-103.975,97.0,74.0,98.0
0671.464,-721.4888888888889,-100.14999999999999,97.0,74.0,98.0
0671.496,-703.8625,-95.29999999999998,96.0,74.0,98.0
0671.529,-680.9749999999999,-90.85,96.0,74.0,98.0
0671.560,-656.5583333333334,-84.0,96.0,74.0,98.0
0671.602,-616.9999999999999,-78.89999999999999,95.0,74.0,98.0
0671.640,-567.5555555555555,-72.67500000000001,95.0,74.0,98.0
0671.657,-543.2,-69.54166666666667,95.0,74.0,98.0
0671.699,-488.82500000000005,-63.33333333333333,95.75,74.0,98.0
0671.731,-458.3,-59.016666666666666,99.125,74.0,98.0
0671.763,-430.8333333333333,-55.3,107.75,74.0,98.0
0671.797,-401.65000000000003,-52.930769230769236,111.47058823529412,74.0,98.0
0671.830,-374.85,-50.56666666666667,109.4375,74.07440476190476,98.00000000000001
0671.864,-354.525,-48.25,106.625,74.17559523809524,97.99999999999999
0671.896,-339.0333333333333,-46.46666666666667,104.3125,74.27083333333334,98.0
0671.928,-329.525,-45.1,101.3125,74.36607142857143,98.0
0671.973,-325.4625,-44.54615384615384,99.0,74.5,98.0
0672.000,-323.46666666666664,-44.43333333333333,99.0,74.58035714285714,98.0
0672.033,-316.4,-42.31666666666667,100.0,74.67857142857143,98.0
0672.066,-308.1384615384615,-40.88461538461539,99.6875,74.77678571428571,98.0
0672.100,-309.47777777777776,-39.75384615384615,98.5625,74.87797619047619,98.0
0672.133,-316.63750000000005,-39.4,97.5,74.97619047619047,98.0
0672.174,-333.75,-40.866666666666674,96.0,75.0,98.0
0672.207,-343.025,-41.666666666666664,95.0,75.0,98.0
0672.239,-352.2846153846154,-45.05,95.0,75.0,98.0
0672.272,-361.25,-46.93846153846154,95.0,75.0,98.0
0672.298,-365.58333333333337,-47.725,95.0,75.0,98.0
0672.329,-368.1,-47.35,95.0,75.0,98.0
0672.362,-359.3,-45.955555555555556,95.0,75.0,98.0
0672.395,-338.13076923076926,-43.4,94.0,75.0,98.0
0672.428,-308.57500000000005,-40.6,95.0,75.0,98.0
0672.474,-260.25,-33.34166666666666,99.625,75.0,98.00000000000001
0672.491,-247.74615384615385,-31.823076923076925,102.625,75.0,98.0
0672.534,-223.65,-26.2125,110.6875,75.0,98.0
0672.567,-213.71666666666664,-24.846153846153847,113.0,75.0,98.0
0672.600,-207.68333333333334,-23.46666666666667,110.3125,75.0,98.0
0672.633,-202.45,-23.133333333333333,105.5,75.0,98.0
0672.665,-196.95384615384617,-22.525,103.25,75.0,98.0
0672.699,-187.95384615384617,-19.515384615384615,102.125,75.0,98.0
0672.733,-170.90833333333333,-18.049999999999997,100.0,75.0,98.0
0672.766,-145.43333333333334,-15.85,100.0,75.0,98.0
0672.799,-117.1,-12.95,100.0,75.00297619047619,98.0
0672.832,-89.93846153846155,-9.692307692307692,99.8125,75.05208333333333,98.0
0672.866,-77.5,-7.4,98.0,75.10267857142857,98.0
0672.897,-77.71666666666667,-6.075,97.75,75.14880952380952,97.99999999999999
0672.930,-72.36153846153847,-3.6833333333333336,97.0,75.19791666666667,98.0
0672.962,-56.233333333333334,-1.1083333333333332,96.0,75.24553571428572,98.0
0672.996,-23.6,2.046153846153846,95.5625,75.29613095238096,98.0
0673.028,5.125,4.766666666666667,96.0,75.34375,98.0
0673.060,24.87777777777778,6.6499999999999995,96.0,75.39136904761904,98.0
0673.106,44.56666666666666,10.366666666666667,94.6875,75.45982142857142,98.0
0673.139,71.75555555555556,11.683333333333334,94.0,75.50892857142857,98.0
0673.167,103.44166666666666,13.383333333333335,94.0,75.55059523809524,98.0
0673.199,146.06666666666666,17.8,94.125,75.59821428571429,98.0
0673.232,175.44615384615383,23.5625,96.78125,75.64732142857143,98.0
0673.263,197.97500000000002,26.455555555555556,104.375,75.69345238095238,98.0
0673.296,213.95,28.6,110.375,75.74255952380952,98.0
0673.329,218.6,28.25,113.0,75.79166666666667,98.0
0673.365,214.8,28.975,111.5,75.84523809523809,98.0
0673.398,212.8230769230769,28.058333333333334,109.4375,75.89434523809524,98.0
0673.432,211.01666666666665,26.1,106.3125,75.94494047619048,98.0
0673.465,214.58333333333331,22.724999999999998,104.25,75.99404761904762,98.0
0673.498,208.41666666666669,21.725,102.1875,76.0,98.0
0673.531,191.06923076923078,21.575,101.0,76.0,98.0
0673.564,160.39230769230767,20.89230769230769,100.0,76.0,98.00000000000001
0673.596,133.01666666666665,20.725,99.0625,76.0,98.0
0673.628,108.6,20.65,98.0625,76.0,98.0
0673.660,97.37692307692308,19.9875,97.0,76.0,98.0
0673.702,96.0,21.700000000000003,95.375,76.0,98.0
0673.735,93.625,20.584615384615386,94.3125,76.0,98.0
0673.773,98.50833333333333,22.96666666666667,94.0,76.0,98.0
0673.799,97.06666666666666,21.875,94.0,76.0,98.0
0673.831,99.38461538461539,24.6,94.0,76.00000000000001,98.0
0673.865,99.03333333333333,25.592307692307692,94.8125,76.0,98.0
0673.899,113.05000000000001,27.68888888888889,95.0,76.0,98.0
0673.933,143.4,28.85,95.0,76.0,98.0
0673.966,183.1230769230769,29.925000000000004,95.0,76.0,98.0
0673.999,215.5,32.0,95.1875,76.0,98.0
0674.033,227.77499999999998,36.00769230769231,97.625,76.0,98.0
0674.065,226.2,52.6,105.9375,76.0,98.0
0674.098,212.7,69.4,110.75,76.0,98.0
0674.129,200.60000000000002,80.78333333333333,112.0,76.0,98.0
0674.160,185.975,83.0,109.75,76.0,98.0
0674.201,185.92499999999998,77.16666666666666,107.1875,76.0,98.0
0674.232,195.95,76.66153846153847,105.3125,76.0,98.0
0674.262,214.6,79.03333333333333,103.4375,76.0,98.0
0674.295,230.03333333333333,82.875,101.375,76.0,98.0
0674.327,233.14615384615382,85.57692307692308,100.0,76.0,98.0
0674.360,233.06666666666666,85.03846153846153,99.0,76.0,98.0
0674.400,251.85,106.12500000000001,98.0,76.0,98.0
0674.431,330.17499999999995,181.83333333333337,97.0,76.0,98.0
0674.464,487.63846153846157,374.53333333333336,96.0,76.0,98.0
0674.497,674.0250000000001,746.5,96.0,76.0,98.0
0674.530,798.0,1214.7153846153847,96.3125,76.0,98.0
0674.563,852.1500000000001,1563.1166666666666,97.375,76.0,98.0
0674.596,856.9555555555555,1702.1999999999998,98.46666666666667,76.0,98.0
0674.628,842.275,1604.2666666666669,100.0,76.0,98.0
0674.661,836.3000000000001,1446.6076923076923,100.0,76.0,98.0
0674.694,800.5250000000001,1316.5125,98.375,76.0,98.0
0674.727,775.75,1211.3,96.0,76.0,98.0
0674.761,744.3416666666667,1151.3999999999999,94.1875,76.0,98.0
0674.794,718.0,1115.0666666666666,93.0,76.0,98.0
0674.827,705.3,1086.6307692307691,93.9375,76.0,98.0
0674.860,699.0,1046.625,98.0,76.0,98.0
0674.893,688.7692307692307,1001.625,108.1875,76.0,98.0
0674.935,663.8333333333333,928.2,112.6875,76.0,98.0
0674.966,631.9307692307692,862.876923076923,111.41176470588235,76.0,98.0
0674.997,599.95,766.6999999999999,108.875,76.0,98.0
0675.029,560.7916666666667,635.7666666666667,106.4375,76.0,98.0
0675.062,500.63333333333327,422.1333333333333,104.375,76.0,98.0
0675.095,405.46153846153845,122.48461538461538,101.3125,76.0,98.0
0675.127,290.15,-165.3,98.3125,76.0,98.0
0675.160,137.57500000000002,-417.53333333333336,98.0,76.00000000000001,98.0
0675.208,-111.1,-582.625,97.25,76.0,97.99999999999999
0675.226,-195.93333333333334,-600.2333333333333,97.0,76.0,98.0
0675.260,-357.1166666666667,-610.6153846153846,97.0,76.0,98.0
0675.294,-492.2,-607.6916666666666,96.0,76.0,98.0
0675.328,-585.2624999999999,-596.4,96.0,76.0,98.0
0675.361,-629.5846153846153,-586.8666666666667,96.0,76.0,98.0
0675.401,-633.8307692307692,-570.623076923077,96.0,76.0,98.0
0675.434,-615.3499999999999,-552.2230769230769,96.0,76.0,98.0
0675.466,-587.5,-530.65,96.875,76.0,98.0
0675.499,-557.6,-510.625,97.0,76.0,98.0
0675.532,-528.3384615384615,-495.075,96.0,76.0,98.0
0675.563,-491.26666666666665,-479.82499999999993,96.0,76.0,98.0
0675.596,-449.14166666666665,-463.7833333333333,96.0,76.0,98.0
0675.628,-411.13076923076926,-451.025,96.0,76.0,98.0
0675.660,-366.3,-437.3461538461538,99.0,76.0,98.0
0675.701,-325.01666666666665,-419.84444444444443,108.125,76.0,98.0
0675.734,-304.2166666666667,-407.7375,110.0,76.0,98.0
0675.767,-293.2166666666667,-394.47499999999997,108.3125,76.0,98.0
0675.798,-288.9769230769231,-384.05,106.375,76.0,98.0
0675.831,-290.325,-370.71538461538466,103.625,76.00000000000001,98.0
0675.864,-290.79999999999995,-360.53076923076924,100.25,76.0,98.0
0675.898,-286.41666666666663,-350.3333333333333,98.125,76.0,98.0
0675.929,-269.0153846153846,-339.70000000000005,98.0,76.0,98.0
0675.962,-242.625,-328.05,98.0,76.0,98.0
0675.995,-211.6,-315.8,98.0,76.0,98.0
0676.028,-183.5,-303.8,96.0,76.0,98.0
0676.061,-166.56923076923076,-296.2,94.9375,76.0,98.0
0676.095,-161.69166666666666,-285.76250000000005,92.0,76.0,98.0
0676.129,-161.0,-277.24615384615385,91.0,76.0,98.0
0676.162,-149.8,-270.1,91.0,76.0,98.0
0676.194,-130.25555555555556,-261.6666666666667,91.375,76.0,98.0
0676.227,-113.7,-251.3,92.0,76.0,98.0
0676.267,-106.72307692307692,-240.7153846153846,93.0,76.0,98.0
0676.300,-97.55,-231.03076923076924,93.0,76.0,98.0
0676.332,-90.72500000000001,-223.5,92.0,76.0,98.0
0676.364,-70.00000000000001,-216.3,91.0,76.0,98.0
0676.396,-36.369230769230775,-210.05384615384614,91.0,76.0,98.0
0676.429,2.7846153846153845,-202.43333333333334,95.125,76.0,98.0
0676.462,28.566666666666663,-191.9,101.5,76.0,98.0
0676.494,39.2,-183.13076923076923,112.13333333333333,76.0,98.0
0676.534,38.3,-170.1,113.35714285714286,76.0,98.0
0676.565,44.35,-160.5,110.375,76.0,98.0
0676.596,52.300000000000004,-152.9375,107.4375,76.0,98.0
0676.627,58.583333333333336,-147.1875,105.5,76.0,98.0
0676.673,74.33846153846153,-141.35,101.25,76.0,98.0
0676.707,86.3923076923077,-137.275,98.5625,76.0,98.0
0676.725,92.86666666666666,-135.7923076923077,97.0,76.0,98.0
0676.765,93.89999999999999,-130.65,97.0,76.0,98.0
0676.798,94.15,-126.125,96.0,76.0,98.0
0676.831,87.325,-120.03076923076922,95.0,76.00000000000001,98.0
0676.864,79.6,-113.2,94.0,76.0,98.0
0676.896,72.69999999999999,-106.72500000000001,93.0,76.0,98.0
0676.927,67.6,-99.12499999999999,93.0,76.0,98.0
0676.973,64.5875,-88.35000000000001,93.0625,76.0,98.0
0676.999,63.62500000000001,-78.8153846153846,94.0,76.0,98.0
0677.032,60.275000000000006,-54.738461538461536,94.0,76.0,98.0
0677.064,61.4,-37.225,94.0,76.0,98.0
0677.096,67.70769230769231,-21.116666666666667,94.0,76.0,98.0
0677.130,89.375,-19.853846153846156,93.125,76.0,98.0
0677.163,113.925,-22.0,94.0,76.0,98.0
0677.196,140.25,-20.1,97.0,76.0,98.0
0677.229,156.76666666666665,-20.2,105.1875,76.0,97.99999999999999
0677.262,164.26666666666665,-16.7,110.25,76.0,98.0
0677.294,163.575,-15.0,110.875,76.0,98.0
0677.335,167.68333333333334,-5.466666666666667,107.53333333333333,76.0,98.0
0677.368,193.85,12.475,104.1875,76.0,98.0
0677.400,230.5333333333333,34.93333333333333,102.1875,76.0,98.0
0677.431,262.2307692307692,55.95,100.25,76.0,98.0
0677.462,295.05,67.3,98.0,76.0,98.0
0677.495,305.3166666666667,73.77777777777777,97.0,76.0,98.0
0677.527,312.675,74.1,97.0,76.0,98.0
0677.572,298.3166666666666,76.43333333333334,95.21875,76.0,98.0
0677.599,295.36923076923074,74.125,94.0,76.0,98.0
0677.631,281.275,72.05384615384615,93.0,76.0,98.0
0677.664,262.7,68.69999999999999,92.0,76.0,98.0
0677.696,248.86363636363635,65.36923076923077,92.0,76.0,98.0
0677.728,228.36153846153846,63.45384615384616,93.0,76.0,98.0
0677.762,216.51666666666665,60.07692307692308,94.0,76.0,98.0
0677.794,202.24999999999997,59.43333333333334,94.0,76.0,98.0
0677.839,193.55,56.86666666666667,93.0,76.00000000000001,98.0
0677.872,201.24166666666667,54.233333333333334,93.0,76.0,98.0
0677.896,219.9,52.58888888888889,93.0,76.0,98.0
0677.928,244.7,50.6,94.75,76.0,98.0
0677.960,260.40000000000003,46.975,98.5,76.0,98.0
0677.995,254.73749999999998,44.25,104.8125,76.0,98.0
0678.027,219.88750000000002,37.175,111.9375,76.0,98.0
0678.072,135.7222222222222,15.9375,110.25,76.0,98.0
0678.098,74.95,-4.724999999999999,107.625,76.0,98.0
0678.130,3.2249999999999988,-29.133333333333333,106.0,76.0,98.0
0678.164,-59.9923076923077,-50.550000000000004,104.0,76.0,98.0
0678.198,-104.06666666666666,-63.16153846153846,103.0,76.0,98.0
0678.231,-135.76666666666665,-74.35,103.0,76.0,98.0
0678.263,-162.025,-83.38333333333333,103.0,76.0,98.0
0678.296,-182.60769230769233,-89.75,103.0,76.0,98.0
0678.328,-198.45,-91.3,102.25,76.0,98.0
0678.361,-204.275,-91.22500000000001,100.1875,76.0,98.0
0678.393,-208.475,-89.55,99.0,76.0,98.0
0678.435,-209.775,-90.975,96.0,76.0,98.0
0678.467,-213.74615384615385,-90.8875,95.0,76.0,98.0
0678.500,-212.925,-88.84444444444445,94.0,76.0,98.0
0678.535,-219.1875,-83.45,93.3125,76.0,98.0
0678.573,-218.88750000000002,-74.14615384615385,93.0,76.0,98.0
0678.606,-214.5125,-67.89999999999999,93.0,76.0,98.0
0678.633,-206.93333333333334,-65.45,93.0,76.0,98.0
0678.665,-192.57777777777775,-64.675,95.75,76.0,98.0
0678.699,-169.26666666666665,-61.46428571428571,99.8235294117647,76.0,98.0
0678.732,-145.85833333333332,-55.1,110.0,76.0,98.0
0678.766,-124.48333333333335,-49.375,115.125,76.0,98.0
0678.800,-115.5,-45.45,115.75,76.01190476190477,98.00000000000001
0678.832,-99.95384615384614,-44.230769230769226,112.75,76.10714285714286,98.0
0678.864,-95.26666666666668,-43.36666666666666,109.75,76.20238095238095,98.0
0678.896,-89.38333333333334,-40.333333333333336,105.75,76.29761904761905,98.0
0678.929,-96.44615384615385,-38.86666666666667,103.6875,76.39583333333334,98.0
0678.963,-102.72500000000001,-37.6,101.0,76.49702380952381,98.0
0678.997,-101.5,-39.9625,100.0,76.59821428571429,98.0
0679.029,-86.45384615384616,-39.56666666666667,98.4375,76.69345238095238,98.0
0679.063,-53.1,-36.625,96.3125,76.79464285714286,98.0
0679.096,-21.111111111111107,-30.025000000000002,95.25,76.89285714285715,98.0
0679.130,6.416666666666667,-22.253846153846155,93.0,76.99404761904762,98.0
0679.162,19.9875,-17.566666666666666,91.125,77.0,98.0
0679.196,27.833333333333336,-14.1,89.0,77.0,98.0
0679.229,33.709090909090904,-13.325,88.0,77.0,98.0
0679.263,31.866666666666667,-13.46923076923077,88.0,77.0,98.0
0679.296,25.633333333333336,-12.375,88.0,77.0,98.0
0679.328,16.23076923076923,-13.0,88.0,77.0,98.0
0679.362,14.453846153846156,-13.725,89.0,77.0,98.0
0679.395,12.016666666666666,-17.700000000000003,89.0,77.0,98.0
0679.427,11.166666666666668,-22.0625,89.47058823529412,77.0,98.0
0679.459,3.0,-27.9,94.5,77.0,98.0
0679.500,-13.238461538461538,-37.68333333333334,103.1875,77.0,98.0
0679.532,-38.487500000000004,-45.784615384615385,110.0,77.0,98.0
0679.565,-73.2625,-53.75,108.875,77.0,98.0
0679.599,-110.23333333333332,-58.95833333333333,105.75,77.0,98.0
0679.631,-153.0230769230769,-63.800000000000004,103.80000000000001,77.0,98.0
0679.663,-200.06923076923078,-68.05,101.75,77.0,98.0
0679.696,-245.89166666666665,-71.44615384615385,99.6875,77.0,98.0
0679.728,-291.05,-81.15,99.0,77.0,98.0
0679.760,-329.46666666666664,-89.6,98.0,77.0,98.0
0679.800,-349.6,-98.525,98.0,77.0,98.0
0679.832,-351.3,-98.53333333333333,97.0,77.0,97.99999999999999
0679.863,-337.22499999999997,-94.86153846153846,96.0,77.0,98.0
0679.894,-316.9,-90.35833333333333,97.0,77.0,98.0
0679.928,-294.9,-85.03333333333333,97.0,77.0,98.0
0679.971,-282.53076923076924,-78.3,97.0,77.0,98.0
0679.996,-279.9,-74.84615384615384,95.0,77.0,98.0
0680.029,-277.2,-71.51666666666667,94.0,77.0,98.0
0680.061,-270.0111111111111,-66.9,94.0,77.0,98.0
0680.092,-243.57500000000002,-63.099999999999994,94.0,77.0,98.0
0680.133,-187.7,-58.53333333333333,94.0,77.0,98.0
0680.165,-141.78750000000002,-58.184615384615384,94.0,77.07738095238096,98.0
0680.197,-103.6,-56.050000000000004,96.625,77.17261904761904,98.0
0680.229,-76.58461538461538,-55.68333333333334,101.875,77.26785714285715,98.0
0680.261,-68.7,-53.11538461538461,110.25,77.36309523809524,98.0
0680.293,-71.28333333333333,-49.45,112.0,77.45833333333334,98.0
0680.334,-79.8,-45.825,109.8125,77.58035714285714,98.0
0680.365,-75.33333333333334,-44.275,108.875,77.67261904761905,98.0
0680.398,-76.03846153846155,-43.25,106.8125,77.77083333333333,98.0
0680.429,-74.325,-43.16923076923077,104.875,77.86309523809524,98.0
0680.462,-80.3,-42.146153846153844,103.0,77.96130952380952,98.0
0680.494,-83.35,-41.074999999999996,101.8125,78.0,98.0
0680.527,-82.2076923076923,-39.59166666666667,100.75,78.0,98.0
0680.573,-77.88461538461539,-34.516666666666666,97.875,78.0,98.0
0680.606,-77.2,-34.7,95.8125,78.0,98.0
0680.630,-74.475,-31.75,95.0,78.0,98.0
0680.661,-77.15555555555557,-30.2,94.0,78.0,98.0
0680.693,-77.95,-29.400000000000002,93.0,78.0,98.0
0680.733,-79.6,-28.022222222222222,93.0,78.0,98.0
0680.764,-82.65,-25.8625,93.0,78.0,98.0
0680.797,-85.7,-23.4375,93.125,78.0,98.00000000000001
0680.829,-85.44166666666666,-21.700000000000003,94.0,78.0,97.99999999999999
0680.862,-82.3,-19.46666666666667,93.0,78.0,98.0
0680.893,-74.76666666666668,-17.807692307692307,93.0,78.0,98.0
0680.932,-54.733333333333334,-14.149999999999999,93.0,78.0,98.0
0680.963,-39.815384615384616,-8.741666666666667,96.0,78.0,98.0
0680.995,-26.299999999999997,-3.5,102.0,78.0,98.0
0681.027,-22.6,1.9500000000000002,108.6,78.0,98.0
0681.060,-20.455555555555556,4.800000000000001,113.625,78.0,98.0
0681.099,-2.9166666666666665,6.9,111.9375,78.0,98.0
0681.130,25.4,14.233333333333333,109.0,78.0,98.0
0681.162,46.4875,20.566666666666666,107.0,78.0,98.0
0681.194,67.75,27.775,105.0,78.0,98.0
0681.240,69.13846153846154,28.96666666666667,102.0,78.0,98.0
0681.264,68.32499999999999,29.115384615384613,101.0,78.0,98.0
0681.296,59.13333333333333,27.925,100.0,78.0,98.0
0681.328,58.85384615384615,26.766666666666666,100.0,78.0,98.0
0681.362,61.766666666666666,24.125,99.0,78.0,98.0
0681.394,63.09230769230769,25.87857142857143,99.0,78.0,98.0
0681.427,53.78333333333333,26.599999999999998,99.0,78.0,98.0
0681.473,41.97500000000001,46.76923076923077,99.0,78.0,98.00000000000001
0681.505,133.18333333333334,110.35,98.5625,78.0,98.0
0681.529,256.1461538461539,227.6,98.0,78.0,98.0
0681.563,458.09999999999997,532.4916666666667,98.0,78.0,98.0
0681.597,637.9000000000001,996.5769230769229,99.1875,78.0,98.0
0681.629,689.1500000000001,1338.6166666666666,101.0,78.0,98.0
0681.661,688.1230769230768,1570.425,102.1875,78.0,98.0
0681.694,663.9416666666667,1564.3666666666666,104.0,78.0,98.0
0681.727,640.5083333333333,1422.3833333333334,104.3125,78.0,98.0
0681.760,627.7461538461539,1283.3500000000001,106.375,78.0,98.0
0681.801,597.8916666666667,1150.975,109.875,78.0,98.0
0681.833,548.875,1087.8375,111.9375,78.0,98.0
0681.864,484.65,1012.5769230769231,109.25,78.0,98.0
0681.898,429.6,889.5769230769231,105.0,78.0,98.0
0681.931,387.4,749.9416666666666,100.9375,78.0,98.0
0681.964,364.9384615384615,610.7833333333333,98.875,78.0,98.0
0681.996,331.20000000000005,484.6333333333334,96.875,78.0,98.0
0682.027,285.83333333333337,298.9769230769231,95.0,78.0,98.0
0682.071,192.27499999999998,0.5769230769230766,95.0,78.0,98.0
0682.097,116.8,-178.06153846153848,94.0,78.0,98.0
0682.129,12.399999999999999,-318.95384615384614,93.625,78.0,98.0
0682.162,-93.275,-394.0666666666667,92.0,77.99999999999999,98.0
0682.196,-202.0,-430.8375,91.4375,78.0,98.0
0682.228,-282.275,-445.2833333333333,91.0,78.0,98.0
0682.261,-355.1,-450.03333333333336,91.625,78.0,98.0
0682.294,-421.05,-447.1153846153846,92.6875,78.0,98.0
0682.335,-504.6,-442.64166666666665,94.0,78.0,98.0
0682.372,-575.6,-434.0,94.0,78.0,98.0
0682.399,-600.3923076923077,-426.8166666666666,95.0,78.0,98.0
0682.432,-596.8,-414.8833333333333,95.0,78.0,98.0
0682.466,-564.4000000000001,-402.8846153846154,95.5,78.0,98.0
0682.498,-521.3,-388.525,97.5,78.0,98.0
0682.530,-478.7846153846154,-375.0,101.5,78.0,98.0
0682.561,-444.34615384615387,-363.54999999999995,110.3125,78.0,98.0
0682.593,-415.0,-351.94444444444446,114.0,78.0,98.0
0682.633,-374.73333333333335,-337.5,113.0625,78.0,98.0
0682.665,-329.975,-325.75,109.0625,78.0,98.0
0682.698,-285.52500000000003,-316.55,106.0,78.0,98.0
0682.729,-252.59230769230768,-303.09999999999997,104.0625,78.0,98.0
0682.761,-243.42499999999998,-295.89230769230767,102.0625,78.0,98.0
0682.794,-245.575,-285.96153846153845,101.0,78.0,98.0
0682.834,-248.14999999999998,-275.00769230769225,100.5,78.0,98.0
0682.865,-244.27499999999998,-266.1153846153846,101.0,78.0,98.0
0682.897,-231.54444444444445,-256.6,101.0,78.0,98.0
0682.929,-210.61111111111111,-248.5,101.0,78.0,98.0
0682.961,-188.0,-240.675,102.0,78.0,98.0
0682.993,-164.025,-234.2,101.5625,78.0,98.0
0683.034,-151.68333333333334,-224.8,101.0,78.0,98.0
0683.067,-148.08461538461538,-217.95,99.0,78.0,98.0
0683.100,-151.43333333333334,-209.875,97.875,78.0,98.0
0683.133,-139.86666666666667,-203.16666666666669,96.0,78.0,97.99107142857143
0683.166,-103.36666666666667,-197.25000000000003,95.0,78.00000000000001,97.89285714285714
0683.199,-51.34615384615385,-191.475,94.0,78.0,97.79464285714286
0683.231,3.4666666666666655,-184.53333333333333,94.3125,78.0,97.69940476190476
0683.263,46.74166666666667,-175.91538461538462,96.9375,78.0,97.60416666666667
0683.296,76.68333333333334,-168.9,106.125,78.0,97.50595238095238
0683.330,90.87692307692308,-163.375,110.5,78.0,97.4047619047619
0683.361,87.4875,-157.34166666666667,109.125,78.0,97.3125
0683.394,82.3,-152.5846153846154,106.0,78.0,97.21428571428571
0683.435,77.2,-146.2076923076923,102.9375,78.0,97.0922619047619
0683.473,78.55000000000001,-142.73076923076923,100.5625,78.0,97.0
0683.506,75.44444444444446,-138.95000000000002,98.5,78.0,97.0
0683.538,71.4,-133.28333333333333,97.0,78.0,96.99999999999999
0683.567,69.9,-130.16666666666669,98.0,78.0,97.0
0683.601,67.75,-126.2,97.53333333333333,78.0,97.0
0683.632,63.60769230769231,-121.45,97.0,78.0,97.0
0683.665,60.2,-118.2,97.0,78.0,97.0
0683.696,57.3,-113.92307692307693,98.0,78.0,97.0
0683.728,59.22500000000001,-110.70000000000002,98.0,78.0,97.0
0683.773,51.975,-104.60000000000001,98.0,78.0,97.0
0683.799,46.646153846153844,-100.5,97.125,78.0,97.0
0683.830,33.474999999999994,-99.12307692307692,96.23529411764706,78.0,97.00000000000001
0683.862,19.0,-96.99166666666667,95.1875,78.0,97.00000000000001
0683.895,11.5,-95.675,95.0,78.0,97.0
0683.927,23.2,-95.4,94.0,78.0,97.0
0683.967,47.15833333333333,-92.16666666666667,94.0,78.0,97.0
0683.999,63.75,-91.5,97.75,78.0,97.0
0684.032,61.125,-86.79230769230769,103.3125,78.0,97.0
0684.065,36.89230769230769,-87.5,107.875,78.0,97.0
0684.097,0.16666666666666652,-87.33846153846153,110.5625,78.0,97.0
0684.129,-43.9,-88.91666666666666,108.5625,78.0,97.0
0684.160,-91.65384615384616,-92.50833333333333,105.625,78.06547619047619,97.0
0684.199,-146.7,-96.39166666666667,104.0,78.18154761904762,97.0
0684.230,-189.075,-98.58461538461539,102.25,78.27380952380953,97.00000000000001
0684.262,-235.33333333333337,-99.5,101.0,78.36904761904762,97.0
0684.294,-273.2333333333333,-97.96666666666667,100.0,78.46428571428572,97.0
0684.339,-329.5,-94.83333333333333,100.0,78.59821428571428,97.0
0684.367,-350.7375,-92.17500000000001,99.6875,78.68154761904762,97.0
0684.400,-367.15,-89.92500000000001,97.625,78.7797619047619,97.0
0684.433,-368.4,-87.18461538461538,96.0,78.87797619047619,97.0
0684.467,-355.575,-84.425,95.0,78.97916666666666,97.0
0684.500,-340.8,-80.8375,94.375,79.0,96.99999999999999
0684.532,-327.15000000000003,-79.2,94.0,78.99999999999999,97.0
0684.564,-317.9375,-75.6,94.0,79.0,97.0
0684.595,-306.0625,-73.69999999999999,94.0,79.0,97.0
0684.628,-288.8153846153846,-70.69999999999999,94.0,79.0,97.0
0684.660,-266.57500000000005,-69.03076923076924,93.375,79.0,97.0
0684.700,-233.01666666666668,-66.66153846153847,93.0,79.0,97.0
0684.732,-214.075,-64.81538461538463,94.0,79.0,97.0
0684.764,-207.30769230769232,-61.150000000000006,96.25,79.0,97.0
0684.797,-222.875,-60.1,104.5625,79.0,97.00000000000001
0684.830,-243.675,-58.875,109.5,79.0,97.0
0684.862,-267.73333333333335,-60.138461538461534,111.0,79.0,97.0
0684.894,-276.425,-58.2,108.75,79.0,97.0
0684.928,-286.11111111111114,-59.141666666666666,106.625,79.0,97.0
0684.960,-292.0,-57.01666666666667,103.625,79.0,97.0
0685.000,-306.15,-54.9,102.0,79.0,97.0
0685.032,-328.1666666666667,-52.766666666666666,100.125,79.0,97.0
0685.065,-356.59166666666664,-51.34166666666666,100.0,79.0,97.0
0685.098,-389.06666666666666,-50.516666666666666,99.0,79.0,97.0
0685.131,-416.26666666666665,-48.04615384615384,98.0,79.00000000000001,97.0
0685.163,-437.45384615384614,-45.59166666666666,96.875,79.0,97.0
0685.197,-448.4769230769231,-44.7,95.0,79.0,97.0
0685.229,-453.5833333333333,-44.891666666666666,94.0,79.0,97.0
0685.262,-446.3416666666667,-43.815384615384616,94.0,79.0,97.0
0685.294,-430.4,-41.87692307692308,94.0,79.0,97.0
0685.340,-409.18333333333334,-39.150000000000006,94.0,79.0,97.0
0685.373,-393.30769230769226,-37.7,94.0,79.0,97.0
0685.397,-386.29999999999995,-36.85,94.75,79.0,97.0
0685.429,-373.33333333333337,-36.47692307692308,95.75,79.0,97.0
0685.460,-341.6,-34.725,97.6875,79.0,97.0
0685.499,-284.33076923076925,-33.824999999999996,99.125,78.89910979228486,97.10089020771512
0685.530,-243.05555555555554,-31.775,100.0625,78.80712166172107,97.19287833827894
0685.562,-198.8,-29.73846153846154,103.125,78.71216617210682,97.28783382789317
0685.596,-179.05833333333334,-27.700000000000003,110.5625,78.6112759643917,97.3887240356083
0685.629,-172.81666666666666,-24.7,114.25,78.513353115727,97.486646884273
0685.661,-178.30833333333334,-24.03333333333333,113.75,78.41839762611276,97.58160237388725
0685.694,-197.22499999999997,-23.869230769230768,109.375,78.32047477744807,97.67952522255193
0685.734,-230.66666666666669,-25.746153846153845,106.1875,78.20178041543026,97.79821958456974
0685.767,-266.3333333333333,-27.974999999999998,104.125,78.10385756676558,97.89614243323442
0685.798,-304.95384615384614,-29.158333333333335,102.23529411764707,78.01186943620178,97.98813056379822
0685.830,-341.25,-34.1,101.0,78.0,98.0
0685.863,-365.85,-40.324999999999996,100.0,78.0,98.0
0685.894,-374.3666666666667,-45.83333333333333,100.0,78.0,98.00000000000001
0685.926,-374.39230769230767,-50.099999999999994,98.1875,78.0,98.0
0685.967,-366.25384615384615,-46.025000000000006,96.0,78.0,98.0
0686.000,-359.4,-42.99999999999999,94.0,78.0,98.0
0686.033,-351.1,-39.875,93.0,78.0,98.0
0686.066,-344.0,-36.98461538461538,92.4375,78.0,98.0
0686.099,-337.5,-34.925,92.0,78.0,98.0
0686.131,-329.7,-34.1,92.0,78.0,98.0
0686.164,-324.1,-33.0,93.0,78.0,98.0
0686.196,-319.65,-32.05384615384615,93.0,78.0,97.99999999999999
0686.229,-308.89166666666665,-29.71666666666667,93.0,78.0,98.0
0686.263,-296.05384615384617,-27.674999999999997,93.0,78.0,98.0
0686.295,-271.23333333333335,-25.433333333333337,92.0,78.0,98.0
0686.327,-241.36666666666665,-23.93846153846154,92.875,78.0,98.0
0686.367,-201.83333333333334,-21.27777777777778,95.75,78.0,98.0
0686.399,-175.24999999999997,-18.85,105.05882352941177,78.0,98.0
0686.432,-159.85833333333332,-17.95,110.4375,78.0,98.0
0686.465,-152.66153846153847,-18.1,111.0,78.0,98.0
0686.497,-140.49999999999997,-19.43846153846154,108.5,78.0,98.0
0686.529,-112.8,-19.4,106.0,78.0,98.0
0686.560,-81.68750000000001,-17.449999999999996,103.5625,78.0,98.0
0686.600,-45.95,-16.033333333333335,101.0625,78.0,98.0
0686.630,-30.175,-13.53076923076923,100.0,78.0,98.0
0686.662,-23.007692307692306,-12.572727272727272,99.0,78.0,98.0
0686.694,-18.1,-12.033333333333335,99.0,78.0,98.0
0686.739,-26.053846153846152,-11.633333333333335,98.375,78.0,98.0
0686.773,-28.830769230769228,-12.266666666666666,97.0,78.0,98.0
0686.801,-29.4,-12.5,96.0,78.0,97.99999999999999
0686.833,-17.73333333333333,-12.1,95.0,78.0,98.0
0686.866,-1.9923076923076923,-9.9,94.4375,78.0,98.0
0686.899,14.65,-8.5,93.375,78.0,98.0
0686.932,29.200000000000003,-7.8538461538461535,93.0,78.0,98.0
0686.965,48.099999999999994,-7.75,93.0,78.0,98.0
0686.999,58.38461538461539,-6.915384615384615,93.0,78.0,98.0
0687.030,64.6,-7.2333333333333325,93.0,78.0,98.0
0687.063,71.73076923076923,-5.833333333333334,93.0,78.0,98.0
0687.094,91.03333333333335,-6.050000000000001,93.0,78.0,98.0
0687.127,123.86666666666667,-4.976923076923077,94.0,78.0,98.0
0687.173,181.41666666666666,-3.0846153846153848,94.0,78.0,98.0
0687.207,217.55,-1.5750000000000002,96.875,78.0,98.0
0687.225,235.4,-1.025,100.0,78.0,98.0
0687.268,261.6,2.533333333333333,109.0625,78.0,98.0
0687.299,266.0333333333333,4.092307692307693,113.625,78.0,98.0
0687.332,263.56666666666666,5.825,112.3125,78.0,98.0
0687.365,265.0538461538461,4.591666666666666,108.25,78.0,98.0
0687.398,273.325,5.2250000000000005,106.0,78.0,98.0
0687.432,276.23333333333335,5.7,104.0625,78.0,98.0
0687.465,275.81666666666666,8.538461538461538,101.0,78.0,98.0
0687.497,266.26923076923083,8.3,99.0,78.0,98.0
0687.528,258.0777777777778,8.566666666666666,99.0,78.0,98.0
0687.560,245.8,8.6,99.0,78.0,98.00000000000001
0687.602,226.80833333333334,7.925000000000001,98.0,78.0,98.0
0687.641,211.00833333333333,6.408333333333333,96.0,78.0,98.0
0687.658,205.0666666666667,6.0,95.875,78.0,98.0
0687.700,186.46666666666664,4.5125,94.0,78.0,98.0
0687.733,173.98333333333335,3.9625,94.0,78.0,98.0
0687.764,162.2,3.1000000000000005,94.0,78.0,98.0
0687.795,158.39166666666668,2.9,93.0,78.0,98.0
0687.838,155.6,4.033333333333333,94.0,78.0,98.0
0687.865,151.875,3.9615384615384612,94.0,78.0,98.0
0687.896,147.33846153846153,4.233333333333333,94.0,78.0,98.0
0687.927,144.63333333333335,4.5,94.0,78.0,98.0
0687.960,151.13333333333333,5.3,94.0,78.0,98.0
0687.994,168.5,6.3307692307692305,94.0,78.0,98.0
0688.028,193.8,6.975,94.1875,78.0,98.0
0688.062,217.80769230769232,9.366666666666667,95.66666666666666,78.0,98.0
0688.094,233.24999999999997,12.15,103.0,78.0,98.0
0688.140,231.66666666666669,12.833333333333334,111.4,77.99104477611941,98.0
0688.172,219.14166666666668,12.025,112.80000000000001,77.8955223880597,98.00000000000001
0688.197,211.2777777777778,10.75,111.1875,77.82089552238807,98.0
0688.231,195.03333333333333,8.875,107.23529411764706,77.71940298507462,98.0
0688.264,175.5125,6.7125,104.0,77.62089552238805,98.0
0688.298,157.35,6.375,101.875,77.51940298507463,98.0
0688.331,134.96666666666667,2.9,99.8125,77.42089552238807,98.0
0688.364,106.35384615384615,1.5750000000000002,99.0,77.3223880597015,98.0
0688.398,72.35,-1.1666666666666665,99.0,77.22089552238805,98.0
0688.430,34.875,-2.830769230769231,99.0,77.12537313432837,98.0
0688.463,2.5666666666666664,-6.366666666666667,98.0,77.02686567164179,98.0
0688.496,-35.815384615384616,-10.033333333333331,97.0,76.92682926829269,97.99999999999999
0688.529,-72.5,-13.433333333333334,96.0,76.82621951219512,98.0
0688.562,-117.15,-15.153846153846153,95.375,76.72560975609755,97.99999999999999
0688.593,-171.36666666666667,-15.4875,95.0,76.6310975609756,98.0
0688.632,-248.36666666666667,-18.016666666666666,95.0,76.51219512195122,98.0
0688.663,-307.70909090909095,-19.299999999999997,95.0,76.41768292682927,98.0
0688.696,-365.725,-22.11111111111111,95.0,76.3170731707317,98.0
0688.729,-411.825,-24.0,95.0,76.21646341463415,98.0
0688.762,-452.9666666666667,-25.666666666666664,96.0,76.11585365853658,98.0
0688.795,-472.4,-26.73333333333333,96.0,76.01524390243902,98.0
0688.828,-483.25,-27.5,96.0,75.91463414634146,98.0
0688.862,-486.04166666666663,-27.866666666666667,96.0,75.8109756097561,98.0
0688.896,-484.5615384615385,-27.525,96.0,75.70731707317073,98.0
0688.929,-479.55000000000007,-26.708333333333332,97.0,75.60670731707317,98.0
0688.962,-473.425,-26.1,99.25,75.5060975609756,98.0
0688.994,-471.9666666666667,-24.916666666666668,107.875,75.40853658536585,98.0
0689.026,-479.13846153846157,-24.374999999999996,113.25,75.3109756097561,98.0
0689.072,-506.0,-25.550000000000004,113.5,75.17073170731707,98.0
0689.098,-514.75,-26.833333333333336,110.875,75.09146341463415,98.0
0689.128,-528.4166666666666,-27.984615384615385,108.0,75.0,98.0
0689.161,-536.4230769230769,-28.116666666666667,104.9375,75.0,98.0
0689.195,-552.2461538461538,-28.016666666666666,103.8125,75.0,98.00000000000001
0689.227,-566.3,-28.066666666666666,102.0,75.0,98.0
0689.266,-570.0,-26.300000000000004,102.0,75.0,98.0
0689.299,-564.05,-26.792307692307695,102.0,75.0,98.0
0689.331,-551.8583333333332,-24.733333333333334,101.3125,75.0,98.0
0689.363,-533.7888888888889,-23.375,100.3125,75.0,98.0
0689.395,-514.4,-20.16666666666667,98.3125,75.0,98.0
0689.428,-493.1,-17.73076923076923,97.25,75.0,98.0
0689.461,-469.9,-14.875,97.0,75.0,98.0
0689.492,-445.19166666666666,-12.049999999999999,96.0,75.0,98.0
0689.533,-397.1615384615385,-10.025,95.0,75.0,98.0
0689.565,-351.79999999999995,-8.0,95.0,75.0,97.99999999999999
0689.597,-309.275,-6.15,95.3125,75.0,98.0
0689.628,-273.6307692307692,-4.25,96.0,75.0,98.0
0689.660,-244.14615384615385,-2.7750000000000004,96.0,75.0,98.0
0689.693,-198.8076923076923,-2.7166666666666663,96.0,75.0,98.0
0689.740,-122.88461538461539,-0.2571428571428572,96.0,75.0,98.0
0689.773,-67.53333333333333,0.8333333333333334,96.0,75.0,98.0
0689.790,-39.87692307692308,3.091666666666667,96.375,75.0,98.0
0689.831,0.17499999999999982,5.391666666666667,101.8125,74.90773809523809,98.0
0689.862,23.25,6.346153846153847,110.625,74.81547619047619,98.0
0689.894,41.775,7.066666666666666,113.875,74.7202380952381,98.0
0689.926,62.0,6.233333333333334,113.125,74.625,98.0
0689.971,99.76153846153846,9.266666666666667,106.3125,74.49107142857143,98.0
0689.998,119.80000000000001,9.777777777777779,103.625,74.41071428571429,98.0
0690.030,140.2,10.100000000000001,101.0,74.31547619047619,98.0
0690.063,156.53846153846155,9.375,100.0,74.2172619047619,98.0
0690.095,163.3,11.2625,99.4375,74.12202380952381,98.0
0690.127,177.65,11.500000000000002,100.0,74.02678571428571,98.0
0690.160,183.55,12.96923076923077,100.0,74.0,98.0
0690.201,187.93333333333334,11.430769230769233,98.0,74.00000000000001,98.0
0690.232,178.04615384615386,10.991666666666665,97.0,74.0,98.0
0690.262,178.0,12.166666666666668,96.125,74.0,98.0
0690.293,181.35,13.392307692307693,96.0,74.0,98.0
0690.331,184.58333333333334,14.2,95.0,74.0,98.0
0690.362,182.7,12.9,95.0,74.0,98.0
0690.395,181.8,13.825,95.0,74.0,98.0
0690.428,171.3,14.566666666666668,95.0,74.0,98.0
0690.473,162.0,11.553846153846154,95.0,74.0,98.0
0690.499,150.7875,9.0,95.0,74.0,98.0
0690.530,135.2,4.616666666666667,95.0,74.0,98.0
0690.562,118.4,-0.9999999999999999,96.0,74.0,98.0
0690.595,99.11538461538461,-7.566666666666667,96.0,74.0,98.0
0690.628,67.4,-13.083333333333334,96.0,74.0,98.0
0690.661,21.5,-17.5,98.625,74.0,98.0
0690.706,-70.2,-21.450000000000003,104.875,74.0,98.0
0690.739,-138.4,-22.82307692307692,113.375,74.0,98.0
0690.765,-183.6153846153846,-24.066666666666666,115.0,74.0,98.0
0690.797,-220.48461538461538,-23.753846153846155,113.375,74.0,98.0
0690.829,-238.0,-22.883333333333336,107.33333333333334,73.93416927899686,98.0
0690.861,-245.15,-19.79230769230769,104.625,73.83385579937304,98.0
0690.893,-243.05833333333334,-16.425,101.66666666666667,73.73354231974922,98.00000000000001
0690.939,-236.6,-13.083333333333332,99.8,73.58934169278997,98.0
0690.972,-235.70000000000005,-12.133333333333335,99.0,73.4858934169279,98.0
0690.997,-230.35000000000002,-11.623076923076923,99.0,73.40752351097179,98.0
0691.028,-224.33333333333331,-9.3625,99.0,73.3103448275862,98.0
0691.059,-217.925,-8.1,99.0,73.21316614420063,98.0
0691.101,-196.9,-5.5,97.625,73.08150470219437,98.0
0691.131,-177.3,-5.884615384615385,96.0,73.0,98.00000000000001
0691.163,-155.85000000000002,-5.641666666666666,96.0,73.0,98.0
0691.195,-137.15384615384616,-5.0,95.0,73.0,98.0
0691.227,-126.47692307692309,-5.200000000000001,95.0,73.0,98.0
0691.267,-125.1,-3.692307692307692,95.0,73.0,98.0
0691.299,-120.10000000000001,-2.9499999999999997,95.0,73.0,98.0
0691.331,-107.0,-0.8750000000000002,95.0,73.0,98.0
0691.363,-78.69999999999999,0.06666666666666662,95.0,73.0,98.0
0691.394,-27.25,1.05,95.0,73.0,98.0
0691.433,37.583333333333336,3.1,94.0,73.0,98.0
0691.464,78.0,3.4,94.0,72.99702380952381,98.0
0691.496,104.35555555555555,5.6,94.0625,72.90178571428571,98.0
0691.530,120.14999999999999,9.433333333333334,101.5625,72.80059523809524,98.00000000000001
0691.562,134.46666666666667,14.5,108.5625,72.70535714285714,98.0
0691.602,140.5,20.9875,112.6875,72.58630952380952,98.0
0691.634,148.175,23.52222222222222,110.625,72.49107142857142,98.0
0691.665,147.16666666666666,25.225,108.375,72.39880952380952,98.0
0691.696,155.04166666666666,25.15,104.4375,72.30654761904762,98.0
0691.728,159.0,23.853846153846156,103.4375,72.21130952380952,98.0
0691.760,158.77692307692308,24.3,101.4375,72.11607142857143,98.0
0691.801,154.69230769230768,24.366666666666667,100.0,72.0,98.0
0691.832,150.30769230769232,25.616666666666667,100.0,72.0,98.0
0691.863,150.51666666666668,27.7,100.0,72.0,98.0
0691.895,148.79166666666666,28.4,100.0,72.0,98.0
0691.928,141.89166666666665,27.944444444444443,97.9375,72.0,98.0
0691.961,134.19230769230768,27.366666666666667,96.0,72.0,98.0
0691.994,128.25,28.892307692307693,95.8125,72.0,98.0
0692.034,121.8,30.45,95.0,72.0,98.0
0692.067,114.5625,32.03333333333333,95.0,72.0,98.0
0692.098,109.32222222222222,32.56666666666667,95.0,72.0,98.0
0692.130,103.25,30.491666666666667,95.0,72.0,98.0
0692.162,97.63333333333333,29.2,96.0,72.0,98.0
0692.194,95.6,28.2,96.6875,72.0,97.99999999999999
0692.234,89.8,28.15833333333333,97.0,72.0,98.0
0692.264,98.9,27.56666666666667,97.9375,72.0,98.0
0692.294,119.49999999999999,26.299999999999997,97.0,72.0,98.0
0692.332,153.03333333333336,28.246153846153845,97.3125,72.0,98.0
0692.363,177.95,29.46923076923077,99.5,72.0,98.0
0692.396,185.30769230769232,34.31249999999999,105.9375,72.0,98.0
0692.428,189.45,52.7,115.3125,72.0,98.0
0692.461,179.33076923076925,69.0,117.0,72.0,98.0
0692.506,174.95,82.7,111.625,72.0,98.0
0692.531,164.36923076923077,75.21666666666667,108.5,72.0,98.00000000000001
0692.562,155.4875,68.95,106.3125,72.0,98.0
0692.594,140.75,64.66666666666667,103.3125,72.0,98.0
0692.639,124.85,62.400000000000006,101.5,72.0,98.0
0692.664,116.02307692307693,58.56666666666666,101.0,72.0,98.0
0692.695,107.33846153846153,55.86666666666666,101.0,72.0,98.0
0692.727,94.69999999999999,52.36666666666667,100.0,72.0,98.0
0692.772,77.07499999999999,51.56666666666668,98.1875,72.0,98.0
0692.798,68.68461538461537,50.62499999999999,97.5625,72.0,98.0
0692.829,58.70769230769231,50.4,96.625,72.0,98.0
0692.860,51.5,48.150000000000006,96.0,72.0,98.0
0692.900,46.3625,46.775,96.0,72.0,98.0
0692.932,46.18333333333334,43.9,96.0,72.0,98.0
0692.964,50.599999999999994,43.03333333333333,95.1875,72.0,98.0
0692.996,54.769230769230774,43.55,95.8125,72.0,98.0
0693.028,60.1,43.15,96.0,72.0,98.0
0693.060,64.64999999999999,42.169230769230765,95.0,72.0,98.0
0693.092,82.58888888888889,41.425,95.0,72.0,98.0
0693.132,111.02307692307693,43.8,95.3125,71.98511904761905,98.0
0693.162,142.6,47.975,96.0,71.89583333333333,98.0
0693.196,174.9,55.8,96.66666666666667,71.79464285714286,98.0
0693.227,208.89999999999998,85.7625,103.75,71.70238095238095,98.0
0693.266,239.28461538461542,118.24615384615383,111.11764705882354,71.58630952380952,98.0
0693.297,244.23846153846154,142.38333333333333,113.4,71.49404761904762,98.0
0693.329,247.31666666666666,142.36666666666665,111.375,71.39880952380952,98.0
0693.362,247.1,137.2153846153846,108.3125,71.30059523809524,98.0
0693.394,243.44166666666666,132.03846153846155,104.3125,71.20535714285714,98.0
0693.434,228.5846153846154,127.49999999999999,102.8125,71.08630952380953,98.0
0693.465,214.2076923076923,122.64999999999999,101.0,71.0,97.99999999999999
0693.497,201.1,119.0,101.0,71.0,98.0
0693.528,194.0,113.13076923076923,102.0,71.0,98.0
0693.560,186.27692307692308,109.4,102.0,71.0,98.0
0693.602,168.1,101.875,100.25,71.0,98.0
0693.634,159.3,99.05,98.25,71.0,98.0
0693.665,150.06666666666666,97.56666666666668,97.3125,71.0,98.0
0693.697,148.275,95.36153846153846,96.0,71.0,98.0
0693.729,151.97777777777776,93.24999999999999,95.3125,71.0,98.0
0693.761,160.5,91.66666666666667,95.0,71.0,98.0
0693.800,171.15,89.5,95.0,71.0,98.0
0693.831,174.96666666666667,89.36666666666667,95.0625,71.0,98.0
0693.862,171.56923076923076,87.125,96.0,71.0,98.0
0693.894,172.39999999999998,84.8,96.0,71.0,98.0
0693.927,185.05,83.9,96.0,71.0,98.0
0693.972,224.65,80.0,96.0,71.0,98.0
0693.997,247.9230769230769,77.21538461538462,96.4375,71.0,98.0
0694.029,266.9307692307692,75.1,99.3125,71.0,98.0
0694.061,269.825,72.19999999999999,104.3125,71.0,98.0
0694.094,256.45,66.025,112.5,71.0,98.0
0694.136,221.9,51.0,111.88888888888887,71.00000000000001,98.0
0694.172,183.8,27.892307692307693,107.33333333333334,71.0,97.99999999999999
0694.199,153.02307692307693,6.116666666666666,104.9375,71.0,98.0
0694.232,118.2,-18.825000000000003,102.875,71.0,98.0
0694.264,62.95,-35.7,101.0,71.0,98.0
0694.297,13.853846153846153,-48.02499999999999,101.0,71.0,98.0
0694.329,-42.824999999999996,-55.51538461538462,101.1875,71.0,98.0
0694.360,-100.325,-66.375,102.0,71.0,98.0
0694.401,-174.0125,-82.98333333333333,101.3125,71.0,98.0
0694.435,-240.00000000000003,-94.4,99.1875,71.0,98.0
0694.467,-298.35714285714283,-105.6,98.1875,71.0,98.0
0694.498,-356.47499999999997,-112.80000000000001,97.0,71.0,98.0
0694.529,-422.59999999999997,-119.6846153846154,97.0,71.0,98.0
0694.572,-492.57500000000005,-125.90833333333333,96.0,71.0,98.0
0694.599,-538.1,-127.9,95.0,71.0,98.0
0694.630,-580.4769230769231,-128.41666666666669,95.0,71.0,98.0
0694.661,-608.0166666666668,-129.96666666666667,94.0,71.0,98.0
0694.701,-642.0230769230769,-128.83846153846153,93.0,71.0,98.0
0694.731,-653.65,-127.7,92.75,71.0,98.0
0694.762,-668.0500000000001,-125.18333333333334,92.0,71.0,98.0
0694.794,-676.2,-123.06153846153845,92.0,71.0,98.0
0694.839,-672.0666666666666,-120.46666666666667,94.1875,71.0,98.0
0694.872,-663.9,-118.9,100.19999999999999,71.0,98.0
0694.898,-647.15,-117.23076923076924,109.25,71.0,98.0
0694.930,-632.5666666666666,-112.3923076923077,111.75,71.0,98.0
0694.962,-616.0923076923077,-106.50833333333333,111.25,71.0,98.0
0694.994,-599.1769230769231,-101.72500000000001,106.25,71.0,98.0
0695.026,-583.925,-98.73333333333333,103.25,71.0,98.0
0695.065,-567.05,-93.675,98.8125,71.0,98.0
0695.096,-548.0076923076923,-89.75384615384615,97.875,71.0,98.0
0695.126,-525.8333333333333,-84.25000000000001,97.0,71.0,98.0
0695.165,-489.125,-79.23750000000001,98.0,71.05803571428571,98.0
0695.198,-455.00000000000006,-74.78750000000001,98.0,71.10714285714286,98.0
0695.230,-426.30000000000007,-72.13333333333333,97.0,71.1547619047619,98.0
0695.262,-391.55000000000007,-69.5,95.5,71.20238095238096,98.0
0695.293,-367.04999999999995,-66.56666666666668,94.0,71.2485119047619,98.0
0695.334,-334.5,-63.4,94.0,71.30952380952381,98.0
0695.364,-317.45,-62.48461538461538,94.0,71.35416666666667,98.0
0695.395,-296.0615384615385,-60.150000000000006,94.0,71.40029761904762,98.0
0695.427,-276.06666666666666,-58.43333333333334,94.8125,71.44791666666667,98.0
0695.467,-250.825,-53.099999999999994,96.0,71.50744047619048,98.0
0695.498,-229.5,-51.84615384615385,96.0,71.55357142857143,98.0
0695.529,-196.1,-51.43076923076923,96.0,71.59970238095238,98.0
0695.561,-147.68333333333334,-50.733333333333334,96.0,71.64732142857143,98.0
0695.594,-99.18333333333334,-49.7,96.25,71.69642857142857,98.0
0695.627,-63.11666666666667,-46.2,101.9375,71.74553571428572,98.0
0695.672,-42.699999999999996,-44.1,111.25,71.8125,98.0
0695.699,-43.44615384615385,-43.8,115.8125,71.85267857142857,98.0
0695.731,-52.56666666666666,-44.55,115.0,71.90029761904762,98.0
0695.763,-63.824999999999996,-43.55833333333333,112.1875,71.94791666666667,98.0
0695.793,-69.1,-43.42307692307692,108.3125,71.99255952380953,98.0
0695.834,-69.6,-42.366666666666674,105.75,72.0,98.0
0695.865,-69.425,-41.766666666666666,103.8125,72.0,98.00000000000001
0695.896,-74.9,-39.4,102.0,72.0,98.0
0695.927,-75.39166666666667,-37.8,102.0,72.0,98.0
0695.967,-70.82499999999999,-35.1,101.4375,72.0,98.0
0695.999,-65.20833333333333,-32.6,100.4375,72.0,98.0
0696.031,-58.66666666666667,-30.569230769230767,98.4375,72.0,98.0
0696.062,-51.58461538461538,-29.1125,97.0,72.0,98.0
0696.095,-33.275000000000006,-26.8625,95.0,72.0,98.0
0696.128,-14.25,-25.8375,95.0,72.0,98.0
0696.160,5.45,-22.433333333333334,94.375,72.0,98.0
0696.202,12.008333333333333,-19.46153846153846,94.0,72.0,98.0
0696.239,8.424999999999999,-17.925,94.0,72.0,98.0
0696.265,10.649999999999999,-17.233333333333334,94.0,72.0,98.0
0696.298,27.099999999999998,-17.53076923076923,94.0,72.0,98.0
0696.329,51.483333333333334,-16.215384615384618,93.0,72.0,98.0
0696.360,88.16153846153847,-11.899999999999999,93.0,72.0,98.0
0696.395,109.95,-8.683333333333334,94.625,72.0,98.0
0696.427,121.7,-5.7,101.9375,72.0,98.0
0696.460,124.60000000000001,-6.753846153846154,109.125,72.0,98.0
0696.493,125.02307692307693,-6.125000000000001,114.0,72.0,98.0
0696.533,122.16666666666667,-6.066666666666666,112.0625,72.0,98.0
0696.566,114.21666666666667,-4.325,110.0,72.0,98.0
0696.597,105.275,-6.192307692307692,107.0625,72.0,98.0
0696.628,94.21538461538461,-7.766666666666667,105.125,72.0,98.0
0696.660,83.34615384615384,-7.5,103.125,72.0,98.0
0696.699,63.03076923076924,-6.525,102.0,72.0,98.0
0696.730,49.858333333333334,-6.241666666666667,102.0,72.0,98.0
0696.761,35.17692307692308,-9.4,101.00000000000001,72.0,98.0
0696.793,17.725,-13.46153846153846,100.0,72.0,98.0
0696.833,-18.4,-19.0,97.25,72.0,98.0
0696.863,-48.325,-19.676923076923075,96.375,72.0,98.0
0696.896,-87.45384615384616,-22.700000000000003,95.0,72.0,98.0
0696.927,-116.7,-23.316666666666666,94.0,72.0,98.0
0696.966,-156.05,-27.53333333333333,94.0,72.0,98.0
0696.996,-183.05,-28.144444444444446,94.0,72.0,98.0
0697.029,-211.91538461538462,-28.425,93.0,72.0,98.0
0697.062,-243.7,-28.775,93.0,72.0,98.0
0697.094,-263.68333333333334,-28.924999999999997,92.9375,72.0,98.0
0697.126,-270.1333333333333,-29.5,92.0,72.00297619047619,98.0
0697.166,-263.7416666666666,-31.023076923076925,92.0,72.12202380952381,98.0
0697.198,-254.6538461538462,-32.275,92.5625,72.2172619047619,98.0
0697.230,-247.66666666666669,-32.0,100.6875,72.3125,98.0
0697.262,-236.17499999999998,-31.391666666666666,107.6875,72.4077380952381,98.0
0697.293,-226.04166666666666,-28.253846153846155,112.5,72.5,98.0
0697.334,-215.57142857142858,-25.384615384615387,111.0,72.62202380952381,98.0
0697.367,-211.1,-22.533333333333335,108.0,72.7202380952381,98.0
0697.399,-206.3,-21.458333333333332,106.9375,72.81547619047619,98.0
0697.432,-200.1625,-21.8375,104.8125,72.91369047619048,98.0
0697.463,-200.1875,-21.25,102.0,73.0,98.0
0697.494,-203.20000000000002,-20.888888888888893,101.0,73.0,98.0
0697.527,-207.60769230769233,-19.8,101.0,73.0,98.0
0697.571,-205.60000000000002,-19.5,100.0,73.0,98.00000000000001
0697.596,-206.6625,-19.725,99.0,73.0,98.0
0697.627,-205.95,-19.284615384615385,97.625,73.0,98.0
0697.667,-202.8,-18.3,96.0,73.0,98.0
0697.697,-200.58461538461538,-16.650000000000002,95.0,73.0,98.0
0697.730,-199.36666666666667,-15.483333333333334,94.0,73.0,98.0
0697.761,-199.55,-15.5,94.0,73.0,98.0
0697.793,-198.33333333333331,-15.25,94.0,73.0,98.0
0697.833,-201.0,-15.033333333333333,94.0,72.99999999999999,98.0
0697.865,-202.3,-12.7,93.0,73.0,98.0
0697.896,-200.5,-12.7,93.0,73.0,98.0
0697.929,-180.1,-12.3,92.0,73.0,98.00000000000001
0697.961,-153.725,-12.116666666666667,92.0,73.0,97.99999999999999
0698.002,-114.975,-9.8875,92.75,73.0,98.0
0698.034,-96.26153846153846,-9.375,99.25,73.0,98.0
0698.066,-86.2,-6.985714285714286,107.0,73.0,98.0
0698.096,-84.9,-7.258333333333333,112.625,73.0,98.0
0698.127,-88.95833333333333,-8.13846153846154,113.0,73.0,98.0
0698.167,-94.775,-8.092307692307694,110.875,73.0,98.0
0698.198,-99.47777777777777,-7.675,108.0,73.0,98.0
0698.229,-101.125,-7.191666666666666,106.0625,73.0,98.0
0698.261,-101.11666666666667,-6.8,103.0625,73.0,98.0
0698.300,-106.23333333333335,-7.184615384615385,102.0,73.0,98.0
0698.332,-109.8076923076923,-6.961538461538462,101.0,73.0,98.0
0698.365,-109.13076923076923,-6.800000000000001,101.0,73.0,98.0
0698.399,-109.775,-7.908333333333333,100.0,73.0,98.0
0698.432,-110.35833333333333,-8.346153846153847,97.3125,73.0,98.0
0698.464,-112.4769230769231,-9.715384615384615,96.35294117647058,73.0,98.0
0698.497,-116.78333333333333,-9.9125,94.29411764705883,73.0,98.0
0698.528,-116.99999999999999,-9.774999999999999,94.0,73.0,98.0
0698.567,-118.225,-7.8916666666666675,93.0,73.0,97.99999999999999
0698.598,-117.425,-7.446153846153846,93.0,73.0,98.0
0698.629,-113.01111111111112,-6.2,93.0,73.0,98.0
0698.660,-102.0,-5.65,93.0,73.0,98.0
0698.702,-83.975,-2.6750000000000003,93.0,73.0,98.0
0698.734,-67.03333333333333,-0.8076923076923077,92.0,73.0,98.0
0698.766,-33.323076923076925,4.283333333333333,91.0,73.0,98.0
0698.801,32.333333333333336,8.0,90.0,73.0,98.0
0698.833,101.6,12.2875,89.0,73.0,98.0
0698.866,157.14999999999998,15.5,90.8125,73.0,98.0
0698.898,186.5,18.65,98.6875,73.0,98.0
0698.930,200.46666666666667,20.025000000000002,107.25,73.0,98.0
0698.962,207.75,21.0875,112.625,73.0,98.0
0698.994,211.64999999999998,20.453846153846154,113.1875,73.0,98.0
0699.038,213.46666666666667,20.0625,110.4375,73.0,98.0
0699.064,214.48749999999998,19.549999999999997,109.0,73.0,98.0
0699.094,217.75,19.5,107.9375,73.0,98.0
0699.134,219.275,17.141666666666666,104.4375,73.0,98.0
0699.166,216.43333333333337,19.0,103.4375,73.0,98.0
0699.200,218.32307692307694,17.146153846153847,103.0,73.0,98.0
0699.232,214.93846153846152,17.876923076923077,101.3125,73.0,98.0
0699.265,213.26666666666668,18.65,100.25,73.0,98.0
0699.296,204.525,18.299999999999997,98.3125,73.0,98.0
0699.327,198.35,19.166666666666664,96.375,73.0,98.0
0699.373,183.83333333333334,17.946153846153845,94.0,73.0,98.0
0699.407,168.63076923076923,17.7,93.0,73.0,98.0
0699.440,149.85,19.5,92.0,73.0,98.0
0699.474,130.7166666666667,18.466666666666665,92.0,73.0,98.00000000000001
0699.506,114.75,18.46666666666667,91.1875,73.0,98.0
0699.539,105.93076923076923,17.323076923076922,91.0,73.0,98.0
0699.567,107.25,16.46666666666667,91.0,73.0,98.0
0699.601,122.95833333333333,19.983333333333334,91.0,73.0,98.0
0699.632,142.31666666666666,24.025000000000002,91.0,73.0,98.0
0699.664,161.6,27.646153846153847,91.0,73.0,98.0
0699.697,183.91111111111113,31.38461538461538,91.0,73.0,98.0
0699.731,198.25,33.56666666666667,91.0,73.0,98.0
0699.762,210.1,36.416666666666664,91.8125,73.0,98.0
0699.794,222.34615384615384,42.26666666666667,99.4375,73.0,98.0
0699.839,241.2076923076923,50.13846153846154,108.875,73.0625,98.0
0699.863,247.04999999999998,52.6375,112.0,73.09821428571428,98.0
0699.894,253.35833333333332,55.184615384615384,110.9375,73.14434523809523,97.99999999999999
0699.939,253.88750000000002,55.93846153846154,108.125,73.21130952380952,98.0
0699.967,254.68461538461537,58.730769230769226,106.375,73.25297619047619,98.0
0700.000,252.18461538461537,62.891666666666666,105.3125,73.30208333333334,98.0
0700.033,251.75,78.28333333333333,102.25,73.35119047619048,98.0
0700.066,253.625,91.375,101.0,73.40029761904762,98.0
0700.098,257.05555555555554,100.98461538461538,101.0,73.44791666666666,98.0
0700.131,260.05,96.0,101.0,73.49702380952381,98.0
0700.163,252.95555555555558,89.31538461538462,100.0,73.54464285714286,98.0
0700.194,239.6,86.9,98.0,73.59077380952381,98.0
0700.234,226.74999999999997,83.3125,96.34375,73.65029761904762,98.0
0700.265,216.83749999999998,82.2125,94.0,73.69642857142857,98.0
0700.296,217.00833333333333,80.34444444444445,93.8125,73.74255952380952,98.0
0700.328,216.8615384615385,77.86666666666667,93.0,73.79017857142857,98.0
0700.359,219.14999999999998,77.90833333333333,93.0,73.83630952380952,98.0
0700.403,226.37500000000003,83.3,92.0,73.90178571428571,98.0
0700.440,230.275,98.56666666666668,92.0,73.95684523809524,98.0
0700.473,230.95,113.49230769230769,92.0,74.0,98.00000000000001
0700.497,228.65,124.06666666666666,92.0,74.0,98.0
0700.530,218.03333333333336,128.0,92.0,74.0,98.0
0700.561,223.63333333333333,129.75,92.0,74.0,98.0
0700.594,241.9,132.56153846153845,92.0,74.0,98.0
0700.626,260.95,134.64999999999998,92.0,74.0,98.0
0700.665,277.6,137.9,94.75,74.0,98.0
0700.695,272.82500000000005,140.025,100.5,74.0,98.0
0700.727,270.84615384615387,139.3,107.5,74.0,98.0
0700.772,254.4,137.34444444444443,114.9375,74.0,98.0
0700.799,238.775,133.88333333333333,113.375,74.0,98.0
0700.831,217.93846153846158,130.19166666666666,109.3125,73.92238805970149,98.0
0700.862,211.3769230769231,125.76153846153846,108.0,73.82985074626866,98.0
0700.893,222.1307692307692,121.37692307692308,106.46666666666667,73.7373134328358,97.99999999999999
0700.934,265.53333333333336,132.66666666666666,103.9375,73.61492537313433,98.0
0700.971,301.1538461538462,173.0923076923077,103.0,73.5044776119403,98.0
0700.998,333.22499999999997,199.94166666666666,102.93333333333334,73.42388059701493,98.0
0701.029,340.1666666666667,229.1,101.9375,73.33134328358209,98.0
0701.061,349.07499999999993,222.5666666666667,97.875,73.23582089552238,98.0
0701.094,340.64166666666665,212.85555555555555,94.75,73.13731343283582,98.0
0701.126,324.2153846153846,201.72500000000002,91.875,73.04179104477612,98.0
0701.159,306.41666666666663,189.55,88.8125,73.0,98.0
0701.200,284.65000000000003,174.175,88.0,73.0,98.0
0701.231,275.05833333333334,167.7,89.6875,73.0,98.0
0701.262,268.0875,161.1,90.625,73.0,98.0
0701.293,260.7,153.76666666666665,92.5625,73.0,98.0
0701.334,245.2,144.125,95.0,73.0,98.0
0701.366,229.25833333333333,136.475,95.0,73.0,98.0
0701.398,216.65,129.26153846153846,94.0,73.0,98.0
0701.430,210.2,122.69230769230768,93.875,73.0,98.0
0701.463,215.5076923076923,115.925,92.8235294117647,72.98214285714286,98.0
0701.495,223.63076923076923,110.775,92.0,72.79166666666667,98.0
0701.527,232.66666666666669,105.31666666666666,92.0,72.60119047619048,98.00000000000001
0701.568,238.8,101.68333333333334,97.25,72.35714285714286,98.0
0701.602,236.43333333333334,96.35384615384616,104.46666666666667,72.1547619047619,98.0
0701.634,234.4,91.35384615384615,111.86666666666666,71.96428571428572,98.0
0701.665,228.23333333333332,82.325,112.0,71.77976190476191,98.0
0701.697,222.21666666666667,74.0,110.1875,71.58928571428572,98.0
0701.730,215.66666666666666,64.85,107.125,71.39285714285714,98.0
0701.763,212.6,57.66923076923077,106.0,71.19642857142857,98.0
0701.795,201.37500000000003,52.1,105.0,71.00595238095238,98.0
0701.826,191.65,44.25,104.0,70.99999999999999,98.0
0701.866,174.65,30.6,105.0,71.0,98.0
0701.898,166.6153846153846,17.630769230769232,105.375,71.0,98.0
0701.930,157.96153846153845,2.8692307692307693,105.0,71.0,98.0
0701.961,148.33333333333334,-5.550000000000001,103.6875,71.0,98.0
0701.995,142.47500000000002,-12.75,101.5625,71.0,98.0
0702.027,138.06666666666666,-17.075,100.0,71.0,98.0
0702.060,134.83846153846153,-23.1,100.0,71.0,98.0
0702.106,119.53076923076922,-32.853846153846156,99.375,71.0,98.0
0702.132,110.74999999999999,-32.03333333333334,100.0,71.0,98.0
0702.163,97.54166666666666,-23.025,100.0,71.0,98.0
0702.196,88.6,-10.3,99.0,71.0,98.0
0702.228,80.41538461538462,0.25000000000000006,99.0,71.0,98.0
0702.260,69.4,6.95,98.0,71.0,98.0
0702.301,65.06666666666666,14.055555555555555,97.0,71.0,98.0
0702.333,67.175,22.625,96.0,71.0,98.0
0702.364,78.09166666666667,38.9,95.0,71.0,98.0
0702.398,84.23333333333333,55.50000000000001,96.625,71.0,98.0
0702.431,89.7625,68.99166666666666,105.75,71.0,98.0
0702.464,92.1125,79.88333333333334,112.25,71.0,98.0
0702.495,91.9875,88.3111111111111,114.6875,71.0,98.0
0702.527,86.8923076923077,99.8125,111.625,71.0,97.99999999999999
0702.573,71.30000000000001,141.3,106.4375,71.0,98.0
0702.606,63.050000000000004,166.7,102.375,71.0,98.0
0702.631,60.75,180.3,100.8125,71.0,98.0
0702.662,54.21538461538462,183.1,99.875,71.0,98.0
0702.694,52.392307692307696,174.93333333333334,99.0,71.0,98.0
0702.727,50.16666666666667,169.65,97.8125,71.0,98.0
0702.760,44.56666666666667,164.7153846153846,96.0,71.0,98.0
0702.801,42.8,163.8,95.1875,71.0,98.0
0702.833,50.630769230769225,167.81538461538463,94.0,71.0,97.99999999999999
0702.866,68.4,180.65,94.0,71.0,98.0
0702.899,77.9,194.5,94.0,71.0,98.0
0702.933,83.94999999999999,208.25,94.0,71.0,98.0
0702.967,89.46666666666667,218.06923076923078,93.0,71.0,98.0
0702.998,101.18461538461538,250.71249999999998,92.0,71.0,98.0
0703.029,110.08333333333333,289.6375,92.0,71.0,98.0
0703.060,106.53333333333333,335.26153846153846,92.0,71.0,98.0
0703.100,108.7,375.3666666666667,92.0,71.0,98.0
0703.131,108.54166666666667,392.32499999999993,92.0,71.0,98.0
0703.162,117.525,416.225,91.0,70.96646341463413,97.99999999999999
0703.195,127.92499999999998,449.37499999999994,92.4375,70.91615853658537,98.0
0703.228,150.6,498.8307692307692,99.0,70.86585365853658,98.0
0703.261,172.8,587.0230769230769,105.6875,70.8155487804878,98.0
0703.294,178.65,698.4666666666667,108.625,70.76524390243902,98.0
0703.326,166.85,795.8750000000001,108.375,70.71646341463415,98.0
0703.371,132.42499999999998,843.65,105.5625,70.64786585365854,98.0
0703.396,122.49166666666665,803.4777777777779,103.0,70.60975609756098,98.0
0703.428,92.27692307692308,690.6875,101.0,70.5609756097561,98.0
0703.460,58.9,518.575,99.0,70.51219512195122,98.0
0703.501,-1.6000000000000005,222.23333333333332,97.4375,70.44969512195122,98.0
0703.532,-53.425,26.3,97.0,70.40243902439025,98.0
0703.566,-126.8375,-143.5,95.1875,70.35060975609755,98.0
0703.598,-209.83333333333331,-255.72307692307695,93.375,70.30182926829268,98.0
0703.630,-311.375,-325.8666666666667,92.0,70.2530487804878,98.0
0703.662,-410.25,-384.64166666666665,92.0,70.20426829268293,98.0
0703.693,-519.4230769230769,-422.01666666666665,91.0,70.15701219512195,98.0
0703.733,-663.6846153846154,-441.6,91.0,70.09603658536585,98.0
0703.764,-768.0307692307692,-444.5333333333333,91.0,70.04878048780488,98.0
0703.795,-856.525,-438.5,91.9375,70.0015243902439,98.0
0703.827,-908.0166666666667,-429.5666666666666,92.0,70.0,98.0
0703.872,-914.4,-414.33333333333337,93.0,70.0,98.0
0703.897,-886.2538461538461,-404.0230769230769,93.0,70.0,97.99999999999999
0703.927,-835.9,-390.6,94.0,70.0,98.0
0703.960,-771.2,-376.57500000000005,95.25,70.0,98.0
0704.002,-706.0666666666667,-361.8416666666667,101.625,70.0,98.0
0704.040,-684.25,-352.2,112.5,70.0,98.0
0704.073,-660.8538461538461,-342.0461538461539,115.0,70.0,98.0
0704.098,-643.5125,-334.525,115.0,70.0,98.0
0704.131,-620.8166666666666,-323.425,112.0625,70.0,98.0
0704.164,-593.5769230769231,-312.2375,110.0,70.0,98.0
0704.196,-566.2416666666667,-302.7384615384616,105.9375,70.0,98.0
0704.227,-543.275,-292.3083333333333,105.0,70.0,98.00000000000001
0704.267,-531.9,-279.15,104.0,70.0,98.0
0704.297,-544.4307692307692,-269.63846153846157,103.625,70.0,98.0
0704.328,-558.4000000000001,-261.4076923076923,103.0,70.0,98.0
0704.359,-565.75,-252.8,101.75,70.0,98.0
0704.401,-545.925,-243.22500000000002,100.125,70.0,98.0
0704.439,-514.4,-232.76666666666668,98.75,70.0,98.0
0704.465,-493.59999999999997,-225.34444444444446,98.0,70.0,98.0
0704.497,-485.3846153846155,-215.4375,98.0,70.0,98.0
0704.529,-481.3,-205.87499999999997,98.0,70.0,98.0
0704.562,-475.9666666666667,-199.13333333333335,97.0625,70.0,98.0
0704.594,-458.74615384615385,-194.13076923076923,97.0,70.0,98.0
0704.639,-392.3888888888889,-186.14444444444445,96.0,70.0,98.0
0704.665,-346.175,-181.16666666666669,96.0,70.0,98.0
0704.696,-291.1666666666667,-173.99166666666667,97.3125,70.0,98.0
0704.727,-251.83846153846153,-167.56153846153848,100.75,70.0,98.0
0704.767,-232.33076923076925,-160.66666666666666,112.25,70.0,98.0
0704.798,-230.0,-156.0,115.0,70.0,98.0
0704.831,-227.65000000000003,-146.75,113.25,70.08333333333333,98.0
0704.865,-220.13333333333333,-138.1153846153846,111.125,70.18452380952381,98.0
0704.898,-208.0923076923077,-128.45555555555555,109.0625,70.2827380952381,98.0
0704.931,-198.34166666666664,-115.95,107.0,70.38095238095238,98.0
0704.964,-190.89166666666665,-100.125,104.9375,70.47916666666666,98.0
0704.996,-187.53333333333336,-81.65,102.9375,70.57440476190476,98.0
0705.027,-185.5923076923077,-60.23076923076923,102.0,70.66666666666666,98.0
0705.071,-176.28333333333333,-37.855555555555554,100.25,70.79761904761905,98.0
0705.097,-169.9625,-27.361538461538466,99.625,70.875,98.0
0705.129,-157.82500000000002,-20.433333333333334,98.0,70.97023809523809,98.0
0705.161,-146.42499999999998,-15.684615384615386,96.625,71.0,98.0
0705.195,-131.28461538461536,-9.607692307692307,96.0,71.0,98.0
0705.226,-120.56153846153846,-2.6125,95.0,71.0,98.0
0705.272,-108.01111111111112,10.733333333333334,95.0,71.0,98.0
0705.299,-99.63333333333333,14.883333333333333,94.0,71.0,98.0
0705.330,-77.3,27.5,93.0625,71.0,98.0
0705.361,-49.69230769230769,37.166666666666664,93.0,71.0,98.0
0705.401,-13.2,48.2,93.0,71.0,98.0
0705.432,2.783333333333333,49.4,94.3125,71.0,98.0
0705.465,1.9,43.8,102.125,71.01785714285714,98.0
0705.498,-3.5,37.7,108.3125,71.11607142857142,98.0
0705.530,-15.366666666666665,33.2,112.4375,71.21130952380952,98.00000000000001
0705.561,-30.766666666666666,25.03333333333333,112.625,71.30357142857143,98.0
0705.593,-53.4,11.315384615384616,110.625,71.39880952380952,98.00000000000001
0705.632,-88.425,-8.45,107.1875,71.51488095238095,98.0
0705.664,-107.67692307692309,-22.133333333333336,105.1875,71.61011904761905,98.0
0705.695,-122.8875,-34.5,103.25,71.70238095238095,98.0
0705.726,-138.58333333333331,-43.7,101.0,71.79464285714286,98.0
0705.766,-173.2,-56.15,100.0,71.91369047619048,98.0
0705.796,-208.48461538461538,-66.82307692307693,99.9375,72.00297619047619,98.0
0705.828,-253.02499999999998,-75.825,98.9375,72.09821428571428,98.0
0705.860,-296.1333333333333,-85.45,96.9375,72.19345238095238,98.0
0705.893,-342.0666666666667,-91.3,95.4375,72.29166666666667,98.0
0705.934,-396.0666666666667,-96.775,94.3125,72.41369047619047,98.0
0705.967,-433.7076923076923,-102.16666666666667,94.0,72.51190476190476,98.0
0705.999,-465.30000000000007,-110.175,93.0,72.60714285714286,98.0
0706.031,-490.77500000000003,-116.75833333333333,93.0,72.70238095238095,98.0
0706.063,-512.2333333333333,-126.03333333333333,93.0,72.79761904761904,98.0
0706.096,-521.6461538461538,-133.2923076923077,92.1875,72.89583333333333,98.0
0706.128,-516.85,-138.36666666666667,92.0,72.99107142857142,98.0
0706.160,-510.98333333333335,-137.5,92.0,73.17261904761905,97.99999999999999
0706.201,-506.75,-137.40833333333333,97.125,73.41666666666666,98.0
0706.234,-514.675,-136.08461538461538,104.3125,73.61309523809524,98.0
0706.268,-528.65,-136.04615384615386,111.5625,73.81547619047619,98.0
0706.300,-539.4250000000001,-136.2,112.4375,74.00595238095238,98.0
0706.331,-550.8,-136.275,111.5,74.19047619047619,98.0
0706.362,-565.2,-136.0,108.5625,74.375,98.0
0706.394,-574.0076923076923,-135.85,107.5625,74.56547619047619,98.0
0706.441,-591.1777777777778,-134.92307692307693,103.0,74.8452380952381,98.0
0706.458,-590.7,-134.56666666666666,102.5625,74.94642857142857,98.0
0706.498,-594.85,-131.2,102.0,75.0,98.0
0706.529,-589.5846153846155,-129.77692307692308,102.0,75.0,98.0
0706.561,-571.8923076923078,-123.98333333333332,101.0,75.0,98.0
0706.593,-549.7,-120.45,99.0,75.0,98.0
0706.633,-517.6166666666668,-113.41666666666666,97.0,75.0,98.0
0706.663,-497.75,-107.06153846153845,96.0,75.0,98.0
0706.694,-474.29999999999995,-99.92307692307692,95.0,75.0,98.0
0706.734,-439.8153846153846,-90.66153846153846,95.0,75.0,98.0
0706.767,-408.73333333333335,-83.36666666666667,94.1875,75.0,98.0
0706.800,-373.98333333333335,-77.66666666666667,94.0,75.0,98.0
0706.832,-334.85,-72.13076923076923,94.0,75.08902077151335,98.0
0706.864,-296.0,-67.1923076923077,93.0,75.1839762611276,98.0
0706.896,-253.83333333333334,-61.28333333333334,93.0,75.27893175074183,98.0
0706.927,-210.5,-54.599999999999994,93.76470588235294,75.37091988130564,98.0
0706.967,-155.2,-46.599999999999994,97.5,75.48961424332344,98.0
0706.998,-111.78333333333335,-42.891666666666666,105.5625,75.58160237388724,98.0
0707.031,-72.16923076923077,-37.11666666666667,110.25,75.67952522255193,98.0
0707.064,-40.41538461538462,-33.215384615384615,110.6875,75.77744807121661,98.0
0707.097,-12.4,-29.069230769230767,108.625,75.8753709198813,98.0
0707.129,17.312499999999996,-23.441666666666666,106.625,75.97032640949556,98.0
0707.171,55.56666666666667,-19.35,103.0,76.0,98.0
0707.196,74.1,-18.71666666666667,101.4375,76.0,98.0
0707.228,99.1,-16.71666666666667,99.0,76.0,98.0
0707.260,112.44999999999999,-16.325,99.0,76.0,98.0
0707.300,131.6,-16.65,98.9375,76.0,98.0
0707.331,137.7,-15.475,97.0,76.0,98.0
0707.363,146.3,-13.533333333333335,96.0,76.0,98.0
0707.394,146.9,-11.2,94.0,76.0,98.0
0707.434,140.4625,-11.075,93.0,76.0,98.0
0707.465,134.225,-11.258333333333333,92.0,76.00894187779433,98.0
0707.496,126.69230769230771,-10.36923076923077,91.6875,76.05514157973175,98.00000000000001
0707.530,117.76923076923075,-11.066666666666666,92.0,76.10581222056632,98.0
0707.563,104.05000000000001,-10.925,92.0,76.15499254843516,98.0
0707.595,89.03333333333333,-10.133333333333333,92.0,76.2026825633383,98.0
0707.628,76.96153846153845,-11.715384615384616,92.0,76.25186289120715,98.0
0707.667,70.2,-12.18888888888889,91.0,76.30998509687034,97.99999999999999
0707.699,66.9,-15.700000000000001,91.0625,76.35767511177346,98.0
0707.732,62.46666666666667,-16.9,93.25,76.40685543964231,98.0
0707.764,58.7125,-20.591666666666665,97.5,76.45454545454545,98.0
0707.797,34.5,-22.43076923076923,107.5625,76.5037257824143,98.0
0707.828,3.825,-24.0,111.0625,76.54992548435172,98.0
0707.860,-35.662499999999994,-27.400000000000002,110.875,76.59761549925484,98.0
0707.906,-94.6,-33.366666666666674,108.0,76.6661698956781,98.0
0707.939,-123.7,-38.266666666666666,105.9375,76.71535022354695,98.0
0707.972,-157.03333333333333,-40.761538461538464,103.875,76.76453055141579,98.0
0707.999,-179.55,-42.74166666666666,102.1875,76.80476900149031,98.0
0708.032,-204.39999999999998,-46.11666666666667,100.125,76.85394932935917,98.0
0708.065,-224.7846153846154,-47.51538461538461,100.0,76.90312965722802,98.0
0708.097,-237.06923076923076,-49.45,100.0,76.95081967213115,98.0
0708.130,-250.325,-50.050000000000004,98.0,77.0,98.0
0708.165,-255.97500000000002,-50.25,96.8125,77.0,98.0
0708.197,-256.03846153846155,-48.5,95.0,77.0,98.00000000000001
0708.229,-247.2923076923077,-45.1,94.0,77.0,98.0
0708.260,-232.9666666666667,-42.3,94.0,77.0,98.0
0708.299,-205.81666666666666,-37.5,94.0,77.0,98.0
0708.330,-184.5,-34.483333333333334,94.0,77.0,98.0
0708.362,-163.77777777777777,-30.72307692307692,93.0,77.0,98.0
0708.394,-145.175,-25.4,93.0,77.0,98.0
0708.428,-118.9,-18.683333333333334,92.375,77.0,98.0
0708.462,-74.25,-14.608333333333334,92.0,77.0,98.0
0708.493,-16.02307692307692,-11.115384615384613,92.0,77.0,98.0
0708.534,77.61111111111111,-5.923076923076923,93.0,77.0,98.0
0708.566,135.6,-0.23333333333333323,94.25,77.0,98.0
0708.597,174.34166666666667,5.449999999999999,100.75,77.0,98.0
0708.628,193.1,8.191666666666666,107.25,77.0,98.0
0708.667,199.9083333333333,9.141666666666666,112.0,77.0,98.0
0708.697,205.95000000000002,11.338461538461539,110.5625,77.0,98.0
0708.728,209.7,12.623076923076923,108.625,77.0,98.0
0708.759,218.69166666666666,13.950000000000001,106.6875,77.0,98.0
0708.800,225.15,12.541666666666666,104.125,77.0,98.0
0708.833,224.64166666666665,12.083333333333332,101.0625,77.0,98.0
0708.864,213.13076923076923,12.807692307692307,100.125,77.0,98.0
0708.897,203.13076923076923,13.333333333333336,100.0,77.0,98.0
0708.929,193.10000000000002,12.65,100.0,77.0,98.0
0708.963,181.77500000000003,11.0,98.9375,77.0,98.0
0708.996,170.33333333333331,10.707692307692309,96.875,77.0,98.0
0709.030,151.3,9.5,95.75,77.0,98.0
0709.064,131.86666666666667,7.875,94.0,77.0,98.0
0709.095,99.8,2.45,94.0,77.0,98.0
0709.127,52.28461538461538,-3.0,93.0,77.0,98.0
0709.169,-18.9,-13.675,94.0,76.99999999999999,98.0
0709.208,-98.18461538461538,-21.353846153846156,94.0,77.0,98.0
0709.226,-139.07500000000002,-24.066666666666663,94.0,77.0,98.0
0709.267,-217.48461538461538,-28.074999999999996,93.9375,77.0,98.0
0709.298,-270.4,-31.866666666666667,93.0,77.0,98.0
0709.329,-311.0,-36.75,93.9375,77.0,98.0
0709.361,-333.65,-41.71666666666666,94.0,77.0,98.0
0709.406,-345.51666666666665,-45.983333333333334,94.0,77.0,98.0
0709.432,-346.7,-47.9923076923077,95.375,77.0,98.0
0709.464,-354.7,-48.07692307692307,102.125,77.0,98.0
0709.496,-366.3625,-48.375,108.125,77.0,98.0
0709.529,-381.425,-48.075,113.4375,77.0,98.0
0709.563,-389.5230769230769,-46.86666666666667,112.4375,77.0,98.0
0709.596,-383.475,-46.362500000000004,110.375,77.0,98.0
0709.629,-366.25,-44.412499999999994,108.3125,77.0,98.0
0709.662,-338.85,-41.08333333333333,107.0,77.0,98.00000000000001
0709.694,-313.4307692307692,-37.2,104.5,77.0,98.0
0709.727,-294.125,-32.61538461538461,102.1875,77.0,98.0
0709.768,-275.9153846153846,-28.599999999999994,101.0,77.0,98.0
0709.801,-263.2416666666667,-25.224999999999998,100.5625,77.0,98.0
0709.833,-252.03333333333336,-22.033333333333335,99.5625,77.0,98.0
0709.865,-242.75,-19.775,97.0,77.0,98.0
0709.896,-236.41538461538462,-17.9,96.3125,77.0,98.0
0709.929,-235.85,-16.1,95.0,77.0,98.0
0709.960,-231.06666666666666,-16.1,94.0,77.0,98.0
0710.003,-254.51666666666665,-14.900000000000002,93.93333333333334,77.0,98.0
0710.039,-265.7833333333333,-12.98888888888889,93.0,77.0,98.0
0710.064,-265.35,-11.3,93.0,77.0,98.0
0710.096,-249.29999999999998,-4.833333333333334,93.0,77.0,98.0
0710.129,-211.775,1.8692307692307695,92.05882352941177,77.0,98.0
0710.161,-188.86428571428573,9.223076923076922,91.05882352941175,76.90476190476191,98.0
0710.200,-150.1153846153846,14.353846153846154,90.0,76.78869047619048,98.0
0710.232,-111.75,18.1,89.5625,76.69345238095238,98.0
0710.264,-72.76666666666665,22.200000000000003,89.4375,76.59821428571429,98.0
0710.295,-41.02307692307693,24.941666666666666,91.75,76.50595238095238,98.0
0710.327,-21.41538461538461,25.123076923076923,96.41176470588235,76.41071428571428,98.0
0710.367,1.9846153846153853,21.853846153846156,106.625,76.29166666666667,98.0
0710.399,33.175,17.133333333333333,109.8125,76.19642857142857,98.0
0710.432,68.5,12.2,109.0,76.09821428571428,98.0
0710.463,111.67692307692307,7.316666666666666,107.1875,76.00595238095238,98.0
0710.494,134.21111111111114,4.2153846153846155,105.1875,76.0,97.99999999999999
0710.533,137.7,1.5,103.0,76.0,98.0
0710.566,121.9,1.4000000000000001,102.0,76.0,97.99999999999999
0710.597,97.10000000000001,0.5,103.23529411764706,76.0,98.0
0710.628,84.1888888888889,0.7,105.0,76.0,98.0
0710.667,80.63846153846153,0.9076923076923077,105.375,76.0,98.0
0710.699,87.26666666666668,0.6666666666666666,104.375,76.0,98.0
0710.732,88.36666666666667,0.20000000000000007,103.0,76.0,98.0
0710.765,83.82307692307691,0.7999999999999999,101.25,76.0,98.0
0710.800,70.4,1.8307692307692307,100.0,76.0,98.0
0710.833,59.24166666666667,2.158333333333333,97.0,76.0,98.0
0710.864,47.175000000000004,3.25,95.0625,76.0,98.0
0710.897,32.48461538461538,2.1750000000000003,95.0,76.0,98.0
0710.929,24.375000000000004,2.8000000000000003,94.0,76.0,98.0
0710.962,12.325,5.8875,94.0,76.0,98.0
0710.994,2.575,7.45,94.0,76.0,98.0
0711.040,-17.21666666666667,6.9,94.875,76.0,98.0
0711.073,-13.946153846153848,6.3,95.0,76.0,98.0
0711.099,2.066666666666667,7.816666666666666,94.0,76.0,98.0
0711.132,17.3,12.083333333333336,93.0,76.0,98.0
0711.164,33.01538461538461,16.65,93.625,75.8452380952381,98.0
0711.197,34.9,21.023076923076925,98.0625,75.64880952380952,97.99999999999999
0711.228,34.550000000000004,23.96666666666667,105.5,75.46428571428572,98.0
0711.262,34.06666666666666,28.65,112.75,75.26190476190476,98.0
0711.295,31.0,31.925,113.1875,75.0654761904762,98.0
0711.327,29.03333333333333,31.122222222222224,110.1875,74.875,98.0
0711.367,47.58461538461538,27.907692307692308,108.6875,74.63690476190476,98.0
0711.400,92.65,26.666666666666668,107.625,74.44047619047619,98.0
0711.431,126.3,32.0,106.6875,74.25595238095238,98.0
0711.463,152.6,38.15833333333333,104.6875,74.06547619047619,98.0
0711.494,149.44615384615386,41.230769230769226,103.0,74.0,98.0
0711.527,143.95,41.96666666666667,102.0,74.0,98.0
0711.568,146.01666666666668,41.35,101.0,74.0,98.0
0711.600,147.7875,40.699999999999996,99.125,74.0,98.0
0711.631,151.25,40.772727272727266,98.1875,74.0,98.0
0711.662,156.6,40.6,98.0,74.0,98.0
0711.693,160.1,40.646153846153844,98.70588235294117,74.0,98.0
0711.733,168.86249999999998,42.258333333333326,98.0,74.0,98.0
0711.767,182.56666666666666,42.400000000000006,98.0,74.0,98.0
0711.800,187.48461538461538,42.79230769230769,98.0,74.0,98.0
0711.833,185.05,39.55833333333334,98.0,74.0,98.0
0711.866,177.2833333333333,38.49230769230769,97.0,74.0,98.0
0711.898,169.0,35.80833333333333,96.4375,74.0,98.0
0711.930,169.53333333333333,34.775,96.0,74.0,98.0
0711.961,182.4,34.6,95.0,74.0,98.0
0712.001,203.42499999999998,35.59166666666667,94.0,74.0,98.0
0712.040,217.9153846153846,38.075,96.875,74.0,98.0
0712.073,225.03333333333336,39.25555555555556,102.5,74.0,98.0
0712.090,231.16666666666669,48.6,105.6875,74.0,98.0
0712.132,246.725,77.075,112.0,73.99107142857143,98.0
0712.165,257.9923076923077,96.11538461538461,110.5,73.89285714285714,98.0
0712.197,259.04166666666663,106.80833333333334,106.5,73.79761904761905,98.0
0712.229,252.33333333333331,95.55000000000001,104.75,73.70238095238095,98.0
0712.260,247.06153846153848,88.6,102.8125,73.61011904761905,98.0
0712.295,249.37692307692308,80.26666666666668,100.0,73.50595238095238,98.0
0712.329,267.15,76.1,99.0,73.4047619047619,98.0
0712.363,287.2416666666667,74.7,99.0,73.30357142857143,98.0
0712.397,301.1,74.14999999999999,98.25,73.20238095238095,98.0
0712.430,292.0,69.4,98.0,73.10416666666667,98.0
0712.464,268.125,56.61666666666667,96.0,73.00297619047619,98.0
0712.497,227.48461538461538,35.469230769230776,94.0,73.0,98.0
0712.529,178.28333333333333,12.783333333333333,93.0,73.0,98.0
0712.561,111.2,-8.8,92.0,73.0,98.0
0712.602,21.133333333333333,-29.566666666666663,93.0,73.0,98.0
0712.632,-51.65833333333333,-42.46923076923077,93.0,73.0,98.0
0712.663,-121.68461538461538,-55.016666666666666,94.0,73.0,98.0
0712.695,-189.24999999999997,-66.4125,95.0,73.0,98.0
0712.727,-256.68333333333334,-75.6,95.0,73.0,98.0
0712.759,-301.5076923076923,-81.6625,95.0,73.0,98.0
0712.800,-341.0666666666667,-84.5,95.0,73.0,98.0
0712.832,-325.775,-82.16153846153846,95.0,72.90773809523809,98.0
0712.866,-276.6,-75.2,94.0,72.80654761904762,98.0
0712.898,-214.13333333333333,-67.23333333333333,95.0625,72.71130952380952,98.0
0712.931,-159.475,-56.26153846153846,102.375,72.61309523809524,98.0
0712.964,-122.35,-48.8,109.5625,72.51488095238095,98.0
0712.997,-101.4,-41.1,114.0,72.41666666666666,98.0
0713.029,-80.16666666666666,-35.18333333333333,112.5,72.32142857142857,98.0
0713.060,-54.092307692307685,-30.161538461538463,109.625,72.22916666666666,98.0
0713.101,-25.86153846153846,-23.815384615384616,105.25,72.10714285714286,98.0
0713.132,-13.4,-19.815384615384616,103.3125,72.01488095238096,98.0
0713.165,-13.55,-15.653846153846153,100.25,72.0,98.0
0713.197,-12.9,-14.1,100.0,72.0,98.0
0713.228,-8.161538461538461,-10.9,99.0,72.0,98.0
0713.260,-3.2333333333333334,-8.9,99.0,72.0,98.0
0713.293,2.5,-5.946153846153846,98.0,72.0,98.0
0713.333,7.783333333333333,-5.0,97.0,72.0,98.0
0713.365,13.291666666666666,-5.1125,97.0,72.0,98.0
0713.395,22.53076923076923,-6.2,96.0,72.0,98.0
0713.427,35.784615384615385,-8.3,96.0,72.0,98.0
0713.472,67.92500000000001,-6.36923076923077,95.0625,72.0,98.0
0713.497,84.61666666666667,-5.833333333333334,94.5,72.00000000000001,98.0
0713.528,97.31538461538462,-0.9333333333333333,94.0,72.0,98.0
0713.560,94.83333333333333,1.123076923076923,93.0,72.0,98.0
0713.594,77.875,-0.8999999999999999,93.0,72.0,98.0
0713.640,43.95,-9.746153846153845,92.0,72.0,98.0
0713.658,31.907692307692308,-13.291666666666666,92.0,72.0,98.0
0713.699,5.861538461538461,-21.56153846153846,93.0,72.0,98.0
0713.732,-15.861538461538462,-28.176923076923078,95.375,72.0,98.0
0713.764,-42.483333333333334,-35.075,100.5625,72.0,98.0
0713.797,-84.40833333333335,-42.6125,109.25,71.98809523809524,98.00000000000001
0713.830,-139.10769230769233,-48.625,111.0,71.88988095238095,98.0
0713.862,-193.90833333333336,-53.69230769230769,108.6875,71.79464285714286,98.0
0713.894,-236.66666666666666,-57.900000000000006,105.6875,71.69940476190476,97.99999999999999
0713.938,-264.6583333333333,-60.0125,103.0,71.56845238095238,98.0
0713.966,-267.5,-59.13333333333333,101.1875,71.48511904761904,98.0
0713.997,-265.43333333333334,-58.13076923076923,101.0,71.39285714285714,98.0
0714.030,-264.95,-55.27692307692307,101.0,71.29464285714286,98.0
0714.063,-261.55,-52.25,101.875,71.19642857142857,98.0
0714.096,-259.85,-47.925,101.0625,71.09821428571429,98.0
0714.129,-257.7153846153846,-42.50769230769231,100.0,71.0,98.0
0714.161,-256.4384615384615,-38.833333333333336,99.0,71.0,98.0
0714.205,-250.06923076923076,-34.707692307692305,97.0,71.0,98.0
0714.230,-243.10000000000002,-33.4,97.0,71.0,98.0
0714.261,-231.4666666666667,-32.9,97.0,71.0,98.0
0714.292,-219.0230769230769,-32.49230769230769,96.8125,71.0,98.0
0714.332,-212.175,-31.9,96.0,71.0,98.0
0714.366,-193.425,-28.0625,96.0,71.0,98.0
0714.399,-169.34166666666667,-23.849999999999998,95.0,71.0,98.0
0714.431,-122.16153846153846,-20.5,94.06666666666666,71.0,98.0
0714.464,-63.15,-17.730769230769234,93.0,71.0,98.0
0714.497,-6.15,-11.516666666666666,93.0625,71.00000000000001,98.0
0714.528,25.933333333333334,-6.1625,96.0,71.0,98.0
0714.560,46.469230769230776,-1.15,103.0,71.0,98.0
0714.592,60.761538461538464,6.325,110.0,71.0,98.0
0714.633,77.8,9.130769230769232,113.4375,71.0,98.0
0714.665,87.93333333333334,11.216666666666667,110.875,71.0,98.0
0714.695,91.14615384615385,11.066666666666668,105.125,71.0,98.0
0714.726,78.18461538461538,12.738461538461538,101.625,71.0,98.0
0714.765,61.7,14.633333333333333,98.1875,71.0,98.0
0714.796,48.9875,16.29230769230769,97.0,71.0,98.0
0714.829,39.3375,18.0,97.0,71.00000000000001,98.00000000000001
0714.861,41.63333333333334,18.8,98.0,71.0,98.0
0714.894,47.712500000000006,23.54615384615385,98.0,71.0,98.0
0714.939,66.05833333333334,27.330769230769235,96.3125,71.0,98.0
0714.963,72.58333333333333,29.0,95.8125,71.0,97.99999999999999
0714.994,81.59230769230768,28.35,94.875,71.0,98.0
0715.039,86.05384615384615,27.550000000000004,94.0,71.0,98.0
0715.065,87.85,27.223076923076924,93.0,71.0,98.0
0715.097,93.94615384615386,27.815384615384616,93.0,71.0,98.0
0715.129,95.8,28.150000000000002,93.5625,71.0,98.0
0715.162,90.6,28.374999999999996,94.625,71.0,98.0
0715.195,88.4,28.483333333333334,95.0,71.0,98.0
0715.227,95.5,29.161538461538463,96.0,71.0,98.0
0715.272,108.4,29.2375,97.0,71.0,98.0
0715.296,120.80000000000001,31.425,98.0,71.0,98.0
0715.327,129.36666666666667,33.9,100.875,71.0,98.0
0715.372,126.18333333333332,38.225,108.25,71.0,98.0
0715.397,116.80000000000001,39.46153846153846,114.625,71.0,98.0
0715.430,100.22500000000001,43.199999999999996,115.625,71.0,98.0
0715.463,85.67500000000001,45.3,113.6,71.0,98.0
0715.494,70.28888888888889,49.15,109.625,71.0,98.0
0715.526,52.1,49.830769230769235,108.0,71.0,98.0
0715.572,29.316666666666663,47.80769230769231,104.75,71.0,98.0
0715.598,23.25,45.2,103.125,71.0,98.0
0715.630,23.607692307692307,43.55,102.0,71.0,98.0
0715.663,25.97692307692308,43.477777777777774,101.0,71.0,98.0
0715.695,32.24166666666667,42.337500000000006,99.0625,71.0,98.0
0715.727,44.96666666666667,40.575,96.0625,71.0,98.0
0715.772,54.06666666666667,37.1,93.25,71.0,98.0
0715.798,57.1,36.776923076923076,92.625,70.99999999999999,98.0
0715.830,53.074999999999996,36.28461538461538,92.0,71.0,97.99999999999999
0715.863,51.400000000000006,35.34166666666666,92.0,71.0,98.0
0715.895,54.3,38.91666666666667,92.0,71.0,98.0
0715.927,62.60769230769231,43.74615384615384,91.0,71.0,98.0
0715.970,74.94615384615383,51.758333333333326,91.0,71.0,98.0
0715.995,80.32499999999999,70.1,91.0,71.0,98.0
0716.026,96.69999999999999,100.425,90.0,71.0,98.0
0716.072,139.8375,138.94166666666666,91.0,71.0,98.0
0716.099,175.66153846153844,155.625,91.0,71.0,98.0
0716.131,215.14166666666665,150.2,92.1875,71.00446428571429,98.0
0716.164,242.89166666666665,145.82222222222222,95.75,71.05357142857143,98.0
0716.197,252.125,145.5125,105.9375,71.10267857142857,98.0
0716.228,237.10000000000002,144.05,110.5,71.14880952380952,97.99999999999999
0716.260,212.32307692307694,142.35384615384615,112.0,71.19642857142857,98.0
0716.299,190.45384615384614,140.42307692307693,109.625,71.25446428571428,98.0
0716.330,177.44166666666666,139.63846153846154,107.375,71.30059523809524,97.99999999999999
0716.361,171.5625,141.73333333333332,104.4375,71.34672619047619,98.0
0716.395,161.9,159.86666666666667,102.3125,71.39732142857142,98.0
0716.427,149.4,192.58333333333331,102.0,71.44494047619048,98.0
0716.460,145.2,221.10000000000002,101.0,71.49404761904762,98.0
0716.501,153.85000000000002,246.23333333333332,100.0,71.55505952380952,98.0
0716.532,167.35,244.8,97.75,71.60119047619048,98.0
0716.564,179.53846153846155,244.6625,95.75,71.64880952380952,98.0
0716.596,179.7125,238.7,93.75,71.69642857142857,98.0
0716.629,173.9625,232.775,93.0,71.74553571428572,98.0
0716.660,170.10000000000002,248.3125,92.0,71.79166666666667,98.0
0716.700,166.23846153846154,294.76666666666665,93.0,71.85119047619048,98.0
0716.731,181.5923076923077,329.0846153846154,93.0,71.89732142857143,98.0
0716.765,203.7,351.5769230769231,94.0,71.94791666666667,98.0
0716.799,239.71666666666664,338.25,94.9375,71.9985119047619,98.0
0716.830,265.43333333333334,330.85,95.0,72.08928571428571,98.0
0716.861,290.9769230769231,321.5846153846154,94.1875,72.18154761904762,98.0
0716.892,307.8,313.2923076923077,94.0,72.27380952380953,98.0
0716.932,318.97499999999997,301.80833333333334,96.25,72.39285714285715,98.0
0716.963,313.375,295.55,100.5625,72.48511904761904,98.0
0716.994,301.4555555555556,288.3,109.25,72.57738095238095,98.0
0717.025,284.5,280.5888888888889,113.0,72.66964285714286,98.0
0717.067,259.525,273.125,112.3125,72.79464285714286,98.0
0717.097,248.84999999999997,261.43333333333334,108.4375,72.88392857142858,98.0
0717.128,234.24615384615387,248.85,107.0,72.97619047619048,98.0
0717.172,213.23333333333335,225.8125,104.75,73.0,98.0
0717.200,196.175,213.10000000000002,104.0,73.0,98.0
0717.234,182.4,196.83333333333334,103.0,73.0,98.0
0717.266,172.23846153846154,183.45833333333331,103.0,73.0,98.0
0717.297,161.19230769230768,165.01538461538462,102.9375,73.0,98.0
0717.328,149.86666666666667,143.78333333333333,101.0,73.0,98.0
0717.360,129.825,118.4125,100.0,73.0,98.0
0717.400,88.05000000000001,67.86666666666667,98.46666666666667,73.0,98.0
0717.432,39.29166666666667,25.425,97.46666666666667,73.0,98.0
0717.463,-16.0,-14.569230769230769,97.0,73.0,98.0
0717.495,-76.89999999999999,-60.24999999999999,96.0,73.0,98.0
0717.527,-140.275,-102.5,96.0,73.0,98.0
0717.568,-219.89999999999998,-167.2,95.0,73.0,98.0
0717.600,-267.6777777777778,-211.0625,95.0,73.0,98.0
0717.632,-310.34999999999997,-245.2,95.0625,73.0,98.0
0717.664,-338.8,-266.76666666666665,96.0,73.0,98.0
0717.697,-376.0,-277.9,96.125,73.0,98.0
0717.729,-410.6,-282.95000000000005,99.375,73.0,98.0
0717.762,-451.2,-286.4,105.5625,73.0,98.0
0717.794,-493.725,-287.84166666666664,114.1875,73.0,98.0
0717.833,-549.2444444444444,-290.2615384615384,116.0,73.0,98.0
0717.864,-586.5749999999999,-290.7307692307693,114.0,73.0,98.0
0717.896,-619.6166666666667,-290.4,110.0,73.0,98.0
0717.929,-645.6,-287.0,107.4375,73.0,98.0
0717.961,-663.6692307692308,-284.0769230769231,105.4375,73.0,98.0
0718.002,-680.8166666666667,-279.0076923076923,105.0,73.0,98.0
0718.034,-683.5250000000001,-271.6333333333333,105.0,73.0,98.0
0718.066,-677.0,-264.4,104.0,73.0,98.0
0718.098,-662.0692307692308,-253.9083333333333,102.875,73.0,98.0
0718.129,-646.1,-244.825,99.9375,73.0,98.0
0718.161,-627.0625,-234.25384615384615,98.0,73.0,98.0
0718.207,-593.5,-220.55384615384614,96.0,73.0,98.0
0718.225,-582.1307692307693,-213.39166666666665,95.0,73.0,98.0
0718.266,-551.5153846153846,-197.4,94.0,73.0,98.0
0718.298,-532.5916666666667,-184.8846153846154,93.0,73.0,98.0
0718.329,-525.5999999999999,-171.8416666666667,92.4375,73.0,98.0
0718.361,-516.0666666666666,-163.39999999999998,91.0,73.0,98.0
0718.394,-499.41538461538465,-155.2,91.0,73.0,98.0
0718.435,-447.80000000000007,-145.58333333333334,90.0,73.0,98.0
0718.473,-378.55,-135.36153846153846,90.5625,73.02678571428572,97.97321428571429
0718.498,-319.48333333333335,-126.9,92.125,73.10119047619048,97.89880952380953
0718.531,-236.07692307692307,-117.39999999999999,98.5625,73.19940476190477,97.80059523809524
0718.565,-167.3,-108.95384615384614,103.625,73.30059523809523,97.69940476190476
0718.597,-124.175,-103.31538461538462,104.66666666666667,73.39583333333334,97.60416666666667
0718.628,-101.775,-98.11666666666667,102.41176470588235,73.48809523809524,97.51190476190476
0718.667,-87.025,-90.77499999999999,99.29411764705883,73.60416666666666,97.39583333333334
0718.698,-79.83846153846153,-86.00769230769231,96.35294117647058,73.69642857142857,97.30357142857143
0718.730,-72.99230769230769,-78.96666666666667,94.375,73.79166666666666,97.20833333333333
0718.763,-73.1,-73.20769230769231,93.6875,73.88988095238095,97.11011904761905
0718.796,-76.25,-68.9625,94.0,73.98809523809524,97.01190476190476
0718.829,-82.15,-64.8375,95.0,74.04321907600597,97.00000000000001
0718.861,-90.95384615384616,-62.47500000000001,95.0,74.09090909090908,96.99999999999999
0718.894,-99.8,-60.82222222222222,95.0,74.14008941877795,97.0
0718.929,-103.48333333333333,-55.400000000000006,95.0,74.19225037257824,97.0
0718.961,-116.56666666666668,-53.733333333333334,96.0,74.23994038748138,97.0
0718.994,-112.68461538461538,-52.3,96.0,74.28912071535022,97.0
0719.040,-89.85384615384615,-54.224999999999994,96.0,74.35767511177347,97.0
0719.072,-61.94615384615385,-53.28461538461539,96.0,74.4053651266766,97.0
0719.099,-51.425,-52.65384615384615,96.0,74.44560357675113,97.0
0719.132,-38.291666666666664,-49.85,96.0,74.49478390461996,97.0
0719.164,-28.392307692307696,-45.53333333333334,96.0,74.5424739195231,97.0
0719.197,-9.908333333333331,-42.238461538461536,96.0,74.59165424739196,97.0
0719.229,7.700000000000001,-40.266666666666666,96.0,74.63934426229508,97.0
0719.262,20.9,-36.983333333333334,96.9375,74.68852459016394,97.0
0719.294,29.1,-33.684615384615384,101.8125,74.73621460506706,97.0
0719.327,38.4,-35.016666666666666,111.0,74.78539493293592,97.0
0719.373,24.10833333333333,-43.76153846153846,114.0,74.85394932935915,97.0
0719.400,12.837499999999999,-50.3,112.4375,74.8941877794337,97.0
0719.435,-5.1499999999999995,-56.4,110.25,74.94634873323398,97.0
0719.473,-29.574999999999996,-61.4,107.875,75.0,97.0
0719.500,-52.074999999999996,-64.97692307692309,106.1875,75.0,97.00000000000001
0719.532,-94.6,-68.75,104.1875,75.0,96.99999999999999
0719.565,-144.5,-70.0,103.0,75.0,97.00000000000001
0719.599,-199.41538461538462,-72.60833333333333,102.0,75.0,97.0
0719.631,-246.925,-75.26923076923077,102.0,75.0,97.0
0719.664,-290.5153846153846,-77.56666666666666,100.9375,75.0,97.0
0719.696,-331.2,-80.9,99.9375,75.0,97.0
0719.728,-369.74444444444447,-83.60000000000001,97.9375,75.0,97.0
0719.760,-397.7625,-87.4,96.9375,75.0,97.0
0719.793,-422.375,-90.075,96.0,75.0,97.0
0719.839,-447.29999999999995,-91.01538461538462,95.0,75.0,97.00000000000001
0719.873,-460.90000000000003,-91.14166666666667,95.0,75.0,97.0
0719.898,-467.75384615384615,-89.45,94.3125,75.0,97.0
0719.930,-473.0,-86.43846153846154,94.0,75.0,97.0
0719.962,-472.0666666666667,-84.65,93.0,75.0,97.0
0719.995,-456.0615384615385,-82.0,93.0,75.0,97.0
0720.027,-436.1769230769231,-79.57499999999999,93.0,75.0,97.0
0720.073,-411.3307692307692,-76.75,100.875,75.0,97.0
0720.098,-401.54615384615386,-74.12307692307692,105.375,75.0,97.0
0720.130,-392.2,-71.85000000000001,111.0,75.0,97.0
0720.161,-378.3222222222222,-67.5,110.0,75.0,97.0
0720.201,-348.89230769230767,-63.075,107.0,75.0,97.0
0720.233,-316.1461538461539,-58.11666666666667,105.375,75.0,97.0
0720.265,-283.26666666666665,-52.91666666666667,104.375,75.0,97.0
0720.298,-247.23333333333335,-45.8,102.3125,75.0,97.0
0720.331,-208.1,-39.616666666666674,101.0,75.0,97.0
0720.364,-164.89999999999998,-33.43846153846154,100.0,75.0,97.0
0720.397,-122.2,-28.541666666666664,100.0,75.0,97.0
0720.428,-80.88333333333333,-26.025,99.0,75.0,97.0
0720.474,-15.366666666666667,-21.76666666666667,97.3125,75.0,97.0
0720.500,15.333333333333332,-18.6,97.0,75.0,97.0
0720.532,46.44615384615385,-12.983333333333334,96.0,75.0,97.00000000000001
0720.564,70.23333333333333,-8.36923076923077,95.0,75.0,97.0
0720.596,89.925,-3.041666666666667,95.0,75.0,97.0
0720.627,102.41666666666666,1.1249999999999998,95.0,75.0,97.0
0720.667,111.12307692307692,6.9,95.0,75.0,97.0
0720.697,119.1,12.075,94.0,75.0,97.0
0720.727,141.95000000000002,16.783333333333335,94.0,75.0,97.0
0720.768,182.86666666666667,23.25,94.0,75.0,97.0
0720.801,216.04444444444442,27.175,94.125,75.00595238095238,97.00595238095238
0720.834,239.1,31.1375,100.5625,75.10416666666667,97.10416666666667
0720.867,242.7,33.766666666666666,106.75,75.20238095238096,97.20238095238095
0720.901,239.7,37.5,111.375,75.30357142857142,97.30357142857143
0720.935,234.01666666666668,41.13333333333334,111.5,75.40476190476191,97.4047619047619
0720.967,232.22500000000002,43.18333333333334,109.5,75.5,97.5
0720.999,234.10769230769228,60.2,106.5,75.5952380952381,97.5952380952381
0721.030,235.73333333333335,87.38461538461539,104.5625,75.6875,97.6875
0721.063,232.99166666666665,113.1,102.5,75.78571428571429,97.78571428571429
0721.096,225.4083333333333,133.575,100.4375,75.88392857142857,97.88392857142857
0721.128,214.96923076923076,129.23333333333335,100.0,75.97916666666666,97.97916666666667
0721.159,207.45833333333331,125.65384615384615,99.5,76.0,98.0
0721.203,195.66666666666669,123.14615384615384,98.0,76.0,98.0
0721.240,187.4,118.76923076923077,96.4375,76.0,98.0
0721.273,183.9,112.45,96.0,76.0,98.0
0721.298,178.9769230769231,108.35,95.0,76.0,98.0
0721.329,170.7,101.14615384615385,94.0,76.0,98.0
0721.362,157.85,91.80000000000001,94.0,76.0,98.0
0721.394,148.95000000000002,80.32307692307693,94.0,76.0,98.0
0721.427,140.125,66.49090909090908,94.0,76.0,98.0
0721.460,127.86363636363636,49.51538461538462,93.0,76.0,98.0
0721.493,112.56666666666666,34.38461538461539,93.0,76.0,98.0
0721.539,93.4,13.653846153846153,94.0,76.0,98.0
0721.573,85.93333333333334,2.1416666666666666,94.0,76.0,98.0
0721.598,80.39166666666665,-4.7375,94.0,76.0,98.0
0721.630,71.06923076923077,-10.255555555555556,94.9375,76.0,98.0
0721.662,50.3,-15.825,102.8125,76.0,98.0
0721.693,23.07692307692308,-19.75,109.625,76.0,98.0
0721.734,-25.15,-26.2,113.0,76.0,98.0
0721.765,-64.38461538461539,-30.607692307692304,110.625,76.0,98.0
0721.797,-110.36666666666667,-35.77692307692308,107.625,76.00000000000001,98.0
0721.830,-168.63333333333335,-41.833333333333336,106.0,76.0,98.0
0721.862,-234.07500000000002,-49.974999999999994,104.5625,76.0,98.0
0721.895,-310.74615384615385,-55.246153846153845,101.5,76.0,98.0
0721.927,-376.15,-63.650000000000006,100.0,76.0,98.0
0721.960,-428.96923076923076,-71.35000000000001,100.0,76.0,98.0
0722.002,-469.0,-81.3,99.0,76.0,98.0
0722.033,-491.9875,-88.46666666666667,98.0,76.0,98.0
0722.065,-513.45,-92.73333333333335,97.0,76.0,98.0
0722.098,-533.0,-96.9,96.0,76.0,98.0
0722.131,-551.7230769230769,-97.56666666666668,95.0,76.0,98.0
0722.163,-566.9000000000001,-98.47692307692309,95.0,76.0,98.0
0722.195,-578.5166666666667,-98.45833333333334,95.0,76.0,98.0
0722.227,-582.9333333333334,-99.4,94.0,76.0,97.99999999999999
0722.260,-578.4307692307693,-96.91666666666667,94.0,76.0,98.0
0722.300,-556.6,-91.17499999999998,94.0,76.0,98.0
0722.331,-528.7666666666667,-85.35384615384615,94.0,76.0,98.0
0722.362,-483.45000000000005,-79.08333333333333,94.0,76.0,98.0
0722.395,-420.58888888888885,-71.65,94.0,76.0,98.0
0722.428,-347.75,-65.64999999999999,94.0,76.0,98.0
0722.461,-287.45,-59.23076923076923,94.9375,76.0,98.0
0722.501,-226.26666666666665,-54.975,97.875,76.0,98.0
0722.533,-196.42499999999998,-54.2,103.875,76.0,98.0
0722.565,-182.13076923076923,-53.85,107.0,76.0,98.0
0722.597,-166.05,-51.72222222222222,105.5625,76.0,98.0
0722.629,-135.625,-46.6125,104.5625,76.0,98.0
0722.661,-78.12307692307692,-41.38333333333334,104.0,76.0,98.0
0722.700,11.583333333333334,-33.099999999999994,105.875,76.0,98.0
0722.730,67.8,-28.291666666666664,106.0,76.0,98.0
0722.762,107.20833333333333,-24.284615384615385,105.0,76.0,98.0
0722.794,118.83333333333334,-20.46666666666667,104.25,76.0,98.0
0722.838,114.67500000000001,-16.975,102.5,76.0,98.0
0722.863,115.23076923076923,-14.3,98.9375,76.0,98.0
0722.895,121.60833333333333,-7.615384615384615,96.9375,76.0,98.0
0722.927,133.7,-3.3,92.875,76.0,98.0
0722.972,134.8,5.25,90.125,76.0,98.0
0722.998,134.0888888888889,17.65833333333333,90.0,76.0,98.0
0723.032,149.175,44.6,93.25,76.0,98.0
0723.064,194.3,69.9,96.625,76.0,98.0
0723.096,250.5125,90.4625,99.0,76.0,98.0
0723.127,298.9,87.32499999999999,98.4375,76.0,98.0
0723.161,316.07500000000005,80.52307692307693,96.3125,76.00000000000001,98.0
0723.194,314.18750000000006,74.58461538461538,93.29411764705883,76.0,98.0
0723.226,296.1,71.78461538461539,91.27777777777777,76.0,98.0
0723.272,298.275,71.36666666666667,90.0,76.0,98.0
0723.299,315.375,77.45384615384616,90.0,76.0,98.0
0723.331,342.4769230769231,114.7,92.625,76.0,98.0
0723.363,356.5846153846154,144.6923076923077,96.9375,76.0,98.0
0723.395,347.375,173.59230769230768,102.9375,76.0,98.0
0723.427,341.9666666666667,176.58333333333331,109.625,76.0,98.0
0723.472,380.1333333333333,185.38333333333335,112.0,76.0,98.0
0723.499,432.5,192.3,113.0,76.0,97.99999999999999
0723.530,480.225,199.41666666666669,113.0,76.0,98.0
0723.562,506.54999999999995,194.26666666666668,111.25,76.0,98.0
0723.596,498.1,189.51666666666668,105.25,76.0,98.0
0723.628,468.13846153846157,183.9,101.25,76.0,98.0
0723.671,418.23333333333335,173.9,97.0,76.0,98.0
0723.695,383.75,169.4,95.9375,76.0,98.0
0723.726,339.53333333333336,161.05,95.0,76.0,98.0
0723.773,255.59999999999997,142.5,94.0,76.0,98.0
0723.806,193.16666666666666,121.6,94.0,76.0,98.0
0723.831,149.7,100.40769230769232,94.5625,76.0,98.00000000000001
0723.862,101.75,72.13846153846154,95.5,76.0,98.0
0723.893,64.68461538461538,42.916666666666664,98.4375,76.0,98.0
0723.935,21.138461538461538,2.333333333333333,101.0625,76.0,98.0
0723.973,-41.13846153846154,-35.45,101.5625,76.0,98.0
0724.008,-115.1,-67.69999999999999,100.375,76.0,98.0
0724.025,-160.7,-79.43333333333332,98.625,76.0,98.0
0724.073,-294.51666666666665,-107.375,92.3125,76.0,98.0
0724.107,-371.9,-111.225,89.1764705882353,76.0,98.0
0724.124,-392.225,-111.18333333333334,88.06666666666668,76.0,98.0
0724.165,-395.1555555555555,-105.23333333333333,88.0,76.0,98.0
0724.197,-359.0,-98.5,91.41176470588235,76.0,98.00000000000001
0724.229,-273.4,-86.78333333333333,103.5,76.0,98.0
0724.262,-166.0,-66.98461538461538,113.25,76.0,98.0
0724.294,-51.38333333333333,-48.261538461538464,120.5625,76.0,98.0
0724.327,34.21538461538461,-32.508333333333326,120.375,76.0,98.0
0724.360,79.77692307692308,-24.633333333333333,116.625,76.0,98.0
0724.402,94.06923076923077,-22.833333333333332,109.375,76.0,98.0
0724.440,92.53750000000001,-18.708333333333332,103.625,76.0,98.0
0724.473,89.1,-13.253846153846153,97.5,76.0,98.0
0724.498,88.15,-7.133333333333334,96.6875,76.0,98.0
0724.530,89.16923076923078,-0.6499999999999999,95.0,76.0,98.0
0724.563,86.1923076923077,4.538461538461538,95.0,76.0,98.0
0724.596,87.19999999999999,8.933333333333334,94.4375,76.0,98.0
0724.628,106.375,16.03333333333333,95.4375,76.0,98.0
0724.660,130.44444444444443,23.6,97.4375,76.0,98.0
0724.700,167.9,29.725,100.9375,76.0,98.0
0724.731,168.6,27.084615384615383,101.0,76.0,98.0
0724.764,149.875,22.5,100.0625,76.0,98.0
0724.798,115.33846153846153,16.799999999999997,97.875,76.0,98.0
0724.831,74.9,12.524999999999999,94.875,76.0,97.99999999999999
0724.863,44.68333333333334,11.0,91.875,76.0,98.0
0724.895,20.4,9.8,90.0,75.99999999999999,98.0
0724.926,14.066666666666666,9.850000000000001,89.0625,76.0,98.0
0724.972,31.1375,9.049999999999999,90.9375,76.0,98.0
0724.997,65.08333333333334,13.36153846153846,93.0,76.0,98.0
0725.029,128.125,23.991666666666667,102.0,76.0,98.0
0725.061,185.39999999999998,72.51666666666667,111.5,76.0,98.0
0725.106,229.90000000000003,127.1,121.0,76.0,98.0
0725.132,216.34615384615384,154.17499999999998,119.125,76.0,98.0
0725.164,184.54166666666666,152.66153846153844,113.1875,76.0,98.0
0725.198,143.8,139.2153846153846,104.875,76.0,98.0
0725.230,118.25833333333333,126.45,100.9375,76.0,98.0
0725.263,109.95384615384616,119.625,98.0,76.0,98.0
0725.295,107.07499999999999,140.4,98.0,76.0,98.0
0725.328,128.725,166.7153846153846,100.1875,76.0,98.0
0725.361,172.23846153846156,189.58333333333334,103.25,76.0,98.0
0725.395,230.84615384615384,203.9,105.375,76.0,98.0
0725.428,273.84999999999997,199.6,105.5625,76.0,98.0
0725.461,290.0333333333333,192.83076923076922,103.5,76.0,98.0
0725.495,279.6,182.3166666666667,100.375,76.0,98.0
0725.529,235.99166666666665,160.65,97.25,76.0,98.0
0725.562,172.23076923076923,129.07500000000002,95.1875,76.0,98.00000000000001
0725.595,91.85,89.075,92.0,76.0,98.0
0725.630,6.100000000000002,47.7,91.0,76.0,98.0
0725.662,-67.225,16.25,92.0,76.0,98.0
0725.694,-120.56923076923077,-11.833333333333332,93.0,76.0,98.0
0725.740,-178.22499999999997,-60.641666666666666,94.0,76.0,98.0
0725.772,-209.96153846153845,-97.06666666666668,95.0,76.0,98.0
0725.797,-242.73333333333335,-120.05000000000001,95.0,76.0,98.0
0725.829,-282.5,-135.2,94.5,76.0,98.0
0725.861,-343.93333333333334,-143.4625,97.0,76.0,98.0
0725.893,-411.05,-152.06666666666666,104.5,76.0,98.0
0725.939,-521.125,-167.06923076923078,110.0,76.0,98.0
0725.966,-577.8,-174.5230769230769,107.9375,76.0,98.0
0725.998,-630.8384615384615,-177.75,105.9375,76.0,98.0
0726.032,-659.9000000000001,-179.36666666666665,104.0,76.0,98.0
0726.066,-670.9666666666667,-176.64615384615385,104.0,76.0,98.0
0726.100,-673.9666666666667,-172.1,104.4375,76.0,98.0
0726.133,-675.8384615384615,-168.825,105.0,76.0,97.99999999999999
0726.166,-687.5,-167.98333333333335,105.0,76.0,98.0
0726.199,-700.0,-167.89166666666665,103.375,76.0,98.0
0726.232,-718.3,-166.86923076923077,99.625,76.0,98.0
0726.266,-728.1916666666666,-165.325,97.125,76.0,98.0
0726.298,-730.1,-160.45,94.17647058823529,76.0,98.0
0726.330,-714.1666666666666,-155.68461538461537,94.0,76.0,98.0
0726.361,-679.4000000000001,-149.3,95.0,76.0,98.0
0726.394,-634.475,-142.06666666666666,98.0,76.0,98.0
0726.426,-586.975,-136.40833333333333,99.0,76.0,98.0
0726.472,-534.5500000000001,-126.9,99.3125,76.0,97.96716417910447
0726.499,-510.46666666666664,-122.56666666666666,98.625,76.0,97.88656716417911
0726.531,-480.9,-116.46666666666667,95.625,76.0,97.79104477611939
0726.564,-452.4,-109.63333333333333,94.53333333333333,76.0,97.69253731343284
0726.597,-425.3,-104.48333333333332,93.0,76.0,97.59402985074627
0726.630,-396.1846153846154,-98.44999999999999,93.57142857142857,76.0,97.4955223880597
0726.662,-362.1,-94.03076923076924,97.875,76.0,97.4
0726.693,-324.5166666666667,-89.5,108.25,76.0,97.30746268656716
0726.734,-290.8,-80.26666666666668,114.125,76.0,97.18507462686567
0726.772,-275.7307692307692,-71.6,112.0,76.0,97.07164179104478
0726.798,-270.81666666666666,-67.225,108.75,76.0,97.0
0726.831,-267.78749999999997,-65.7,104.625,76.0,97.0
0726.864,-253.9,-63.65,99.75,76.0,97.0
0726.896,-223.25555555555553,-60.89999999999999,98.0,76.0,96.99999999999999
0726.929,-190.1,-54.00769230769231,98.0,76.0,97.0
0726.961,-153.2923076923077,-44.233333333333334,99.0,76.0,97.0
0726.994,-130.4,-35.36666666666667,99.0,76.0,97.0
0727.027,-116.3,-30.141666666666666,97.625,76.0,97.0
0727.072,-99.83333333333334,-25.71666666666666,95.8125,76.0,97.0
0727.098,-98.03333333333333,-26.833333333333336,94.0,76.0,97.0
0727.129,-103.1923076923077,-26.5,94.0,76.0,97.0
0727.161,-106.40769230769232,-28.53846153846154,94.0,75.99999999999999,96.99999999999999
0727.195,-103.96666666666667,-28.355555555555558,94.0,76.0,97.0
0727.229,-95.125,-24.875,94.0,76.0,97.0
0727.262,-95.36923076923077,-21.4375,95.0,76.0,97.0
0727.295,-92.85,-18.200000000000003,95.0,76.0,97.0
0727.327,-81.925,-16.446153846153845,94.0,76.0,97.0
0727.361,-59.02499999999999,-16.133333333333333,94.0,76.0,97.0
0727.407,-1.3166666666666664,-15.662500000000001,94.0,76.0,97.0
0727.440,45.276923076923076,-15.224999999999998,95.75,76.0,97.0
0727.458,68.08333333333333,-14.6,99.05882352941177,76.0,97.0
0727.501,114.49166666666667,-11.144444444444444,111.0,76.0,97.0955223880597
0727.534,134.33846153846153,-7.5625,114.0,76.0,97.19402985074628
0727.565,136.06666666666666,-2.8000000000000003,111.875,76.0,97.2865671641791
0727.599,134.99166666666667,18.9,107.8125,76.0,97.38805970149254
0727.633,131.8,32.55384615384615,105.6875,76.0,97.48955223880597
0727.665,124.56153846153848,44.5,103.0,76.0,97.58507462686566
0727.698,122.4,42.45,102.0,76.0,97.68358208955223
0727.731,115.1,38.646153846153844,101.0,76.0,97.7820895522388
0727.766,106.26666666666665,35.95384615384616,101.0,76.0,97.8865671641791
0727.800,104.29999999999998,34.45833333333333,100.0,76.0,97.98805970149255
0727.833,95.95,32.412499999999994,99.0,76.0,98.0
0727.866,92.76923076923077,31.087500000000002,98.0,76.0,98.0
0727.898,86.07500000000002,29.5,96.125,76.0,98.0
0727.931,82.05,28.03076923076923,96.0,76.0,98.0
0727.963,87.83333333333333,25.6,95.0,76.0,97.99999999999999
0727.996,97.1,24.1,95.0,76.0,98.0
0728.028,102.65,22.43076923076923,96.0,76.0,98.0
0728.061,108.38333333333333,24.0,96.0,76.0,98.0
0728.094,106.53846153846153,25.0,95.0,76.0,98.0
0728.133,119.56153846153846,24.7,95.0,76.0,98.0
0728.165,140.43333333333334,22.674999999999997,94.0,76.0,98.0
0728.196,163.88333333333335,23.83076923076923,94.0,76.0,98.0
0728.228,182.78333333333336,23.75,97.25,76.0,98.0
0728.261,186.3153846153846,25.166666666666664,103.25,76.0,98.0
0728.293,182.76153846153846,24.75,111.5625,76.0,98.0
0728.334,150.55,23.45,111.875,76.0,98.0
0728.365,115.59166666666667,22.484615384615388,107.9375,76.0,98.0
0728.398,82.35833333333333,21.691666666666663,105.75,76.0,98.0
0728.433,89.65384615384615,25.707692307692305,102.6875,76.0,98.0
0728.467,124.025,50.900000000000006,100.0,75.99999999999999,98.0
0728.499,158.54999999999998,81.1076923076923,99.0,76.0,98.0
0728.531,173.575,119.38461538461539,99.0,76.0,98.0
0728.563,179.15,144.4,99.0,76.0,98.0
0728.596,182.65,153.025,98.5,76.0,98.0
0728.628,182.83333333333334,153.6125,96.5,76.0,98.0
0728.672,178.8125,142.53333333333333,94.0,76.0,98.0
0728.696,175.95,139.75,93.0,76.0,98.0
0728.727,183.3923076923077,135.5,92.0,76.0,98.0
0728.767,196.8,135.15,93.0,76.0,98.0
0728.798,200.68333333333334,152.84615384615384,93.125,76.0,98.0
0728.832,197.2,172.55,94.0,76.0,98.0
0728.866,187.0,187.48333333333335,94.0,76.0,98.0
0728.899,187.2,185.31666666666666,94.0,76.0,98.0
0728.932,210.20000000000002,176.15000000000003,93.0,76.0,98.0
0728.964,251.3,172.22307692307695,93.0,76.0,98.0
0728.996,289.825,180.03076923076924,94.5,76.0,98.0
0729.027,304.59999999999997,203.025,100.3125,76.0,98.0
0729.073,318.79999999999995,233.03333333333336,108.9375,76.0,98.0
0729.098,320.56666666666666,244.6,112.0,76.0,98.0
0729.129,329.6,233.97500000000002,111.1875,76.0,98.0
0729.161,331.26666666666665,223.97499999999997,108.1875,76.0,98.00000000000001
0729.194,323.6461538461539,219.35,104.125,76.0,98.0
0729.227,322.6,212.5,102.0625,76.0,98.0
0729.260,326.8,206.3846153846154,100.0,76.0,98.0
0729.307,336.2416666666667,198.76153846153846,99.0,76.0,98.0
0729.339,336.73333333333335,194.76666666666665,100.0,76.0,98.00000000000001
0729.373,332.7230769230769,187.6,99.0,76.0,98.0
0729.397,325.27500000000003,184.7,99.0,76.0,98.0
0729.428,321.60833333333335,199.45,98.0,76.0,98.0
0729.460,317.8,232.95,98.0,76.0,98.0
0729.500,317.73846153846154,273.3333333333333,97.0,76.0,98.0
0729.530,322.0375,292.94615384615383,96.0,76.0,98.0
0729.562,328.0,282.5230769230769,96.0,76.0,98.0
0729.594,340.2769230769231,272.32500000000005,96.0,76.0,98.0
0729.640,341.4666666666667,266.3538461538462,97.0,76.0,98.0
0729.672,334.6692307692308,260.14166666666665,97.0,76.0,98.0
0729.697,329.35,257.1583333333333,97.0,76.0,98.0
0729.728,326.8666666666667,250.4,96.0,76.0,98.0
0729.759,326.8,239.60000000000002,96.0,76.0,98.0
0729.801,334.05384615384617,225.125,97.625,76.0,98.0
0729.834,330.0,211.5916666666667,105.625,76.0,98.0
0729.866,318.725,201.94615384615383,112.625,76.0,98.0
0729.899,280.5,189.98333333333332,115.0625,76.0,98.0
0729.932,234.22307692307692,175.8,113.0,76.0,98.0
0729.964,187.575,151.07500000000002,110.0,76.0,98.0
0729.998,141.06666666666666,107.72222222222223,105.875,76.0,98.0
0730.031,98.2,58.144444444444446,103.85714285714286,76.0,98.0
0730.065,44.87777777777777,10.4,102.0,76.0,98.0
0730.098,-11.444444444444445,-38.1875,102.0,76.0,98.0
0730.131,-74.7,-81.89166666666665,101.0,76.0,98.0
0730.165,-129.78181818181818,-136.12307692307695,100.46666666666667,76.0,98.0
0730.198,-199.725,-189.73333333333335,99.3125,76.0,98.0
0730.232,-260.0846153846154,-234.53333333333333,97.1875,76.0,98.0
0730.264,-320.28333333333336,-264.3333333333333,97.0,76.0,98.0
0730.296,-362.675,-278.4384615384615,96.0,76.0,98.0
0730.329,-410.02500000000003,-283.39166666666665,95.0,76.0,98.0
0730.362,-448.13846153846157,-287.55,95.0,76.0,98.0
0730.396,-492.59166666666664,-287.05,95.0,76.0,98.0
0730.429,-520.475,-283.35,95.125,76.0,98.0
0730.463,-544.1,-275.5,95.0,76.0,98.00000000000001
0730.494,-547.8461538461539,-268.5,95.0,76.00000000000001,98.0
0730.539,-520.4499999999999,-253.1,95.0,76.0,97.99999999999999
0730.565,-491.59999999999997,-244.5,95.0,76.0,98.0
0730.597,-457.29999999999995,-230.98461538461538,96.625,76.0,98.0
0730.630,-438.49999999999994,-218.65,104.0625,76.0,98.0
0730.664,-431.3,-207.18333333333334,109.625,76.0,98.0
0730.697,-437.9333333333333,-194.16666666666666,113.875,76.0,98.0
0730.729,-449.9,-182.35384615384615,112.125,76.0,98.0
0730.763,-461.15000000000003,-171.61666666666667,109.0,76.0,98.0
0730.795,-461.4,-161.95,105.0,76.0,98.0
0730.827,-449.1,-156.14999999999998,103.0,76.0,98.0
0730.860,-417.2,-148.5125,101.0,76.0,98.0
0730.905,-352.5,-139.34615384615387,101.0,76.0,98.0
0730.931,-300.025,-132.1,101.0,76.0,98.0
0730.964,-244.55384615384617,-125.375,100.0,76.0,98.0
0730.997,-208.1,-116.95,98.375,76.0,98.0
0731.030,-184.85,-110.37692307692308,96.0,76.0,98.0
0731.061,-173.96666666666667,-102.01666666666667,95.0,76.0,98.0
0731.092,-155.2153846153846,-93.9,94.0,76.0,98.0
0731.132,-135.33333333333334,-82.82499999999999,93.0,76.0,98.0
0731.163,-118.0,-77.99999999999999,93.0,76.0,98.0
0731.196,-97.7,-71.78571428571429,93.0,76.0,98.0
0731.228,-79.2,-62.0,93.0,76.0,98.0
0731.261,-49.733333333333334,-53.5,93.0,76.0,98.0
0731.295,-24.766666666666666,-44.00833333333333,93.0,76.0,98.0
0731.327,0.95,-42.50769230769231,93.0,76.0,98.0
0731.359,29.283333333333335,-36.0,93.0,76.0,98.0
0731.399,42.57692307692307,-26.7,93.6875,76.0,98.0
0731.431,47.97692307692307,-22.574999999999996,101.75,76.0,98.0
0731.464,45.2,-17.0,108.4,76.0,98.0
0731.496,44.15384615384615,-13.75,110.1875,76.0,98.0
0731.529,50.175,-9.700000000000001,108.25,76.0,98.0
0731.561,52.46666666666667,18.723076923076924,106.125,76.0,98.0
0731.595,58.3,47.56153846153846,103.0,76.0,98.00000000000001
0731.628,62.36923076923077,72.1,101.9375,76.0,98.0
0731.672,69.53846153846153,74.89999999999999,101.0,76.0,98.0
0731.696,76.1,70.75,101.0,76.0,98.0
0731.727,85.27499999999999,66.66923076923077,101.0,76.0,98.0
0731.767,112.05833333333332,63.849999999999994,100.25,76.0,98.0
0731.798,136.4,63.9875,99.3125,76.0,98.0
0731.830,160.20833333333334,68.9,97.3125,76.0,98.0
0731.864,181.4,85.4,96.1875,76.0,98.0
0731.896,199.39166666666665,106.44444444444443,95.1875,76.0,98.0
0731.928,216.3230769230769,123.75,95.0,76.0,98.0
0731.961,232.19166666666666,133.52307692307693,95.0,76.0,98.0
0732.002,248.79166666666666,130.4,95.0,76.0,98.0
0732.039,254.51666666666665,124.9,95.0,76.0,98.0
0732.073,248.1,120.53076923076924,95.0,76.0,98.0
0732.099,243.35384615384618,116.86666666666667,94.0,76.0,98.0
0732.131,238.99230769230775,111.80000000000001,93.0,76.0,97.99999999999999
0732.163,235.90000000000003,104.58461538461539,93.0,76.0,98.0
0732.195,233.175,97.475,94.0,76.0,98.00000000000001
0732.238,219.99166666666667,90.23333333333333,101.75,76.0,98.0
0732.263,207.35000000000002,82.26666666666668,107.25,76.0,98.0
0732.295,180.17499999999998,70.94999999999999,112.75,76.0,98.0
0732.338,126.95000000000002,51.39999999999999,110.5625,76.0,98.0
0732.365,92.2,40.8,106.875,76.0,98.0
0732.399,49.75000000000001,27.8,104.75,76.0,98.0
0732.432,4.95,10.4,103.0,76.0,98.0
0732.465,-38.391666666666666,-9.253846153846155,101.0,76.0,98.0
0732.497,-81.99230769230769,-27.7,100.0,76.0,97.99999999999999
0732.530,-124.64166666666668,-46.1,100.0,76.0,98.0
0732.563,-157.81666666666666,-60.2,100.0,76.0,98.0
0732.595,-189.8,-76.4,98.5,76.0,98.0
0732.627,-225.93076923076922,-93.03333333333333,96.5,76.0,98.0
0732.672,-279.4769230769231,-115.21666666666667,95.0,76.0,98.0
0732.699,-325.8,-129.95,94.0,76.0,98.0
0732.732,-379.8,-143.67777777777778,94.0,76.0,98.0
0732.763,-438.15,-155.7,94.0,76.0,98.0
0732.795,-505.8666666666667,-165.38333333333333,93.0,76.0,98.0
0732.827,-563.375,-170.9333333333333,93.0,76.0,98.0
0732.860,-609.4083333333333,-174.73076923076923,93.0,76.0,98.0
0732.902,-646.1500000000001,-177.22307692307692,93.0,76.0,98.0
0732.935,-663.0500000000001,-178.06666666666666,92.25,76.0,98.0
0732.966,-670.8444444444444,-177.75,92.0,76.0,98.0
0732.998,-671.1,-178.4,92.0,76.0,98.0
0733.030,-671.0083333333333,-177.54615384615386,93.6875,76.0,98.0
0733.061,-671.7846153846153,-178.95,98.94117647058823,76.0,98.0
0733.094,-677.9,-180.475,109.0625,76.0,98.0
0733.126,-685.7,-179.23333333333335,112.0,76.0,98.0
0733.166,-688.5333333333333,-173.16923076923078,109.5,75.89285714285714,98.0
0733.198,-675.2,-167.25,106.5,75.79761904761905,98.0
0733.230,-651.4,-160.0,103.75,75.70238095238095,98.0
0733.262,-613.7333333333335,-153.3,101.75,75.60714285714286,98.0
0733.294,-571.6333333333332,-145.92499999999998,100.0,75.51190476190476,98.0
0733.326,-532.5,-137.375,100.0,75.41666666666666,98.0
0733.372,-483.8916666666667,-127.69999999999999,100.0,75.2797619047619,98.0
0733.405,-456.1083333333333,-120.0375,99.0,75.18154761904762,98.0
0733.430,-434.225,-115.475,98.25,75.10714285714286,98.0
0733.462,-399.83750000000003,-107.88461538461539,97.0,75.01190476190476,98.0
0733.495,-360.4333333333334,-98.66666666666667,95.0,75.0,98.0
0733.529,-313.04999999999995,-91.55833333333334,94.0625,75.0,98.0
0733.561,-266.99999999999994,-85.4,94.0,75.0,98.0
0733.595,-214.75384615384615,-82.1076923076923,94.0,75.0,98.0
0733.628,-168.13333333333333,-76.83333333333333,94.0,75.0,98.0
0733.660,-117.30000000000001,-69.98333333333333,94.0,75.0,98.0
0733.699,-61.56666666666667,-60.199999999999996,94.0,75.0,98.0
0733.732,-9.200000000000001,-54.80833333333333,93.0,75.0,98.0
0733.766,43.65,-49.0076923076923,93.0,75.0,98.0
0733.797,95.13076923076923,-44.1,93.0,75.0,98.0
0733.831,145.54999999999998,-38.58333333333333,94.75,75.0,98.0
0733.864,180.4625,-32.815384615384616,98.4,75.0,98.0
0733.896,207.3,-30.36153846153846,107.4375,75.0,98.0
0733.929,219.42222222222222,-27.45,111.875,75.0,98.0
0733.961,223.85,-24.85,112.125,75.0,98.0
0733.994,226.3,-23.599999999999998,108.125,75.0,98.0
0734.027,226.60000000000002,-23.692307692307693,105.0,75.0,98.0
0734.061,222.51666666666665,-22.5,101.875,75.0,98.0
0734.094,213.6076923076923,-21.2375,100.8125,75.0,98.0
0734.128,205.9083333333333,-20.5,100.0,75.0,98.0
0734.162,197.9,-20.0,100.0,75.0,98.0
0734.194,191.28333333333333,-19.869230769230768,99.5625,75.0,98.0
0734.239,173.475,-17.20769230769231,98.0,75.0,98.0
0734.271,162.64615384615385,-16.0,96.75,75.0,98.0
0734.296,157.30833333333334,-15.3,95.1875,75.0,98.0
0734.327,151.075,-14.725,95.0,75.0,98.0
0734.367,143.76666666666668,-15.353846153846153,94.0,75.0,98.0
0734.398,135.96923076923076,-14.133333333333333,95.0,75.0,98.0
0734.431,127.85,-13.966666666666667,95.0,75.0,98.0
0734.463,126.56666666666668,-11.825000000000001,95.0,75.0,98.00000000000001
0734.496,121.33076923076922,-12.346153846153847,95.0,75.0,98.0
0734.528,115.61538461538463,-13.475,95.0,75.0,98.0
0734.561,105.01666666666667,-14.225,94.625,75.0,98.0
0734.593,101.45,-13.350000000000001,94.0,75.0,98.0
0734.633,108.36666666666667,-12.733333333333333,94.0,75.0,98.0
0734.665,121.275,-12.3375,94.0,75.0,98.0
0734.696,133.96153846153845,-9.5125,96.625,75.0,98.0
0734.727,141.4,-5.641666666666667,106.0,75.0,98.0
0734.760,143.5,-1.8538461538461537,111.625,75.0,98.0
0734.801,134.83333333333331,-1.05,112.625,75.0,98.0
0734.832,121.45384615384614,-2.3333333333333335,109.6875,75.0,97.99999999999999
0734.864,106.95,-5.283333333333333,105.6875,75.0,98.0
0734.896,88.85,-11.350000000000001,104.0,75.0,98.0
0734.928,59.03333333333334,-16.269230769230766,102.64705882352942,75.0,98.0
0734.960,27.046153846153846,-21.924999999999997,100.0,75.0,98.0
0734.998,-23.924999999999997,-26.699999999999996,100.0,75.0,98.0
0735.029,-67.2875,-31.75,100.0,75.0,98.0
0735.061,-109.97500000000001,-38.46666666666667,99.0,75.0,98.0
0735.100,-174.6,-43.56923076923077,97.0,75.0,98.0
0735.130,-210.3923076923077,-46.50000000000001,96.0,75.0,98.0
0735.162,-262.5833333333333,-48.45,95.0,75.0,98.0
0735.195,-314.66666666666663,-53.42222222222222,94.0,75.0,98.0
0735.227,-358.83333333333337,-58.525000000000006,94.0,75.0,98.0
0735.272,-408.40000000000003,-64.32499999999999,95.0,75.0,98.0
0735.298,-434.8,-65.61666666666666,95.0,75.0,98.0
0735.330,-460.05,-68.30769230769232,95.0,75.0,98.0
0735.363,-482.225,-68.2,95.0,75.0,98.0
0735.396,-494.63846153846157,-68.80833333333334,94.0,75.0,98.0
0735.429,-490.2,-69.95833333333333,94.0,75.0,98.0
0735.462,-478.275,-68.4,93.0,75.0,98.0
0735.493,-449.5,-67.79230769230769,93.0,74.91964285714286,98.0
0735.533,-408.42499999999995,-63.800000000000004,96.375,74.80059523809524,98.00000000000001
0735.565,-374.3,-60.16666666666667,101.5625,74.70535714285714,98.0
0735.597,-344.9333333333334,-55.45,110.375,74.61011904761905,98.0
0735.631,-320.7,-50.2,112.0,74.50892857142857,98.0
0735.663,-304.96153846153845,-42.2,109.375,74.41369047619048,98.0
0735.695,-307.11538461538464,-36.75833333333333,106.6875,74.31845238095238,98.0
0735.728,-318.43333333333334,-30.733333333333334,104.625,74.2202380952381,98.0
0735.760,-337.2,-25.553846153846152,102.0,74.125,98.0
0735.801,-339.6083333333333,-18.146153846153844,101.0,74.0029761904762,98.0
0735.831,-317.7,-12.433333333333334,101.0,74.0,97.99999999999999
0735.862,-288.20769230769235,-4.683333333333334,101.0,74.0,98.0
0735.893,-265.025,0.8,101.0,74.0,98.0
0735.933,-249.75,6.992307692307692,100.0,74.0,98.0
0735.964,-237.70000000000002,8.1,99.0,74.0,98.0
0735.999,-193.56923076923078,10.366666666666667,98.0,74.0,98.0
0736.031,-156.39999999999998,13.55,97.6875,74.0,98.0
0736.063,-105.5,16.35,96.0,74.0,98.0
0736.096,-66.26666666666665,17.733333333333334,94.625,74.0,98.0
0736.129,-36.6,17.5125,94.0,74.0,98.0
0736.160,-26.2,18.5625,93.0,74.00000000000001,98.0
0736.206,-8.975,15.8,93.0,74.0,98.0
0736.239,18.375,14.174999999999999,93.0,74.0,98.0
0736.272,60.58333333333333,12.833333333333332,93.375,74.0,98.0
0736.299,97.59230769230771,14.975,94.0,74.0,98.0
0736.332,145.13333333333333,16.65,95.125,74.0,98.0
0736.363,182.9,20.9,97.1875,74.0,98.0
0736.395,207.88333333333333,20.676923076923078,106.1875,74.0,98.0
0736.427,216.73333333333335,22.9,112.0625,74.0,98.0
0736.472,214.93333333333334,26.576923076923077,111.25,74.0,98.0
0736.496,214.96666666666664,28.275,109.625,74.0,97.99999999999999
0736.527,218.75,29.4375,106.6875,74.0,98.0
0736.559,224.1625,32.30769230769231,103.6875,74.0,97.99999999999999
0736.601,222.81666666666666,31.9,102.0625,74.0,98.0
0736.633,207.3,32.141666666666666,100.0,74.0,98.0
0736.664,195.4,28.9,98.125,74.0,98.0
0736.696,180.66153846153844,23.36923076923077,97.125,74.0,98.0
0736.728,157.7153846153846,14.633333333333333,96.125,74.0,98.0
0736.772,117.1,2.3916666666666666,96.0,74.0,98.0
0736.798,82.49999999999999,-4.3,96.0,74.0,98.00000000000001
0736.830,35.13333333333333,-12.392307692307691,96.0,74.0,98.0
0736.863,-34.33076923076923,-20.7,97.0,74.0,98.0
0736.896,-121.36153846153846,-29.4,97.0,74.0,98.0
0736.928,-220.7,-39.43749999999999,98.0,74.0,98.0
0736.973,-356.3666666666667,-50.71666666666667,98.0,74.0,98.0
0736.999,-427.275,-54.6,98.0,74.0,98.0
0737.032,-497.27500000000003,-57.1,99.0,74.0,98.0
0737.064,-557.0153846153846,-59.7,99.0,74.0,98.0
0737.095,-605.5666666666666,-61.516666666666666,98.1875,74.0,98.0
0737.126,-641.4374999999999,-66.40769230769232,98.0,74.0,98.0
0737.167,-667.0166666666667,-68.34615384615385,98.3125,73.88955223880596,97.99999999999999
0737.202,-673.4666666666667,-69.13333333333333,102.5,73.78507462686566,98.0
0737.240,-673.7538461538461,-66.5,109.8125,73.67164179104478,98.0
0737.272,-665.8833333333333,-63.391666666666666,116.93333333333334,73.57611940298509,98.0
0737.299,-657.95,-60.80769230769231,117.0,73.4955223880597,98.0
0737.331,-637.7153846153847,-56.49166666666667,114.41176470588235,73.4,98.0
0737.364,-603.1666666666667,-52.46666666666666,109.625,73.30149253731344,98.0
0737.395,-563.45,-49.449999999999996,107.375,73.2089552238806,98.0
0737.426,-517.8,-45.96666666666666,104.4375,73.11641791044777,98.0
0737.466,-457.625,-39.8625,101.9375,73.0,98.0
0737.498,-407.62307692307695,-35.05,101.0,73.0,98.0
0737.531,-359.4416666666666,-30.3,100.0,73.0,98.0
0737.565,-320.3666666666667,-26.066666666666663,99.75,73.0,98.0
0737.597,-287.3666666666667,-21.715384615384618,96.75,73.0,98.0
0737.630,-249.85384615384615,-17.8,95.6875,73.0,98.0
0737.663,-212.53333333333336,-14.683333333333332,93.0,73.0,98.0
0737.697,-171.1375,-12.65,92.0,73.0,98.0
0737.729,-131.45,-9.76923076923077,91.5,73.0,98.0
0737.762,-92.72222222222223,-6.85,91.0,73.0,98.0
0737.796,-59.63333333333333,-2.583333333333333,92.0,73.0,98.0
0737.827,-36.766666666666666,0.13333333333333336,92.0,73.0,98.0
0737.867,-22.133333333333333,5.4,92.0,73.0,98.0
0737.898,-2.1538461538461533,8.7875,92.0,73.0,98.0
0737.929,37.266666666666666,12.425,92.0,73.0,98.0
0737.961,90.55833333333334,18.15,92.0,73.0,98.0
0737.994,152.40833333333333,23.6,94.1875,73.0,98.0
0738.039,203.40833333333333,39.96153846153846,103.5,73.0,98.0
0738.072,231.89166666666668,52.58888888888889,111.875,73.0,98.0
0738.098,245.00000000000003,60.28333333333333,112.4375,73.0,98.0
0738.131,255.79999999999998,66.35,110.375,73.0,98.0
0738.164,261.6916666666666,65.47692307692309,105.3125,73.0,98.0
0738.196,270.0,62.98333333333333,102.3125,73.0,98.0
0738.229,274.84615384615387,60.28333333333334,99.25,73.0,98.0
0738.262,281.6583333333333,59.65,98.0,73.0,98.0
0738.295,293.84999999999997,58.823076923076925,98.875,73.0,98.0
0738.328,303.55384615384617,58.375,100.0,73.0,98.0
0738.359,319.5076923076923,60.2375,100.0,73.0,98.0
0738.403,329.7888888888889,62.47692307692308,98.375,73.0,98.0
0738.427,333.9666666666667,63.4375,97.875,73.0,98.0
0738.461,328.68333333333334,63.45384615384616,95.0,73.0,98.00000000000001
0738.493,314.3307692307692,63.86666666666667,94.0,73.0,98.0
0738.527,300.3,61.725,94.0,73.0,98.0
0738.573,280.9555555555555,58.96666666666667,94.0,73.0,98.0
0738.599,271.20000000000005,54.4,94.82352941176471,73.0,98.0
0738.631,250.39999999999998,50.40714285714286,95.0,73.0,98.0
0738.663,227.68461538461543,44.55384615384615,95.875,73.0,98.0
0738.696,207.99230769230772,37.75,95.0625,73.0,98.0
0738.729,189.8625,27.75,95.0,73.0,98.0
0738.762,174.875,19.95,94.0,73.0,98.0
0738.796,156.69230769230768,13.26923076923077,94.0,72.99107142857143,98.0
0738.829,138.44615384615386,11.1,95.25,72.89285714285714,98.0
0738.862,112.7875,9.1,102.9375,72.79464285714286,98.0
0738.895,75.0875,3.0,108.75,72.69642857142857,98.0
0738.928,35.4375,-1.3,112.0,72.59821428571428,98.0
0738.961,-1.7692307692307694,-7.499999999999999,110.0,72.5,98.0
0738.994,-41.86923076923077,-12.641666666666666,107.4375,72.40178571428571,98.0
0739.026,-91.14999999999999,-18.6,104.4375,72.30654761904762,98.0
0739.067,-169.10833333333335,-23.576923076923077,102.875,72.18452380952381,98.0
0739.098,-232.64615384615382,-27.60833333333333,101.0,72.0922619047619,98.0
0739.130,-299.8545454545455,-30.450000000000003,101.0,72.0,98.0
0739.163,-357.425,-35.0,101.0,72.0,97.99999999999999
0739.196,-402.45000000000005,-41.27692307692308,100.8125,72.0,98.0
0739.229,-433.73636363636365,-43.2,99.75,72.0,97.99999999999999
0739.260,-455.5777777777778,-45.324999999999996,98.0,72.0,98.00000000000001
0739.293,-478.9,-47.199999999999996,97.0,72.0,98.0
0739.332,-505.93333333333334,-53.8375,96.33333333333333,72.0,98.0
0739.364,-529.925,-59.644444444444446,96.0,72.0,98.0
0739.395,-548.1692307692308,-63.825,96.0,72.0,98.0
0739.427,-568.45,-67.5,96.0,72.0,98.0
0739.473,-584.4,-68.2625,96.0,72.0,98.0
0739.498,-586.2,-67.975,96.0,72.0,98.0
0739.529,-578.5071428571429,-64.92307692307692,96.0,72.0,98.0
0739.563,-554.0416666666666,-62.79230769230769,96.0,72.0,98.0
0739.597,-513.0,-58.05,95.0,72.0,98.0
0739.631,-455.7583333333333,-53.44615384615385,95.0,72.0,98.0
0739.664,-392.4,-48.35000000000001,98.875,72.0,98.0
0739.696,-337.01666666666665,-43.12499999999999,104.3125,72.0,98.0
0739.728,-288.9,-37.2,109.875,72.0,98.0
0739.761,-242.8,-31.5,111.5,72.0,98.0
0739.792,-201.4,-25.56666666666667,109.5625,72.0,98.0
0739.840,-132.575,-21.5125,104.5625,72.11607142857142,98.0
0739.873,-85.6,-17.875,102.5,72.21428571428572,98.00000000000001
0739.898,-53.224999999999994,-15.8,100.9375,72.28869047619048,98.0
0739.930,-5.522222222222222,-11.783333333333333,100.0,72.38392857142857,98.0
0739.962,48.22500000000001,-6.7,100.0625,72.47916666666666,98.0
0739.994,102.0,-3.6384615384615384,100.9375,72.57440476190476,98.0
0740.027,154.6,0.2846153846153846,99.875,72.67261904761905,98.0
0740.068,190.83333333333331,4.7,97.3125,72.79464285714286,98.0
0740.100,210.1,7.2749999999999995,96.3125,72.88988095238095,98.0
0740.132,219.14166666666665,9.4,96.0,72.98511904761904,98.0
0740.165,233.40833333333333,12.266666666666667,95.0,73.0,98.0
0740.196,251.89166666666665,14.646153846153847,95.0,73.0,98.0
0740.228,270.05384615384617,16.716666666666665,95.0,73.0,98.0
0740.261,274.80000000000007,18.5,95.0,73.0,98.0
0740.293,269.93333333333334,19.791666666666668,95.0,73.0,98.0
0740.334,269.1,19.299999999999997,95.0,73.0,98.0
0740.366,279.5769230769231,18.4875,95.0,73.0,98.0
0740.400,298.96153846153845,20.0,95.0,73.0,98.0
0740.433,324.3666666666667,21.200000000000003,95.0,73.0,98.0
0740.466,335.81666666666666,26.85,98.125,73.0,98.0
0740.498,348.1,30.51538461538462,103.6875,73.0,98.0
0740.529,347.9416666666666,32.46666666666667,109.5,73.0,98.0
0740.561,344.75,34.325,113.0,73.0,98.0
0740.593,340.1583333333333,33.75,111.5,73.0,98.0
0740.632,331.16923076923075,34.715384615384615,107.0,73.0,98.0
0740.664,323.32307692307694,33.7,105.0,73.0,98.0
0740.697,318.0833333333333,33.800000000000004,104.0,73.0,98.0
0740.729,310.6,35.0625,101.9375,73.0,98.0
0740.762,302.4666666666667,35.233333333333334,101.0,73.0,98.0
0740.796,285.5,34.5625,101.0,73.0,98.00000000000001
0740.828,266.81538461538463,33.146153846153844,101.0,73.0,97.99999999999999
0740.860,243.41666666666666,31.275,99.8125,73.0,98.0
0740.906,223.95,27.45,98.0,73.0,98.0
0740.939,217.275,24.7,97.0,73.0,98.0
0740.964,210.34999999999997,22.538461538461537,96.3125,73.0,98.0
0740.996,198.79999999999998,20.166666666666664,96.0,73.0,98.0
0741.029,187.84166666666667,20.0,95.0,73.0,98.0
0741.062,171.39166666666668,19.1,94.0,73.0,98.0
0741.094,148.5333333333333,17.6875,94.0,73.0,98.0
0741.127,116.93076923076923,14.65,93.0,73.0,98.0
0741.161,90.2,12.8125,92.0,73.0,98.0
0741.208,98.71111111111111,15.174999999999999,91.9375,73.0,98.0
0741.225,109.6,16.625,93.0,73.0,98.0
0741.265,155.9083333333333,19.76153846153846,97.0,73.0,98.0
0741.297,182.04615384615386,21.783333333333335,101.06666666666666,73.0,98.0
0741.331,182.8,21.158333333333335,106.0625,73.0,98.0
0741.362,167.0666666666667,19.549999999999997,111.0,73.0,98.0
0741.394,136.47500000000002,18.653846153846153,110.41176470588235,73.0,98.0
0741.434,106.65384615384616,19.8,104.875,73.0,98.0
0741.472,87.225,19.375,102.5,73.0,97.99999999999999
0741.499,85.23333333333333,17.35,100.8125,73.00000000000001,98.0
0741.531,82.075,13.566666666666666,98.8125,73.0,98.00000000000001
0741.562,75.4,14.246153846153847,97.875,73.0,98.0
0741.594,69.80000000000001,10.6,98.0,73.0,98.0
0741.626,57.699999999999996,5.65,99.0,73.0,98.0
0741.672,33.0125,-3.2,100.0,73.0,98.0
0741.699,11.700000000000001,-8.850000000000001,100.0,73.0,98.0
0741.729,-24.823076923076925,-14.0,99.4375,73.0,98.0
0741.762,-71.675,-20.7,98.375,73.0,98.0
0741.793,-127.17499999999998,-25.866666666666664,97.4375,73.0,98.0
0741.833,-208.3,-30.45833333333333,94.9375,73.0,98.0
0741.864,-272.0153846153846,-34.13076923076923,94.0,73.0,98.0
0741.896,-307.35,-37.474999999999994,93.0,73.0,98.0
0741.929,-296.0,-37.230769230769226,93.0,73.0,98.0
0741.961,-236.05,-36.46666666666667,92.0,73.0,98.0
0741.995,-158.4111111111111,-31.015384615384615,93.0,73.0,98.0
0742.040,-60.12307692307693,-17.446153846153848,94.0,73.0,98.0
0742.073,-3.7916666666666674,-4.633333333333334,99.1875,73.0,98.0
0742.097,28.85,4.0875,103.6875,73.0,98.0
0742.129,60.475,12.925,109.6875,73.0,98.0
0742.162,74.42307692307692,18.675,113.0,73.0,98.0
0742.194,76.825,23.584615384615383,111.375,73.0,98.0
0742.234,79.575,26.153846153846153,105.9375,73.0,98.0
0742.265,83.19999999999999,28.674999999999997,103.9375,73.0,98.0
0742.296,94.0,29.025,103.0,73.0,98.0
0742.326,127.07499999999999,44.45,101.125,73.0,98.0
0742.366,181.20000000000002,78.64615384615385,101.375,73.0,98.0
0742.398,224.93333333333334,104.2,103.0,73.0,98.0
0742.429,251.71666666666667,117.31666666666666,102.6875,73.0,98.0
0742.460,253.0,109.9125,100.75,73.0,98.00000000000001
0742.500,223.76153846153846,100.77692307692308,98.25,73.0,98.0
0742.530,186.03076923076924,92.83333333333333,96.375,73.0,98.0
0742.560,140.38333333333333,81.70833333333334,95.0,73.0,98.0
0742.600,72.26666666666667,60.84615384615385,95.0,73.0,98.0
0742.631,17.0375,37.5,95.0,73.0,98.0
0742.662,-45.792307692307695,15.953846153846154,95.0,73.0,98.0
0742.693,-98.3,-6.375,96.0,73.0,98.0
0742.739,-194.8769230769231,-30.9,96.0,73.0,98.0
0742.766,-251.425,-41.6,96.0,73.0,98.0
0742.798,-309.25,-54.45384615384615,95.0,73.0,98.0
0742.830,-373.5692307692308,-67.725,95.375,73.0,97.99999999999999
0742.861,-422.20000000000005,-74.35000000000001,100.9375,73.0,98.0
0742.900,-463.15000000000003,-78.1,108.25,73.0,98.0
0742.933,-485.6666666666667,-76.85000000000001,111.8125,73.0,98.0
0742.966,-492.6846153846153,-76.27692307692308,111.125,73.0,98.0
0742.997,-487.875,-73.5,109.1875,73.0,98.0
0743.029,-471.66666666666663,-69.525,107.0,73.0,98.0
0743.062,-452.0666666666666,-62.46666666666667,105.125,73.0,98.0
0743.094,-433.225,-56.550000000000004,103.125,73.0,98.0
0743.127,-420.95,-50.35,101.0625,73.0,98.0
0743.172,-409.46923076923076,-44.13846153846154,101.0,73.0,98.0
0743.199,-406.46666666666664,-41.15,100.0,73.0,98.0
0743.232,-398.98333333333335,-37.7625,99.0,73.0,98.0
0743.265,-377.3692307692308,-36.02307692307692,96.4375,73.0,98.0
0743.298,-332.10833333333335,-33.26666666666667,95.375,73.0,98.0
0743.331,-276.96666666666664,-28.6,94.0,73.0,98.0
0743.364,-230.04166666666666,-24.333333333333336,94.75,73.0,98.0
0743.395,-187.06153846153848,-20.946153846153845,95.0,73.0,98.0
0743.426,-155.2,-17.69230769230769,95.0,73.0,98.0
0743.465,-100.36923076923077,-12.876923076923077,94.9375,73.0,97.99999999999999
0743.496,-59.9,-8.925,94.0,73.0,98.0
0743.528,-15.4,-5.6,93.0,73.0,98.0
0743.560,23.323076923076922,-1.4846153846153847,93.0,73.0,98.0
0743.595,51.253846153846155,1.476923076923077,95.5625,73.0,98.0
0743.628,66.01538461538462,6.416666666666666,100.75,73.0,98.0
0743.661,73.75833333333333,8.583333333333334,108.625,73.0,98.0
0743.693,77.7,9.8,110.0,73.0,98.0
0743.736,87.62499999999999,8.8,108.0,73.0,98.0
0743.773,99.925,8.333333333333334,104.0,73.0,98.0
0743.799,112.05,9.746153846153845,103.0,73.0,98.0
0743.832,126.93076923076924,9.55,101.0,73.0,98.0
0743.866,138.37692307692308,10.725000000000001,101.0,73.0,98.00000000000001
0743.898,145.25,12.716666666666667,102.0,73.0,98.0
0743.930,151.13333333333333,15.3,101.8125,73.0,98.0
0743.961,158.06923076923076,17.95,100.875,73.0,98.0
0744.002,158.33333333333331,20.9,98.3125,73.0,98.0
0744.034,160.13333333333333,22.675,97.0,73.0,98.0
0744.066,157.775,23.45,95.0,73.0,98.0
0744.097,139.73076923076923,23.153846153846153,94.375,73.0,98.0
0744.128,116.02307692307691,18.03333333333333,94.0,73.0,98.0
0744.159,75.80000000000001,10.399999999999999,94.0,73.0,98.0
0744.199,8.65,-1.8,94.0,73.0,98.0
0744.230,-45.55,-11.061538461538461,93.0,73.0,98.0
0744.262,-122.95555555555555,-17.916666666666664,93.0,73.0,98.0
0744.293,-184.5375,-24.65,93.0,73.0,98.0
0744.334,-271.2692307692307,-35.730769230769226,93.0,73.0,98.0
0744.366,-315.55,-43.900000000000006,93.0,73.0,98.0
0744.398,-362.85,-49.800000000000004,94.4375,73.0,98.0
0744.431,-405.7230769230769,-53.16153846153846,98.5,73.0,98.0
0744.462,-440.9,-55.975,108.3125,73.0,98.0
0744.495,-473.83333333333337,-59.05,113.0,73.0,98.0
0744.528,-499.4333333333333,-62.87692307692308,113.4375,73.00000000000001,98.0
0744.561,-511.2230769230769,-66.38333333333333,109.375,73.0,98.0
0744.593,-513.1333333333333,-69.14999999999999,106.75,73.0,98.00000000000001
0744.639,-508.57500000000005,-72.26666666666668,103.5,73.0,98.0
0744.664,-504.84999999999997,-70.98333333333333,102.0,73.0,98.0
0744.695,-500.44615384615383,-69.43076923076924,101.0,73.0,97.99999999999999
0744.727,-490.9875,-66.4,101.0,73.0,98.0
0744.760,-477.04999999999995,-63.5,100.9375,73.0,97.99999999999999
0744.793,-464.38750000000005,-59.3,100.0,73.0,98.0
0744.834,-447.9666666666667,-56.06666666666666,98.3125,73.0,98.0
0744.865,-438.075,-52.53333333333333,96.375,73.0,98.0
0744.895,-428.2416666666667,-51.2,95.25,73.0,98.0
0744.926,-411.77500000000003,-46.11666666666666,95.0,73.0,98.0
0744.966,-388.65,-42.05833333333333,94.0625,73.0,98.0
0744.997,-368.4833333333333,-39.45384615384616,95.0,73.0,98.0
0745.030,-354.4076923076923,-36.0,95.0,73.0,98.0
0745.063,-339.025,-32.15,95.0,73.0,98.0
0745.095,-319.45000000000005,-28.200000000000003,95.0,73.0,98.0
0745.126,-281.0,-26.115384615384617,94.0,73.0,98.0
0745.166,-212.1076923076923,-22.623076923076923,94.0,73.0,98.0
0745.198,-147.475,-15.9,94.4375,73.0,98.0
0745.229,-89.45833333333333,-8.3,97.0625,73.0,98.0
0745.261,-47.6,0.2846153846153846,105.125,73.0,98.0
0745.294,-21.96923076923077,5.5,110.875,73.0,98.0
0745.339,-20.484615384615388,10.292307692307691,110.75,73.0,98.0
0745.365,-18.375,12.3375,108.25,73.0,98.0
0745.396,-7.05,13.95,106.1875,73.0,98.0
0745.428,10.100000000000001,15.11111111111111,103.1875,73.0,98.0
0745.459,16.75,16.3875,102.0,73.0,98.0
0745.498,29.9,17.125,100.0,73.00000000000001,98.0
0745.529,45.25,19.075,101.0,73.0,98.0
0745.560,69.62307692307694,20.353846153846153,101.0,73.0,98.0
0745.600,93.97692307692307,21.838461538461537,100.0,73.0,98.0
0745.633,97.0,27.599999999999998,98.375,73.0,98.0
0745.665,96.44166666666666,31.4,96.375,73.0,98.0
0745.696,101.025,39.31538461538461,95.4375,73.0,98.0
0745.728,103.50769230769231,47.983333333333334,94.4375,73.0,98.0
0745.759,114.4375,52.699999999999996,94.0,73.0,98.0
0745.799,129.43333333333334,53.875,94.0,73.0,98.0
0745.830,138.8,52.616666666666674,94.0,73.0,98.0
0745.861,139.96666666666667,52.06923076923077,94.0,73.0,98.0
0745.900,137.8642857142857,51.9,94.0,73.0,97.99999999999999
0745.932,135.875,49.8,93.0,73.0,98.0
0745.964,141.81666666666666,48.574999999999996,93.0,73.0,98.0
0745.998,160.54166666666666,45.4,93.0,73.0,98.0
0746.030,193.33846153846153,44.8,93.0,73.0,98.0
0746.062,223.11666666666667,44.1,93.4375,73.0,98.0
0746.093,251.13333333333333,45.65,94.375,73.0,98.0
0746.134,260.76666666666665,50.233333333333334,99.8125,73.0,98.0
0746.165,262.7,54.54615384615384,110.625,73.08928571428572,98.0
0746.196,259.2692307692308,57.72307692307692,114.625,73.18154761904762,98.0
0746.229,254.6923076923077,61.824999999999996,113.125,73.2797619047619,98.0
0746.261,249.325,64.46666666666667,109.13333333333333,73.375,98.0
0746.292,243.06249999999997,64.50769230769231,107.17647058823529,73.46726190476191,98.0
0746.331,240.84615384615384,63.83333333333333,104.6875,73.58333333333334,98.0
0746.362,237.15384615384616,61.275,102.75,73.67559523809524,98.0
0746.396,231.7375,65.1,101.0,73.77678571428572,98.0
0746.428,228.3,66.06249999999999,101.0,73.87202380952381,98.0
0746.460,221.99166666666667,65.5,100.0,73.9672619047619,98.0
0746.501,209.225,65.33333333333334,99.125,74.0,98.0
0746.533,206.675,64.39166666666667,98.0,74.0,98.0
0746.564,202.55384615384617,63.37692307692308,96.1875,74.0,98.0
0746.597,202.21666666666667,61.95,96.0,74.0,98.0
0746.630,197.55,60.0,96.0,74.0,98.0
0746.664,189.15,56.30833333333334,95.0,74.0,98.0
0746.696,179.84615384615384,53.784615384615385,95.0,74.0,98.0
0746.728,170.03076923076924,52.3,94.0,74.0,98.0
0746.760,158.73333333333335,55.13333333333333,94.0,74.0,98.0
0746.806,124.74166666666665,57.825,93.0625,74.0,98.0
0746.839,87.13333333333333,52.0,93.0,74.0,98.0
0746.872,43.89999999999999,35.9,93.0,74.0,98.0
0746.906,-3.2769230769230777,11.81111111111111,93.0,74.0,98.0
0746.939,-53.85000000000001,-10.55,93.0,74.0,98.0
0746.972,-124.33333333333334,-27.933333333333334,94.625,74.0,98.0
0746.998,-187.6,-40.26923076923077,97.875,74.0,98.0
0747.030,-262.3666666666667,-54.625,104.75,74.0,98.0
0747.062,-345.06666666666666,-65.9,112.875,74.0,98.0
0747.094,-408.20000000000005,-75.65833333333333,114.0,74.0,98.0
0747.126,-453.53076923076924,-84.33333333333334,110.0625,74.0,98.0
0747.167,-488.0666666666667,-92.57692307692307,106.5,74.0,98.0
0747.201,-499.3153846153846,-96.46666666666667,103.375,74.0,98.0
0747.233,-500.0666666666666,-96.35,102.0,74.0,98.0
0747.264,-491.8,-92.45,101.0,74.0,98.0
0747.295,-485.7,-87.63333333333334,101.0,74.0,98.0
0747.327,-473.3666666666667,-81.39166666666667,101.0,74.0,98.0
0747.372,-453.71666666666664,-71.57499999999999,100.0,74.0,98.0
0747.397,-439.15,-68.08461538461539,99.0625,74.0,98.0
0747.426,-420.05,-64.1,98.25,74.0,98.0
0747.472,-395.2,-61.425000000000004,96.0,74.0,98.0
0747.499,-379.4,-58.125,95.0,74.0,98.0
0747.532,-357.6,-52.225,95.0,74.0,98.0
0747.565,-343.825,-47.30769230769231,95.0,74.0,98.0
0747.597,-329.45,-40.7,95.0,74.0,98.0
0747.629,-315.34444444444443,-38.51666666666667,95.0,74.0,98.0
0747.661,-298.8,-33.40833333333333,95.0,74.0,98.0
0747.693,-262.1,-31.915384615384617,95.0,74.0,98.0
0747.739,-177.9111111111111,-25.415384615384617,94.0,74.0,98.0
0747.773,-110.675,-22.475,94.4375,74.0,98.0
0747.798,-69.30000000000001,-18.95,96.0,74.0,98.0
0747.829,-38.46666666666667,-15.4125,100.8125,73.9077380952381,98.0
0747.861,-21.775000000000002,-12.0,109.8125,73.8125,98.0
0747.892,-15.123076923076923,-9.774999999999999,113.75,73.72023809523809,98.0
0747.931,-17.2,-9.683333333333334,111.375,73.60416666666667,98.0
0747.963,-18.741666666666667,-12.466666666666669,107.6875,73.50892857142857,98.0
0747.997,-22.3,-14.774999999999999,103.5625,73.4077380952381,98.0
0748.031,-26.723076923076924,-16.2,101.4375,73.30654761904762,98.0
0748.064,-30.825,-16.8,101.0,73.20833333333333,98.0
0748.097,-42.50000000000001,-16.041666666666668,101.0,73.11011904761905,98.0
0748.130,-55.075,-16.725,101.0,73.01190476190476,98.0
0748.163,-76.075,-15.0375,101.0,73.0,97.99999999999999
0748.196,-91.2076923076923,-12.75,100.0,73.0,98.0
0748.228,-110.31538461538462,-12.566666666666666,99.0,73.0,98.0
0748.272,-125.4125,-13.761538461538462,96.375,73.0,98.0
0748.298,-125.43333333333334,-14.466666666666669,96.0,73.0,98.0
0748.329,-104.56666666666666,-12.583333333333332,96.0,73.0,98.0
0748.360,-66.37692307692308,-9.384615384615383,96.0,73.0,98.0
0748.400,-22.084615384615383,-2.908333333333333,96.0,73.0,98.0
0748.432,5.1,1.0500000000000003,96.0,73.0,98.0
0748.464,23.0,4.625,96.0,73.0,98.0
0748.497,43.4,10.146153846153846,95.0,73.0,98.0
0748.528,76.73846153846152,22.623076923076923,94.0,73.0,98.0
0748.560,103.1,32.1375,94.0,73.0,98.0
0748.600,157.625,44.483333333333334,94.125,73.0,98.0
0748.631,187.3,46.3,100.1875,73.0,98.0
0748.662,204.95833333333331,48.15555555555556,107.0,73.0,98.0
0748.697,209.6,49.55,113.1875,73.0,98.0
0748.730,200.3,49.4,113.80000000000001,73.0,98.0
0748.762,191.84166666666667,48.93333333333334,111.60000000000001,73.0,98.0
0748.796,179.9,47.87692307692308,107.625,73.0,98.0
0748.829,173.8230769230769,46.98461538461538,105.6,73.0,98.0
0748.862,169.86666666666667,49.7,103.5,73.0,98.00000000000001
0748.894,170.8,49.6,101.0,73.0,98.0
0748.939,173.1,49.449999999999996,101.0,73.0,98.0
0748.963,173.55,49.43076923076923,101.0,73.0,98.0
0748.996,166.5076923076923,46.56923076923077,100.125,73.0,98.0
0749.028,156.9,47.0,99.0,73.0,98.0
0749.072,147.81666666666666,45.0625,96.0,73.0,98.0
0749.097,145.45,44.2,95.0,73.0,98.0
0749.129,143.63333333333335,43.18333333333334,94.0,73.0,98.0
0749.162,141.375,40.016666666666666,94.0,73.0,98.0
0749.197,137.43333333333334,38.9875,94.0,73.0,98.0
0749.230,138.0,39.28461538461538,94.5,73.0,98.0
0749.261,135.35,39.2,95.0,73.0,98.0
0749.307,139.79999999999998,40.51111111111111,95.6875,73.0,98.0
0749.340,150.7,42.275,95.0,73.0,98.0
0749.373,169.14999999999998,43.11666666666667,94.0,73.0,98.0
0749.398,181.4923076923077,45.25,94.0,73.0,98.0
0749.429,192.06666666666666,46.833333333333336,95.9375,73.0,98.0
0749.460,184.7,47.46666666666667,104.625,73.0,98.0
0749.502,164.70000000000002,49.275,112.5,73.0,98.0
0749.534,145.06923076923078,52.33333333333333,113.46666666666667,73.0,98.0
0749.566,132.23846153846154,55.725,110.94117647058823,73.0,98.0
0749.600,122.03333333333333,57.5375,106.35294117647058,73.0,98.0
0749.632,128.10000000000002,57.599999999999994,105.3125,73.0,98.0
0749.666,135.56666666666666,58.86153846153846,103.1875,73.0,98.0
0749.699,147.04615384615383,63.16666666666667,101.125,73.0,98.0
0749.732,157.625,76.10000000000001,101.0,73.0,98.0
0749.765,172.08333333333334,105.26666666666668,101.0,73.0,98.0
0749.798,185.40769230769232,129.26153846153846,99.9375,73.0,98.0
0749.830,203.1,148.3,97.9375,73.0,98.0
0749.862,210.75,142.85,96.9375,73.0,98.0
0749.893,216.5333333333333,137.5727272727273,96.0,73.0,98.0
0749.933,231.725,128.8,95.0,73.0,98.0
0749.964,255.82307692307694,123.67,95.0,73.0,98.0
0749.997,272.12307692307695,121.65,95.0,73.0,98.0
0750.029,277.1,133.64999999999998,95.0,73.0,98.0
0750.061,263.03846153846155,153.53333333333336,95.0,73.0,98.0
0750.100,255.2076923076923,173.075,94.0,73.0,98.0
0750.131,260.5,180.72500000000002,94.0,73.0,98.0
0750.162,268.93333333333334,174.05,93.0,72.99999999999999,98.0
0750.193,280.1,169.69166666666666,94.0,73.0,97.99999999999999
0750.233,280.0,163.5,101.5625,73.0,98.0
0750.264,276.575,157.64166666666668,107.375,73.0,98.0
0750.295,268.2,151.89999999999998,112.0625,73.0,98.0
0750.326,262.9,143.29166666666666,112.0,73.0,98.0
0750.366,256.3,137.25,109.5,73.0,98.0
0750.398,253.41538461538465,130.9,106.5,73.0,98.0
0750.431,246.98333333333332,128.83333333333334,104.4375,73.0,98.0
0750.464,235.66666666666666,122.4,102.375,73.0,98.0
0750.496,221.9,118.93333333333332,101.0,73.0,98.0
0750.529,210.66153846153844,114.67692307692309,101.0,73.0,98.0
0750.561,198.40000000000003,109.725,101.0,73.0,98.0
0750.606,169.06666666666666,97.14166666666667,99.0,73.0,98.0
0750.639,127.83846153846154,87.66153846153847,97.0,73.0,98.0
0750.671,66.99230769230769,79.4,96.0,73.0,98.0
0750.698,10.483333333333333,69.425,95.6875,73.0,98.0
0750.730,-52.61538461538461,58.03333333333333,95.0,73.0,98.0
0750.764,-102.52222222222224,41.638461538461534,95.0,73.0,98.0
0750.796,-142.475,23.05,95.0,72.99999999999999,98.0
0750.829,-177.07500000000002,3.05,96.0,73.0,98.0
0750.861,-205.36666666666665,-16.233333333333334,95.0,73.0,98.00000000000001
0750.894,-238.44615384615383,-33.746153846153845,95.0,73.0,98.0
0750.940,-273.8333333333333,-59.784615384615385,94.0,73.0,98.0
0750.971,-295.425,-76.17692307692307,95.0,73.0,98.0
0750.995,-306.4333333333334,-89.02499999999999,96.75,73.0,98.0
0751.028,-337.4,-104.35,101.6470588235294,73.0,98.0
0751.061,-377.625,-117.07692307692308,111.0,73.0,98.0
0751.095,-434.25,-129.60000000000002,113.0,73.0,98.0
0751.127,-484.3625,-142.85000000000002,110.875,73.0029761904762,98.0
0751.159,-533.4888888888888,-156.94166666666666,108.875,73.05059523809524,97.99999999999999
0751.201,-593.275,-172.83076923076922,105.25,73.11309523809524,97.99999999999999
0751.238,-627.2384615384616,-181.8923076923077,102.9375,73.16815476190476,98.0
0751.272,-655.0500000000001,-184.83333333333334,101.8125,73.21875,98.0
0751.297,-668.5999999999999,-186.03333333333333,101.0,73.25595238095238,98.0
0751.328,-676.625,-183.85000000000002,101.0,73.30208333333334,98.0
0751.359,-687.7,-183.275,100.0,73.34821428571429,98.0
0751.399,-697.6375,-180.1888888888889,98.875,73.4077380952381,98.0
0751.430,-710.8375,-179.39999999999998,97.0,73.45386904761904,98.0
0751.461,-719.5999999999999,-177.6,96.0,73.5,98.0
0751.493,-718.025,-174.36153846153846,96.0,73.54761904761904,98.0
0751.538,-707.6666666666666,-168.925,96.0,73.61458333333334,98.0
0751.567,-698.2833333333333,-162.9,96.0,73.65773809523809,98.0
0751.599,-689.5,-157.325,95.0,73.70535714285714,98.0
0751.632,-674.3,-150.5076923076923,95.0,73.75446428571428,98.0
0751.663,-643.3,-144.8,95.0,73.80059523809524,98.0
0751.693,-605.9666666666667,-140.70833333333331,94.0,73.84523809523809,98.0
0751.733,-544.6999999999999,-132.58333333333334,94.0,73.90476190476191,98.0
0751.765,-509.9,-126.02499999999999,95.0,73.95238095238095,98.0
0751.796,-475.7,-119.2,97.875,73.9985119047619,98.0
0751.828,-444.57500000000005,-112.775,103.8125,74.0,98.00000000000001
0751.859,-419.6,-105.05,110.75,74.0,98.0
0751.900,-381.4,-98.52499999999999,111.5625,74.0,98.0
0751.932,-354.5444444444445,-93.26666666666667,108.5625,74.0,98.0
0751.964,-334.33750000000003,-90.6,106.5625,74.0,98.0
0751.997,-318.5125,-86.7,103.5,74.0,97.99999999999999
0752.029,-310.875,-82.76923076923077,101.5,74.0,98.0
0752.062,-304.1,-80.57499999999999,100.0,74.0,98.0
0752.095,-286.5692307692308,-78.5,100.625,74.0,98.0
0752.128,-270.98333333333335,-74.9,100.3125,74.0,98.0
0752.159,-254.27499999999998,-71.11666666666666,99.0,74.0,98.0
0752.199,-240.9,-64.24166666666666,97.0,74.0,98.0
0752.230,-224.12307692307692,-61.099999999999994,95.0,74.0,98.0
0752.261,-210.575,-59.416666666666664,94.0,74.0,98.0
0752.294,-196.3846153846154,-58.715384615384615,94.0,74.0,98.0
0752.325,-180.35,-58.56923076923077,93.0,74.0,98.0
0752.365,-162.44166666666666,-55.425000000000004,93.0,74.0,98.0
0752.397,-159.225,-51.577777777777776,93.0,74.0,98.0
0752.428,-162.49166666666667,-51.0,93.0,74.0,98.0
0752.460,-157.0,-49.425,93.0,74.0,98.0
0752.499,-136.5,-48.7375,92.0,74.09090909090908,98.0
0752.530,-97.04166666666666,-45.815384615384616,92.0,74.18808777429467,98.0
0752.562,-58.983333333333334,-43.13846153846153,94.5,74.2884012539185,98.0
0752.595,-28.116666666666667,-40.8,99.6,74.39184952978057,98.0
0752.629,-13.007692307692306,-38.63333333333334,105.82352941176471,74.49843260188086,98.0
0752.662,-13.707692307692309,-36.36666666666667,112.0,74.60188087774294,98.0
0752.694,-21.008333333333333,-35.36666666666667,111.9375,74.70219435736678,98.0
0752.739,-34.983333333333334,-34.7,108.125,74.84326018808777,98.0
0752.767,-43.75,-34.68333333333334,107.375,74.93103448275863,98.0
0752.799,-57.53846153846154,-32.46923076923077,104.375,75.0,98.0
0752.831,-79.07499999999999,-31.349999999999998,102.375,75.0,98.0
0752.863,-101.73333333333335,-29.55,101.0,75.0,98.0
0752.895,-125.54999999999998,-29.166666666666668,100.375,75.0,98.0
0752.927,-139.23076923076923,-28.075000000000003,100.0,75.0,98.0
0752.960,-144.05,-26.738461538461543,98.3125,75.0,98.0
0753.000,-139.82500000000002,-24.253846153846155,97.0,75.0,98.0
0753.031,-132.2,-20.525,95.875,75.0,98.0
0753.063,-115.80000000000001,-17.900000000000002,94.875,75.0,98.0
0753.095,-97.73846153846154,-14.791666666666668,94.0,75.0,98.0
0753.128,-72.1,-11.4,94.0,75.0,98.0
0753.160,-54.15,-8.858333333333334,94.0,75.0,98.0
0753.206,-40.65,-4.6,93.0,75.0,98.0
0753.232,-39.71538461538462,-2.475,93.0,75.0,98.0
0753.263,-33.9,0.3,92.0,75.0,98.0
0753.295,-13.049999999999999,3.2499999999999996,92.0,75.0,98.0
0753.327,32.269230769230774,1.2,92.0,75.0,97.99999999999999
0753.360,80.4,0.36923076923076925,92.6875,75.0,98.0
0753.400,121.5923076923077,0.5750000000000001,96.375,75.0,98.0
0753.431,138.81250000000003,3.3,105.375,75.0,98.0
0753.463,151.625,6.691666666666666,110.25,75.0,98.0
0753.494,172.32222222222222,8.815384615384616,111.9375,75.0,98.0
0753.526,192.1,11.774999999999999,109.9375,75.0,98.0
0753.572,220.43846153846155,13.283333333333333,107.0625,75.0,98.0
0753.598,231.46666666666667,13.524999999999999,105.4375,75.0,98.0
0753.631,236.2923076923077,16.1,103.375,75.0,98.0
0753.664,235.45833333333331,36.8,101.3125,75.0,98.0
0753.696,223.78333333333333,54.02499999999999,99.3125,75.0,98.0
0753.728,212.575,68.95,99.0,75.0,98.0
0753.762,195.50769230769228,66.3076923076923,98.1875,75.0,98.0
0753.795,180.46666666666667,61.21538461538462,97.125,75.0,98.0
0753.838,159.24615384615385,56.21538461538462,95.0,75.0,98.0
0753.862,144.9,53.8,94.0,75.0,98.0
0753.894,125.89999999999999,50.1,94.0,75.0,98.0
0753.926,111.70833333333333,46.30769230769231,93.0,75.0,98.0
0753.972,115.14615384615385,45.8,93.0,75.0,98.0
0754.007,130.8,45.62307692307692,93.0,75.0,98.0
0754.025,136.86249999999998,46.9,93.0,75.0,98.0
0754.066,138.625,47.66666666666667,92.0,75.0,98.0
0754.098,123.8,46.6,92.0,75.0,98.0
0754.131,103.5375,44.9,91.0625,75.0,98.0
0754.163,100.64999999999999,43.3625,91.0,75.0,98.0
0754.197,120.45,43.65,91.0625,75.0,98.0
0754.229,151.93846153846152,47.366666666666674,92.125,75.0,98.0
0754.262,176.60000000000002,54.93333333333334,96.375,75.0,98.0
0754.293,189.51666666666668,65.21666666666667,103.1875,75.0,98.0
0754.339,190.78333333333336,80.9125,111.9375,75.0,98.0
0754.371,184.20833333333334,86.82499999999999,112.0,75.0,98.0
0754.398,174.8,88.98461538461538,108.375,75.0,98.0
0754.432,160.025,86.76666666666667,107.25,75.0,98.0
0754.465,148.125,87.08333333333333,106.0,75.0,98.0
0754.497,135.95,87.125,103.1875,75.0,98.0
0754.530,126.96923076923076,86.83333333333333,101.125,75.0,98.0
0754.562,120.63333333333333,86.325,101.0,75.0,98.0
0754.593,116.4,85.6375,101.0,75.0,98.0
0754.638,105.7,95.09166666666667,98.375,75.0,98.0
0754.664,107.4,108.6,97.75,75.0,98.0
0754.695,106.8,120.83333333333333,96.0,75.0,98.0
0754.726,103.53333333333333,134.58333333333331,95.875,75.0,98.0
0754.767,104.3,125.32499999999999,95.0,75.0,98.0
0754.799,110.53076923076924,118.5,94.0,75.0,98.0
0754.830,127.99999999999999,113.0,94.0,75.0,98.0
0754.862,153.025,108.86666666666667,94.0,75.0,98.0
0754.892,177.64999999999998,107.55833333333334,94.0,75.0,98.0
0754.934,199.22500000000002,105.4,93.875,75.0,98.0
0754.967,197.82500000000002,100.50000000000001,93.0,75.0,98.0
0755.000,179.19230769230768,93.71538461538461,93.0,75.0,98.0
0755.032,141.675,83.0,93.0,75.0,98.0
0755.063,108.73333333333333,69.80000000000001,93.0,75.0,98.0
0755.095,73.2,53.4,93.0,75.0,98.0
0755.127,41.2,31.946153846153848,93.1875,75.0,98.0
0755.160,-4.9,8.200000000000001,96.5,75.0,98.0
0755.195,-63.05,-19.675,105.3125,75.0,98.0
0755.229,-119.1076923076923,-43.5,110.5625,75.0,98.0
0755.263,-190.45555555555555,-64.375,112.0,75.0,98.0
0755.295,-250.3,-80.86666666666667,109.3125,75.0,98.0
0755.326,-310.73333333333335,-94.31666666666668,107.375,75.0,98.0
0755.373,-389.4,-116.24444444444444,105.4375,75.0,98.0
0755.391,-416.36153846153843,-122.26666666666667,104.3125,75.0,98.0
0755.433,-465.46153846153845,-135.75384615384615,101.6875,75.0,98.0
0755.467,-481.7,-137.33846153846153,101.0,75.0,98.0
0755.499,-480.20833333333337,-133.96666666666667,101.0,75.0,98.0
0755.530,-469.85833333333335,-127.6,100.0,75.0,98.0
0755.562,-454.84615384615387,-120.99166666666666,99.625,75.0,98.0
0755.594,-446.9,-116.6888888888889,97.625,75.0,98.0
0755.639,-441.90000000000003,-111.20000000000002,96.8125,75.0,98.0
0755.665,-436.0625,-106.5,96.0,75.0,98.0
0755.698,-428.1,-101.225,95.0,75.0,98.0
0755.732,-416.0666666666666,-94.44615384615383,95.0,75.0,98.0
0755.765,-404.1666666666667,-88.9,95.0,75.0,98.0
0755.796,-402.25,-85.1,95.0,75.0,98.0
0755.829,-401.4625,-81.0,95.0,75.0,98.0
0755.862,-400.13846153846157,-77.65384615384615,95.0,75.0,98.0
0755.893,-385.00000000000006,-72.93076923076924,94.0,75.0,98.0
0755.933,-333.4,-67.3,94.0,75.0,98.0
0755.965,-272.45,-61.225,94.0,75.0,98.0
0755.997,-209.17692307692306,-57.03846153846154,95.0,75.0,98.0
0756.030,-152.3,-51.04444444444444,98.25,75.0,98.0
0756.062,-121.325,-45.675,102.875,75.0,98.0
0756.095,-87.55000000000001,-41.35,110.375,75.0,98.0
0756.127,-66.56923076923077,-36.08333333333333,111.0,75.0,98.0
0756.166,-48.38461538461538,-35.276923076923076,106.875,74.79761904761905,98.00000000000001
0756.199,-49.050000000000004,-33.0,104.75,74.60119047619048,98.00000000000001
0756.231,-49.75,-31.125,102.80000000000001,74.41071428571428,98.0
0756.263,-50.27499999999999,-28.916666666666668,100.75,74.2202380952381,98.0
0756.294,-46.84615384615385,-28.338461538461537,100.0,74.03571428571428,98.0
0756.326,-46.06666666666666,-27.633333333333333,99.99999999999999,73.8452380952381,98.0
0756.367,-39.9,-27.315384615384616,100.0,73.60119047619048,98.0
0756.399,-37.65,-27.484615384615385,98.3125,73.41071428571429,98.0
0756.432,-33.224999999999994,-26.224999999999998,97.0,73.21428571428572,98.0
0756.466,-31.825000000000003,-24.366666666666667,96.0,73.01190476190476,98.0
0756.498,-31.13076923076923,-21.23846153846154,94.125,72.99999999999999,98.0
0756.530,-31.349999999999998,-18.8,94.0,73.0,98.0
0756.563,-37.75,-18.991666666666664,94.0,73.0,98.0
0756.595,-44.208333333333336,-17.28333333333333,94.0,73.0,98.0
0756.626,-50.2,-16.3,94.0,73.0,98.0
0756.667,-41.16153846153846,-13.988888888888887,94.0,73.0,98.0
0756.697,-38.03333333333333,-14.333333333333334,94.0,73.0,98.0
0756.728,-30.4,-12.7,94.0,73.0,98.0
0756.758,-28.146153846153844,-12.084615384615384,94.0,73.0,98.0
0756.800,-4.566666666666666,-11.853846153846154,93.0,72.96130952380953,98.00000000000001
0756.833,26.700000000000003,-11.183333333333334,93.0,72.86309523809524,98.00000000000001
0756.865,60.87499999999999,-8.053846153846154,93.0,72.76785714285714,98.0
0756.897,104.0,-2.9416666666666664,95.875,72.67261904761905,98.0
0756.929,143.31538461538463,1.6923076923076925,101.625,72.57738095238095,98.0
0756.962,169.03333333333336,5.95,110.8125,72.47916666666666,98.0
0756.996,176.26666666666665,8.85,112.9375,72.37797619047619,98.0
0757.029,171.09999999999997,10.383333333333335,108.875,72.2797619047619,98.0
0757.061,165.77692307692308,8.649999999999999,106.875,72.18452380952381,98.0
0757.094,170.60833333333335,9.592307692307692,105.8125,72.08630952380952,98.0
0757.133,172.03333333333333,11.5,103.375,72.0,98.0
0757.166,177.68333333333334,13.933333333333334,101.3125,72.0,98.0
0757.199,175.43846153846152,15.533333333333331,100.0,72.0,98.0
0757.232,173.5,16.146153846153847,100.0,72.0,98.0
0757.265,166.8,17.25,99.125,72.0,98.0
0757.296,169.125,18.208333333333332,98.1875,72.0,98.0
0757.328,173.275,19.5,97.1875,72.0,98.0
0757.372,189.3846153846154,23.133333333333333,96.0,72.0,98.0
0757.406,196.91666666666669,27.053846153846152,96.0,72.0,98.0
0757.432,202.775,29.6,97.0,72.0,98.0
0757.464,201.63076923076923,33.2625,97.0,72.0,98.0
0757.495,201.88461538461536,35.833333333333336,97.0,72.0,97.99999999999999
0757.527,194.7,53.0375,97.0,72.0,98.0
0757.567,182.9,72.65384615384616,96.25,72.0,98.0
0757.599,161.75,85.13333333333334,95.29411764705881,72.0,98.0
0757.630,145.7,87.09230769230768,95.0,72.0,98.0
0757.663,143.4,78.9846153846154,94.0,72.0,98.0
0757.695,168.95,74.33333333333333,94.0,72.0,98.0
0757.727,217.12500000000003,77.14166666666665,93.6875,72.0,98.0
0757.774,294.9,95.49999999999999,96.25,72.0,98.0
0757.806,342.80769230769226,117.16666666666666,101.875,71.9702380952381,98.0
0757.840,374.1615384615385,133.6,110.5,71.86904761904762,98.0
0757.873,388.54999999999995,143.73846153846154,111.1875,71.77083333333333,98.0
0757.906,387.5333333333333,137.9,109.125,71.67261904761905,98.0
0757.930,380.6,137.34166666666667,105.625,71.60119047619048,98.0
0757.962,366.7,131.92307692307693,104.625,71.50595238095238,98.0
0757.996,362.7125,126.16666666666667,102.5,71.4047619047619,98.0
0758.029,353.71250000000003,121.05,101.4375,71.30654761904762,98.0
0758.062,349.49999999999994,116.05,100.0,71.20833333333333,98.0
0758.096,338.95384615384614,113.25384615384615,100.0,71.10714285714286,98.0
0758.128,333.1,110.03333333333333,100.0,71.01190476190476,98.0
0758.162,328.4,106.9,99.0,70.99999999999999,98.0
0758.194,323.80000000000007,104.41666666666666,98.0,71.0,98.0
0758.227,314.9769230769231,100.93076923076922,97.0,71.0,98.0
0758.261,302.6,96.25384615384617,95.0,71.0,98.0
0758.302,289.3,92.875,95.0,71.0,98.0
0758.335,277.4,89.375,95.0,71.0,98.0
0758.372,267.2666666666667,90.11666666666667,95.0,71.0,98.0
0758.400,256.9111111111111,88.86666666666667,95.0,71.0,98.0
0758.433,247.0,112.1888888888889,95.0,71.0,98.0
0758.465,242.6625,145.14999999999998,95.0,71.0,98.0
0758.497,231.85000000000002,172.7625,94.1875,71.0,98.0
0758.530,222.16153846153844,195.0,94.875,71.0,98.0
0758.562,214.0846153846154,179.3,94.0,71.0,98.0
0758.593,205.1,168.39999999999998,94.0,71.0,98.0
0758.639,208.1625,152.76666666666668,97.375,71.0,98.0
0758.664,217.87692307692308,143.0,103.75,71.0,98.0
0758.695,244.43333333333334,129.83846153846156,109.375,71.0,98.0
0758.734,280.2,116.80833333333334,112.3125,71.0,98.0
0758.767,300.9166666666667,113.66923076923077,110.25,71.0,98.0
0758.800,301.36153846153843,112.9,108.1875,71.0,98.0
0758.833,286.53076923076924,116.4,105.125,71.0,98.0
0758.865,274.1166666666667,119.225,103.125,71.0,98.0
0758.898,265.4333333333334,118.725,101.0,71.0,98.0
0758.929,261.30769230769226,116.13846153846154,100.0,71.0,98.0
0758.961,255.33333333333331,112.8923076923077,100.0,71.0,98.0
0758.993,246.9,112.33333333333334,98.125,71.0,98.0
0759.039,234.4,114.56666666666666,97.0,71.0,98.0
0759.072,228.8,127.43333333333331,96.0,71.0,98.0
0759.099,224.8,148.66923076923075,95.5,71.0,98.0
0759.131,216.40000000000003,175.79166666666666,95.0,71.0,97.99999999999999
0759.163,208.96666666666664,194.98333333333335,95.0,71.0,98.0
0759.195,201.8,194.97499999999997,95.0,71.0,98.00000000000001
0759.227,190.47692307692307,190.4,95.0,71.0,98.0
0759.260,183.0,185.35,95.0,71.0,98.0
0759.301,191.23076923076923,177.8,95.0,71.0,98.0
0759.335,212.42499999999998,206.95555555555558,94.75,71.0,98.0
0759.373,251.48333333333332,272.28749999999997,94.0,71.0,98.0
0759.399,282.6416666666667,306.7,93.0,71.0,98.0
0759.430,317.32222222222225,344.8461538461538,93.0,71.0,98.0
0759.463,358.45000000000005,329.15833333333336,95.25,70.98809523809524,98.00000000000001
0759.496,373.525,318.52500000000003,99.9375,70.88988095238095,98.0
0759.528,373.2375,305.68333333333334,109.625,70.79464285714286,98.0
0759.572,342.4666666666667,286.0,114.0,70.66369047619048,98.0
0759.597,321.66666666666663,271.2769230769231,113.375,70.58928571428572,98.0
0759.630,278.9916666666667,258.90000000000003,111.0,70.49107142857143,98.0
0759.663,211.84999999999997,247.58333333333334,110.0,70.39285714285714,98.0
0759.695,131.32307692307694,234.99166666666667,108.25,70.29761904761905,98.0
0759.734,26.474999999999998,210.9375,106.8125,70.18154761904762,98.0
0759.766,-52.03333333333333,177.86666666666667,105.0,70.08630952380952,98.0
0759.798,-120.39999999999999,139.375,104.0,70.0,98.0
0759.830,-172.44615384615383,91.25833333333333,103.8125,70.0,98.0
0759.863,-209.13076923076923,47.125,102.75,70.0,98.0
0759.895,-244.4666666666667,-2.3888888888888893,101.0,70.0,98.0
0759.928,-289.1333333333333,-51.425,99.6875,70.0,98.0
0759.961,-341.4307692307692,-101.80833333333334,98.625,70.0,98.0
0760.007,-414.575,-164.53333333333333,97.75,70.0,98.0
0760.024,-435.75000000000006,-188.95,97.0,70.0,98.0
0760.067,-492.3,-237.6153846153846,97.0,70.0,98.0
0760.098,-526.6333333333333,-267.2916666666667,97.0,70.0,98.0
0760.131,-569.6166666666667,-290.64166666666665,96.0,70.0,98.0
0760.164,-611.3000000000001,-303.675,95.0,70.0,98.0
0760.198,-650.9,-309.9384615384615,95.0,70.0,98.00000000000001
0760.233,-677.2166666666667,-313.4222222222222,94.625,70.0,98.0
0760.266,-692.9666666666666,-312.25,94.0,70.0,98.0
0760.297,-704.6,-308.05,95.75,70.0,98.0
0760.328,-724.6333333333333,-300.6,102.9375,70.0,98.0
0760.360,-742.7500000000001,-295.5538461538461,107.625,70.0,98.0
0760.407,-769.0,-290.975,108.75,70.0,98.0
0760.440,-770.2,-288.7,106.375,70.0,98.0
0760.474,-765.6833333333333,-285.54999999999995,103.5625,69.99999999999999,98.0
0760.491,-758.75,-282.66923076923075,102.5,70.0,98.0
0760.530,-743.7,-276.27500000000003,101.0,70.0,98.0
0760.562,-728.675,-269.6,100.0,70.0,98.0
0760.593,-713.8923076923078,-260.05,99.0,70.0,98.0
0760.632,-692.5999999999999,-248.8,100.0,70.0,98.0
0760.663,-673.1750000000001,-238.525,100.0,70.0,98.0
0760.694,-661.0,-228.35,99.0,70.0,98.0
0760.740,-649.5500000000001,-213.6,96.9375,70.0,98.0
0760.772,-642.8,-204.64999999999998,96.0,70.0,98.0
0760.798,-624.3,-198.42499999999998,96.0,70.0,98.0
0760.830,-578.6083333333332,-187.81666666666666,96.0,70.0,98.0
0760.862,-515.4666666666667,-174.45,96.6875,70.0,98.0
0760.892,-448.82307692307694,-162.76923076923077,97.0,70.0,98.0
0760.932,-369.6,-149.84615384615384,96.99999999999999,70.0,98.0
0760.965,-305.925,-143.0,96.0,70.0,98.0
0760.996,-257.1375,-134.5,95.0,70.0,98.0
0761.028,-211.66666666666669,-125.85384615384615,95.0,70.0,98.0
0761.061,-190.0333333333333,-116.2888888888889,96.3529411764706,70.0,98.0
0761.106,-176.86666666666667,-106.26153846153846,102.82352941176471,70.0,98.0
0761.139,-172.41666666666666,-99.2,110.0625,70.0,97.99999999999999
0761.172,-162.375,-94.4,109.875,70.0,97.99999999999999
0761.198,-154.19230769230768,-90.925,108.25,70.0,98.0
0761.230,-136.7,-86.76666666666667,105.25,70.0,98.0
0761.263,-129.0,-84.6,103.1875,70.0,98.0
0761.296,-115.79999999999998,-81.3,101.125,70.0,98.0
0761.328,-108.3,-79.7,100.0,70.0,98.0
0761.360,-99.66666666666666,-75.8,99.0,70.0,98.0
0761.401,-92.42500000000001,-71.23333333333333,100.0,70.0,98.0
0761.432,-90.00833333333333,-65.05,100.0,70.0,98.0
0761.463,-87.06923076923077,-61.3,99.0,70.00000000000001,98.0
0761.493,-81.0,-59.46153846153845,99.0,70.0,98.0
0761.532,-67.625,-53.28461538461538,98.375,70.0,98.0
0761.564,-57.88333333333333,-50.875,98.0,70.0,98.0
0761.596,-45.24999999999999,-46.1,97.375,70.0,98.0
0761.628,-42.56153846153846,-44.825,96.375,70.0,98.0
0761.671,-46.43076923076923,-41.025,95.6875,70.0,98.0
0761.697,-49.33333333333334,-37.6375,95.0,70.0,98.0
0761.728,-30.169230769230772,-33.8,94.0,70.0,98.0
0761.760,14.733333333333334,-26.233333333333334,94.0,70.0,98.0
0761.801,94.94999999999999,5.438461538461538,94.0,70.02083333333333,98.0
0761.832,137.67142857142858,45.074999999999996,95.375,70.11309523809523,97.99999999999999
0761.863,155.15,77.01818181818182,100.9375,70.20535714285715,98.0
0761.894,163.9,102.14166666666665,106.75,70.29761904761904,98.0
0761.926,162.7,97.54615384615386,111.0,70.39285714285715,98.0
0761.972,163.35384615384618,95.45833333333333,108.875,70.5297619047619,98.0
0761.997,164.575,95.35000000000001,107.3125,70.60416666666666,98.0
0762.029,166.4666666666667,99.0875,106.0,70.69940476190476,98.0
0762.063,170.59166666666667,104.92500000000001,105.0,70.80059523809524,98.0
0762.095,177.04166666666666,109.56666666666668,102.1875,70.89583333333334,98.0
0762.128,180.23333333333335,111.1,101.125,70.99404761904762,98.0
0762.160,181.1,110.11666666666665,101.0,71.08928571428572,98.0
0762.205,181.86666666666667,109.1,100.0,71.22321428571429,98.0
0762.230,182.5125,107.87692307692308,98.75,71.29761904761905,97.99999999999999
0762.260,186.73333333333335,105.6,96.875,71.38690476190476,98.0
0762.299,194.2,104.95833333333333,95.0,71.50297619047619,98.0
0762.330,197.1153846153846,103.43333333333334,94.0,71.59523809523809,98.0
0762.361,206.04166666666663,128.86153846153846,94.0,71.6875,98.0
0762.402,221.36249999999998,165.73076923076923,96.0,71.80952380952381,98.0
0762.434,228.6,192.39166666666665,97.0,71.9047619047619,98.0
0762.465,220.76153846153846,196.85000000000002,98.0,71.99702380952381,98.0
0762.497,207.79230769230767,182.53333333333333,98.0,72.0922619047619,98.0
0762.530,194.06666666666666,168.4230769230769,97.0,72.19047619047619,98.0
0762.562,185.97692307692307,157.325,96.0,72.28571428571428,98.0
0762.595,169.75,147.16153846153847,96.0625,72.38392857142857,98.0
0762.628,156.1375,137.08333333333331,99.25,72.48214285714286,98.0
0762.666,131.4,113.975,109.0,72.5952380952381,98.0
0762.697,110.0,87.85,112.875,72.6875,98.0
0762.730,66.03076923076922,55.8,112.5,72.78571428571429,98.0
0762.763,17.2,23.546153846153846,109.4375,72.88392857142858,98.0
0762.796,-27.424999999999997,-7.050000000000001,106.75,72.98214285714286,98.0
0762.829,-73.33076923076923,-38.8,103.3125,73.0,98.0
0762.861,-115.7,-69.75833333333333,102.0,73.0,98.0
0762.902,-173.16666666666669,-102.825,101.0,73.0,98.0
0762.939,-224.775,-125.65,101.0,73.0,98.0
0762.973,-275.3833333333333,-143.36923076923074,100.0,73.0,98.0
0762.999,-318.82500000000005,-154.83333333333334,98.6875,73.0,98.0
0763.031,-380.18461538461537,-162.15384615384616,97.6875,73.0,98.0
0763.065,-447.9666666666667,-168.94444444444443,94.5625,73.0,98.0
0763.097,-509.65,-171.10000000000002,93.0,73.0,98.0
0763.128,-556.2916666666666,-175.75000000000003,92.0,73.0,98.0
0763.159,-594.1,-180.5,92.0,73.0,98.0
0763.200,-613.7846153846153,-184.89999999999998,92.875,73.0,98.0
0763.231,-621.8,-183.13333333333335,93.0,73.0,98.0
0763.262,-615.3,-178.7833333333333,93.0,73.0,98.0
0763.295,-608.8,-172.32307692307694,94.0,73.0,98.0
0763.328,-580.4777777777778,-166.08333333333331,94.0,73.0,98.0
0763.360,-549.4,-157.63846153846157,94.0,73.0,98.0
0763.404,-495.17499999999995,-143.72500000000002,97.25,73.0,98.0
0763.429,-476.52500000000003,-134.2,101.5625,73.0,98.0
0763.461,-449.6666666666667,-125.325,109.1875,73.00892857142858,98.0
0763.492,-418.65384615384613,-118.05000000000001,110.0,73.10119047619048,98.00000000000001
0763.532,-385.2692307692308,-109.8,107.375,73.2202380952381,98.0
0763.563,-362.4,-105.31538461538462,105.4375,73.3125,98.0
0763.595,-344.69999999999993,-102.8,103.4375,73.4077380952381,98.0
0763.627,-325.33333333333337,-100.69166666666666,100.4375,73.50297619047619,98.0
0763.668,-275.8,-96.05,100.0,73.625,98.0
0763.698,-216.06666666666666,-91.36923076923077,101.0,73.71428571428571,98.0
0763.730,-156.325,-85.56666666666666,103.0,73.80952380952381,98.0
0763.763,-104.35,-80.76666666666668,102.0,73.90773809523809,98.0
0763.796,-74.43076923076924,-77.63333333333334,100.875,74.0,98.0
0763.829,-57.0,-70.96666666666667,98.8125,74.0,98.0
0763.860,-48.2,-66.375,96.0,74.0,98.0
0763.900,-35.175,-59.76666666666667,95.0,74.0,98.0
0763.931,-27.246153846153845,-55.616666666666674,94.0,74.0,98.0
0763.963,-21.200000000000003,-52.38333333333333,94.0,74.0,98.0
0763.997,-16.033333333333335,-50.13076923076923,94.0,74.0,98.0
0764.031,-16.15,-47.1,94.0,74.0,98.0
0764.063,-8.25,-45.19166666666667,93.1875,74.0,98.0
0764.095,0.7500000000000001,-43.266666666666666,93.0,74.0,98.0
0764.128,16.016666666666666,-39.769230769230774,93.0,74.0,98.0
0764.161,31.71666666666667,-41.083333333333336,93.9375,74.09226190476191,98.0
0764.194,43.325,-39.725,100.0,74.19047619047619,98.0
0764.235,40.849999999999994,-40.3,107.6875,74.3125,98.0
0764.266,32.284615384615385,-39.416666666666664,111.0,74.4047619047619,98.0
0764.297,16.725,-41.3,110.5625,74.49702380952381,98.0
0764.328,6.125,-41.85000000000001,107.625,74.58928571428571,98.0
0764.373,-10.5,-46.800000000000004,105.0,74.72321428571429,98.0
0764.400,-18.60769230769231,-47.65,104.125,74.80357142857143,98.0
0764.432,-37.333333333333336,-48.55,101.125,74.89880952380952,98.0
0764.464,-55.05,-50.05,100.125,74.99404761904762,98.0
0764.497,-82.125,-52.75,100.0,75.0,98.0
0764.531,-118.22307692307692,-55.43333333333334,100.0,75.0,98.0
0764.564,-149.31538461538463,-58.300000000000004,98.875,75.0,98.0
0764.596,-177.225,-60.869230769230775,97.875,75.0,98.0
0764.627,-200.99166666666665,-62.2,96.0,75.0,98.0
0764.667,-231.4666666666667,-62.699999999999996,95.0,75.0,98.0
0764.699,-253.0076923076923,-63.86666666666666,95.0,75.0,98.0
0764.731,-269.2166666666667,-64.00769230769231,95.0,75.0,98.0
0764.764,-279.95,-60.53333333333333,95.0,75.0,98.0
0764.797,-287.19166666666666,-55.86666666666667,95.0,75.0,98.0
0764.830,-280.0777777777778,-50.03333333333333,95.0,75.0,98.0
0764.862,-255.225,-48.58461538461539,95.0,75.0,98.0
0764.893,-212.525,-45.81111111111112,94.0,75.0,98.0
0764.932,-143.79999999999998,-40.93333333333333,94.1875,75.0,98.0
0764.965,-98.31111111111112,-34.5,97.5,75.0,98.0
0764.997,-77.2875,-31.1375,102.75,75.0,98.0
0765.028,-67.95,-28.4,107.35294117647058,75.0,98.0
0765.060,-67.4,-23.641666666666666,110.8125,75.0,98.0
0765.101,-74.8,-16.5875,108.25,75.0,98.0
0765.132,-83.08461538461539,-9.566666666666668,105.3125,75.0,98.0
0765.164,-87.4,-4.061538461538461,104.3125,75.0,98.0
0765.198,-90.85833333333333,-1.3,102.1875,75.0,98.0
0765.231,-82.85,3.5,100.125,75.0,98.0
0765.263,-76.89999999999999,4.6,100.0,75.0,98.0
0765.293,-65.06666666666666,8.223076923076924,99.25,75.0,98.0
0765.340,-59.6,8.476923076923077,99.0,75.0,98.0
0765.372,-60.25,10.933333333333334,97.0,75.0,98.0
0765.405,-64.32499999999999,8.549999999999999,96.0,75.0,98.0
0765.430,-67.85384615384615,7.930769230769231,95.0,75.0,98.0
0765.462,-65.025,7.776923076923076,95.0,75.0,98.0
0765.495,-64.625,5.35,95.0,75.0,97.99999999999999
0765.527,-55.43076923076923,5.0,95.0,75.0,98.0
0765.560,-38.1,4.492307692307692,95.0,75.0,98.0
0765.601,-16.925,4.991666666666667,96.0,75.0,98.0
0765.634,-10.2875,6.699999999999999,95.0,75.0,98.0
0765.667,-9.3875,5.1,95.0,75.0,98.0
0765.700,-1.3250000000000002,3.5999999999999996,94.0,75.0,98.0
0765.732,20.284615384615385,1.8916666666666666,94.0,75.0,98.0
0765.766,61.75,2.2,95.0,75.0,98.0
0765.798,100.78333333333333,5.530769230769231,97.9375,75.00744047619048,98.00000000000001
0765.829,128.125,7.0,103.75,75.05357142857143,98.0
0765.860,145.9923076923077,8.75,110.1875,75.09970238095238,98.0
0765.900,150.2,9.075,111.33333333333334,75.15922619047619,98.0
0765.932,155.26666666666665,11.6,108.3125,75.20684523809524,98.0
0765.965,157.63333333333335,12.349999999999998,106.25,75.25595238095238,98.0
0765.998,164.85000000000002,13.691666666666666,105.1875,75.30505952380953,98.0
0766.031,165.18888888888887,14.366666666666664,102.125,75.35416666666666,98.0
0766.063,164.3,15.092307692307694,100.125,75.40178571428572,98.0
0766.095,162.75,17.066666666666666,99.125,75.44940476190476,98.0
0766.134,158.02499999999998,18.933333333333334,99.0,75.50744047619048,98.0
0766.165,156.4,20.733333333333334,98.0,75.55357142857142,98.0
0766.197,154.49166666666667,20.284615384615385,97.0,75.60119047619048,98.0
0766.230,147.86666666666667,20.56153846153846,96.34375,75.65029761904762,98.0
0766.262,139.8,21.166666666666668,95.0,75.69791666666667,98.0
0766.293,134.46666666666667,19.8625,94.0,75.74404761904762,98.0
0766.339,124.675,17.85,95.0,75.8125,98.0
0766.367,116.76923076923079,14.150000000000002,95.0,75.85416666666667,98.0
0766.400,99.43333333333332,9.007692307692308,95.0,75.90327380952381,98.0
0766.432,78.9,4.675000000000001,95.0,75.95089285714286,98.0
0766.463,54.266666666666666,0.5249999999999999,95.0,75.99702380952381,98.0
0766.495,30.224999999999998,-3.1,95.0,76.0,98.0
0766.528,6.15,-9.0,95.0,76.0,98.0
0766.572,-18.674999999999997,-19.575,94.0,76.0,98.0
0766.607,-31.1,-24.666666666666664,94.93333333333334,76.0,98.0
0766.639,-36.0,-25.66923076923077,95.9375,76.0,98.0
0766.664,-43.76153846153846,-27.8,100.5,76.0,98.0
0766.697,-54.93333333333334,-28.2625,106.5,76.0,98.0
0766.729,-74.38333333333334,-33.644444444444446,112.5,76.0,98.0
0766.763,-109.29166666666666,-36.9,112.375,76.0,98.0
0766.796,-147.71666666666667,-38.833333333333336,109.625,76.0,98.0
0766.828,-192.1,-41.383333333333326,106.3125,76.0,98.0
0766.861,-235.03333333333333,-44.70833333333333,104.25,76.0,98.0
0766.907,-292.4,-51.8,101.375,76.0,98.0
0766.932,-327.31538461538463,-53.283333333333324,100.8125,76.0,98.0
0766.965,-370.1083333333333,-53.474999999999994,100.0,76.0,98.0
0766.998,-409.76666666666665,-56.15384615384616,100.0,76.0,98.0
0767.029,-436.74999999999994,-58.1,99.0,76.0,98.0
0767.060,-456.72499999999997,-60.725,97.8125,76.0,98.0
0767.100,-471.15555555555557,-61.825,96.3125,76.0,98.0
0767.132,-472.9,-60.03333333333334,96.0,76.0,98.0
0767.165,-469.35,-58.73846153846155,95.0,76.0,98.0
0767.199,-454.525,-56.55,95.0,76.0,98.0
0767.233,-442.5444444444445,-53.891666666666666,95.0,76.0,98.0
0767.266,-422.15,-49.925,95.0,76.0,98.0
0767.298,-402.6,-45.13333333333333,95.0,76.0,98.0
0767.329,-378.20000000000005,-40.2375,95.0,76.0,98.0
0767.362,-353.5076923076923,-36.62499999999999,95.0,76.0,98.0
0767.395,-333.625,-32.06153846153846,94.0,76.0,98.0
0767.426,-304.725,-27.0,94.0,76.0,98.0
0767.466,-265.2833333333333,-20.4,94.0,75.9702380952381,98.0
0767.496,-234.4153846153846,-17.7,95.5,75.88095238095238,98.0
0767.528,-219.175,-15.399999999999999,101.0,75.78571428571429,98.00000000000001
0767.560,-212.10000000000002,-13.607692307692306,107.0,75.69047619047619,98.0
0767.594,-212.13333333333333,-11.933333333333334,111.625,75.58928571428571,98.0
0767.628,-200.97692307692307,-7.408333333333332,111.25,75.48809523809524,98.0
0767.660,-171.95,-5.6,108.5,75.39285714285714,98.0
0767.701,-122.13333333333334,-1.4,105.6875,75.27083333333334,98.0
0767.734,-82.9,0.8230769230769232,103.625,75.17261904761905,98.0
0767.767,-62.6,3.383333333333333,101.0,75.07440476190476,98.0
0767.799,-61.1,4.3,100.0,75.0,98.0
0767.831,-76.20833333333334,6.5,100.0,75.0,98.0
0767.864,-82.73333333333333,6.6,99.5,75.0,98.00000000000001
0767.896,-75.76666666666667,7.933333333333334,99.0,75.0,98.0
0767.928,-62.776923076923076,9.5,98.0,75.0,98.0
0767.961,-42.516666666666666,9.315384615384616,97.0,75.0,98.0
0768.002,-27.950000000000003,12.700000000000001,96.0,75.0,98.0
0768.039,-21.46666666666667,13.430769230769231,96.0,75.0,98.0
0768.064,-29.416666666666664,15.158333333333335,96.0,75.0,98.0
0768.096,-33.02307692307693,13.275,95.0,75.0,98.0
0768.128,-34.416666666666664,12.033333333333335,95.0,75.0,98.0
0768.160,-25.6,12.775,95.0,74.95245170876672,97.99999999999999
0768.202,-15.075,14.45,95.0,74.89004457652304,98.00000000000001
0768.235,-8.569230769230769,14.525,95.0,74.84101040118871,98.0
0768.267,3.338461538461538,16.862499999999997,95.0,74.79346210995541,98.0
0768.301,38.7,16.066666666666666,94.1875,74.74294205052006,98.0
0768.333,84.5,17.65,94.0,74.69539375928677,98.0
0768.365,138.52307692307693,20.383333333333333,94.8125,74.64784546805349,98.0
0768.399,193.36923076923077,25.06666666666667,97.875,74.59732540861813,98.0
0768.432,229.0,31.353846153846156,108.0,74.5482912332838,98.0
0768.464,246.79999999999998,32.853846153846156,113.0,74.50074294205052,98.0
0768.495,255.125,33.3,112.0625,74.45468053491828,98.0
0768.526,264.26153846153846,33.025,109.25,74.40861812778603,98.0
0768.567,270.06666666666666,32.55,105.5625,74.3476968796434,98.0
0768.600,275.06666666666666,34.199999999999996,104.0,74.29866270430907,98.0
0768.633,276.76666666666665,32.95,102.4375,74.24962852897474,98.0
0768.664,271.81111111111113,34.9625,100.5,74.2035661218425,98.0
0768.696,265.35,37.3,100.0,74.15601783060922,98.0
0768.729,258.85,38.15555555555556,100.0,74.10698365527489,98.0
0768.760,255.31250000000003,39.21666666666667,99.0,74.06092124814263,98.0
0768.800,252.90769230769232,38.29166666666667,98.0625,74.00148588410103,98.0
0768.832,247.3,36.36666666666667,97.0,74.0,98.0
0768.865,239.83333333333331,33.969230769230776,96.0,74.0,98.0
0768.898,228.8,33.233333333333334,95.0,74.0,98.0
0768.931,225.7153846153846,33.391666666666666,95.00000000000001,74.0,98.0
0768.964,217.63076923076923,32.78333333333333,95.0,74.0,98.0
0768.996,215.1,32.766666666666666,95.0,74.0,98.0
0769.029,203.93333333333334,33.2,95.0,74.0,98.0
0769.062,195.6,32.2125,95.0,74.0,98.0
0769.093,183.22307692307692,30.541666666666668,94.73333333333333,74.0,98.0
0769.138,162.13076923076926,27.299999999999997,94.0,73.94925373134329,98.00000000000001
0769.167,151.425,24.76153846153846,93.0625,73.86268656716418,98.0
0769.201,146.4,23.15,94.0,73.76119402985074,98.0
0769.234,149.1,21.924999999999997,95.125,73.66268656716417,98.0
0769.272,148.1,20.483333333333334,99.5,73.54925373134328,98.0
0769.299,140.1,17.407692307692308,108.375,73.46865671641791,98.0
0769.332,123.6,13.275,112.25,73.37014925373134,98.0
0769.367,105.95000000000002,7.141666666666667,110.5625,73.26567164179104,98.0
0769.400,82.03333333333333,-0.07499999999999987,107.5,73.16716417910447,98.0
0769.433,51.775,-3.215384615384615,105.4375,73.0686567164179,98.0
0769.466,11.8125,-4.3,102.375,73.0,98.0
0769.499,-29.262500000000003,-5.6,100.3125,73.0,98.0
0769.532,-55.422222222222224,-5.8,99.0,73.0,98.0
0769.565,-63.223076923076924,-6.1,98.0,73.0,98.0
0769.599,-55.391666666666666,-3.8583333333333334,98.0,73.0,98.0
0769.632,-45.69166666666666,1.05,98.0,73.0,98.0
0769.665,-42.746153846153845,4.216666666666667,96.9375,73.0,98.0
0769.697,-32.666666666666664,8.415384615384616,95.0,73.0,98.0
0769.730,-21.78333333333333,11.399999999999999,94.0,73.0,98.0
0769.762,-5.300000000000001,11.874999999999998,92.875,73.0,98.0
0769.795,14.515384615384615,18.9,92.0,73.0,98.0
0769.829,30.199999999999996,40.776923076923076,91.0,73.0,98.0
0769.860,49.4,59.88461538461539,91.25,73.0,98.0
0769.894,70.5625,79.28333333333335,92.0,73.0,98.0
0769.939,100.02499999999999,73.78333333333333,93.0,73.0,98.0
0769.972,126.82500000000002,71.18333333333334,92.75,73.0,98.0
0769.997,152.4,69.66666666666667,92.0,73.0,98.0
0770.031,193.96666666666667,68.03846153846153,92.0,73.0,98.0
0770.064,237.27500000000003,66.0,93.0,73.0,98.0
0770.097,271.3692307692308,61.4,95.125,73.0,98.0
0770.129,289.9583333333333,55.96923076923077,99.1875,72.99702380952381,98.0
0770.160,294.9583333333333,46.75000000000001,106.0,72.90476190476191,98.0
0770.200,281.8,34.25833333333333,112.0,72.78571428571429,98.00000000000001
0770.231,262.7153846153846,21.849999999999998,111.5625,72.69345238095238,98.0
0770.263,238.31666666666666,5.016666666666667,109.5625,72.59821428571428,98.0
0770.295,215.8,-15.716666666666665,108.5625,72.50297619047619,98.0
0770.327,190.85,-33.55384615384616,108.0,72.4077380952381,98.0
0770.360,155.77777777777777,-49.68333333333333,107.0,72.30952380952381,98.0
0770.402,82.56153846153846,-63.333333333333336,107.125,72.18452380952381,98.0
0770.427,34.275,-72.25,108.0,72.11011904761905,98.0
0770.473,-49.900000000000006,-88.875,108.4375,72.00000000000001,98.0
0770.491,-74.9,-93.22500000000001,108.0,71.99999999999999,98.0
0770.531,-128.54615384615386,-104.25,106.0,72.0,98.0
0770.562,-170.16666666666669,-109.6,104.875,72.0,98.0
0770.595,-214.91666666666669,-112.37692307692306,102.8125,72.0,98.0
0770.627,-272.925,-113.41666666666667,102.00000000000001,72.0,98.0
0770.667,-356.23333333333335,-113.975,101.0,72.0,98.0
0770.699,-433.13076923076926,-114.13333333333333,100.25,72.0,98.0
0770.731,-503.59230769230766,-114.03846153846155,100.0,72.0,98.0
0770.765,-563.9,-112.72307692307692,98.125,72.0,98.0
0770.798,-593.2,-111.45,97.0625,72.0,98.0
0770.831,-599.1076923076923,-110.52499999999999,96.0,71.9047619047619,97.90476190476191
0770.865,-590.95,-107.55000000000001,94.0,71.80357142857143,97.80357142857143
0770.898,-570.95,-104.4,93.0,71.70535714285714,97.70535714285714
0770.932,-549.1,-99.1,93.3125,71.60416666666667,97.60416666666667
0770.966,-524.25,-93.19166666666668,96.3125,71.50297619047619,97.50297619047619
0770.999,-496.3285714285714,-86.275,105.0,71.4047619047619,97.4047619047619
0771.031,-476.2,-82.02307692307693,108.0,71.30952380952381,97.30952380952382
0771.063,-453.8625,-77.4,105.5,71.21428571428572,97.21428571428571
0771.095,-429.1,-74.44166666666668,102.0,71.11904761904762,97.11904761904762
0771.127,-401.87692307692305,-71.0,99.0,71.02380952380953,97.02380952380952
0771.170,-374.9230769230769,-66.5,95.0,71.0,97.0
0771.196,-380.1333333333333,-63.65384615384615,94.1875,71.0,96.99999999999999
0771.229,-396.7583333333333,-60.646153846153844,93.0,71.0,97.00000000000001
0771.261,-407.83333333333337,-58.075,93.8235294117647,71.0,97.0
0771.294,-399.2583333333333,-52.8875,94.0,71.0,97.0
0771.335,-361.3666666666666,-46.84166666666667,94.0,71.0,97.0
0771.367,-319.1,-40.38461538461539,94.0,71.0,97.0
0771.399,-260.0444444444445,-37.233333333333334,93.0,71.0,97.0
0771.432,-189.6,-34.0,92.0,71.0,97.0
0771.463,-128.375,-32.6,92.5,71.0,97.0
0771.495,-69.5125,-30.684615384615384,93.0,71.0,97.0
0771.527,-24.049999999999997,-28.225,94.0,71.0,97.0
0771.560,8.700000000000001,-23.900000000000002,94.0,71.0,97.0
0771.594,41.6,-19.43076923076923,95.0,71.0,97.0
0771.628,81.69166666666668,-14.707692307692307,95.0,71.0,97.0
0771.661,126.93333333333334,-9.7,95.0,71.0,97.0
0771.701,180.95000000000002,-0.5749999999999997,97.375,71.0,97.0
0771.733,208.4,6.95,100.75,71.0,97.0
0771.765,220.10000000000002,17.275,106.5,71.0,97.0
0771.797,222.9,29.144444444444442,115.75,70.99999999999999,97.0
0771.830,218.9,39.875,117.5625,71.0,97.0
0771.862,212.1,49.9,113.5625,71.0,97.00000000000001
0771.893,202.525,50.34615384615385,110.25,71.0,97.0
0771.939,191.7,49.650000000000006,104.5,71.0,97.0
0771.968,180.58333333333331,49.48461538461538,101.9375,71.0,97.0
0772.002,170.2,58.125,99.8125,71.0,97.0
0772.034,157.4666666666667,70.9,99.0,71.0,97.0
0772.067,141.85000000000002,88.66666666666667,99.0,71.0,97.0
0772.099,129.975,99.63076923076923,98.0,71.0,97.0
0772.131,122.425,102.69166666666668,97.75,71.00000000000001,97.0
0772.163,112.5888888888889,104.3076923076923,96.75,71.0,97.0
0772.196,106.49230769230769,103.30000000000001,95.0,71.0,97.00000000000001
0772.228,99.49166666666665,101.55555555555556,94.6875,71.0,97.0
0772.261,93.5,96.15,94.0,71.0,97.0
0772.300,83.6,87.1,95.0,71.0,97.0
0772.330,71.24615384615386,78.275,95.0,71.0,97.0
0772.363,48.63076923076923,64.825,95.0,71.0,97.0
0772.395,18.233333333333334,50.17777777777778,95.0,71.0,97.0
0772.426,-15.85,38.900000000000006,94.3125,71.0,97.0
0772.466,-58.161538461538456,32.416666666666664,94.0,71.0,97.0089552238806
0772.498,-86.35,38.974999999999994,95.1875,71.0,97.10447761194031
0772.530,-100.75,47.93846153846154,98.375,71.0,97.20000000000002
0772.562,-110.3875,58.766666666666666,104.5625,71.0,97.2955223880597
0772.593,-114.52222222222221,69.55000000000001,112.25,71.0,97.38805970149254
0772.634,-121.3923076923077,82.38461538461539,113.3125,71.0,97.51044776119403
0772.667,-116.55,88.16666666666667,109.5,71.0,97.6089552238806
0772.697,-103.98333333333333,92.8,106.75,71.0,97.69850746268656
0772.728,-79.76666666666667,98.3,104.4375,71.0,97.7910447761194
0772.768,-63.3,125.24166666666667,100.93333333333334,71.0,97.91044776119404
0772.801,-56.1625,143.6,99.8125,71.0045731707317,98.00000000000001
0772.833,-60.9,156.23846153846154,99.1875,71.0533536585366,98.0
0772.864,-60.88461538461539,153.875,100.0,71.10060975609757,98.0
0772.896,-63.349999999999994,151.13333333333333,99.0,71.14939024390243,98.0
0772.927,-70.36666666666667,145.7923076923077,98.9375,71.19664634146342,98.0
0772.973,-85.375,137.68333333333334,97.0625,71.26676829268293,98.0
0772.999,-95.48333333333333,139.86923076923077,96.4375,71.3064024390244,98.0
0773.031,-97.21538461538462,156.01666666666668,96.0,71.35518292682926,98.0
0773.062,-95.9,170.8,96.0,71.40243902439025,98.0
0773.094,-89.46249999999999,184.5769230769231,96.0,71.45121951219512,98.0
0773.126,-75.05,186.21249999999998,96.0,71.5,98.0
0773.168,-63.4,176.9,96.0,71.5640243902439,98.0
0773.201,-60.70000000000001,170.60000000000002,96.0,71.61432926829268,98.0
0773.234,-60.15,165.39999999999998,96.0,71.66463414634146,98.0
0773.267,-43.66666666666667,159.86153846153846,96.0,71.71493902439025,98.0
0773.298,-20.916666666666668,179.1375,97.5,71.76219512195121,98.0
0773.330,1.3111111111111111,215.97500000000002,102.75,71.8109756097561,98.0
0773.363,21.516666666666666,252.33333333333334,108.9375,71.86128048780488,98.0
0773.396,29.68333333333333,281.15,114.0,71.91158536585365,98.0
0773.427,35.5,268.4307692307692,112.6875,71.95884146341463,98.0
0773.473,37.725,253.61111111111111,107.625,72.0,98.0
0773.499,27.6,246.66923076923075,105.1875,72.0,98.0
0773.532,21.75,236.7,103.1875,72.0,98.0
0773.564,15.016666666666666,223.51538461538462,100.1875,72.0,98.00000000000001
0773.596,18.16666666666667,214.25833333333333,99.0,72.0,98.0
0773.630,36.21538461538462,205.35000000000002,99.0,72.0,98.0
0773.664,59.900000000000006,202.3,99.0,72.0,98.0
0773.695,79.5,199.95000000000002,98.9375,72.0,98.0
0773.739,97.36666666666667,197.76666666666665,97.25,72.0,98.0
0773.773,103.4888888888889,195.05,96.0,72.0,98.0
0773.806,99.9,189.55,95.0,72.0,98.0
0773.839,96.22500000000001,180.82500000000002,95.0,72.0,98.0
0773.872,83.9,164.75,95.0,72.0,98.0
0773.898,69.89999999999999,148.4,95.6875,72.0,98.0
0773.929,55.85,120.16153846153847,96.0,72.0,98.0
0773.960,30.6,86.49166666666666,96.0,72.0,98.0
0774.001,-2.0,42.63076923076923,96.0,72.0,98.0
0774.033,-25.9,10.3,95.0,72.0,98.0
0774.065,-42.141666666666666,-17.7875,95.125,72.0,98.0
0774.097,-52.550000000000004,-40.75555555555556,98.375,72.0,98.0
0774.130,-70.45,-61.9125,104.60000000000001,72.00447093889717,97.99999999999999
0774.163,-100.4125,-83.03750000000001,111.58823529411764,72.05365126676602,98.0
0774.195,-144.29999999999998,-102.82500000000002,114.70588235294117,72.10134128166915,97.99999999999999
0774.226,-192.2,-122.21538461538461,112.52941176470588,72.14754098360656,98.0
0774.266,-262.575,-141.1,107.25,72.20715350223547,98.0
0774.298,-316.2769230769231,-153.28333333333333,105.25,72.2548435171386,98.0
0774.332,-386.0,-168.3,104.0,72.30551415797316,98.0
0774.365,-449.2,-181.4,102.0,72.35469448584203,98.0
0774.399,-506.82500000000005,-192.77499999999998,101.0,72.4053651266766,98.0
0774.432,-545.6083333333333,-197.93333333333334,101.0,72.45454545454544,98.0
0774.464,-575.9923076923078,-203.09166666666664,101.0,72.50223546944858,98.0
0774.495,-593.9916666666667,-206.2625,99.0,72.54843517138599,98.0
0774.527,-617.6666666666667,-208.82222222222222,97.9375,72.59612518628913,98.0
0774.572,-647.55,-212.6153846153846,96.0625,72.66318926974665,98.0
0774.598,-667.4250000000001,-212.66666666666669,95.0,72.70193740685544,98.0
0774.630,-687.8846153846155,-213.83333333333331,95.0,72.74962742175857,98.0
0774.662,-699.9166666666667,-211.23846153846154,95.0,72.7973174366617,98.0
0774.693,-702.0,-210.4,94.5625,72.84351713859911,98.0
0774.733,-699.375,-204.13333333333335,94.0,72.90312965722802,98.0
0774.765,-689.8333333333334,-198.64999999999998,94.0,72.95081967213115,98.0
0774.797,-666.1333333333333,-192.76666666666668,94.0,72.99850968703427,98.0
0774.829,-633.95,-188.58333333333331,94.0,73.0922619047619,98.0
0774.860,-593.4153846153846,-180.7,94.0,73.18452380952381,98.0
0774.906,-514.0999999999999,-168.3777777777778,98.5,73.32142857142857,98.0
0774.931,-476.9384615384615,-158.41666666666663,102.9375,73.39583333333334,98.0
0774.962,-423.35,-147.79999999999998,108.75,73.48809523809524,98.0
0774.995,-378.77500000000003,-137.64615384615382,112.6875,73.58630952380952,98.0
0775.027,-328.68333333333334,-128.4,110.6875,73.68154761904762,98.0
0775.059,-275.9923076923077,-122.21666666666667,106.6875,73.77678571428572,98.0
0775.100,-205.55,-115.25,103.125,73.89880952380953,98.0
0775.130,-163.3416666666667,-109.43333333333334,101.25,73.98809523809524,98.0
0775.162,-122.55,-101.225,99.0,73.99999999999999,98.0
0775.195,-85.86666666666667,-93.425,98.0,74.0,98.0
0775.227,-38.62500000000001,-85.42499999999998,98.0,74.0,98.0
0775.273,31.174999999999997,-76.1375,98.0,74.0,98.0
0775.307,70.13333333333334,-69.5,96.1875,74.0,98.0
0775.324,81.89999999999999,-65.91666666666666,96.0,74.0,98.0
0775.367,108.77499999999999,-60.425,94.4375,74.0,98.0
0775.399,123.10000000000001,-57.916666666666664,94.0,74.0,98.0
0775.430,136.83333333333334,-56.39230769230769,93.5,74.0,98.0
0775.462,142.79166666666666,-54.292307692307695,93.0,74.0,97.99999999999999
0775.492,148.43846153846155,-50.108333333333334,93.0,74.0,97.99999999999999
0775.534,149.55555555555554,-44.50000000000001,93.0,74.0,97.99999999999999
0775.567,158.0,-40.18333333333334,93.0,74.0,98.0
0775.600,181.8,-39.146153846153844,93.0,74.0,98.0
0775.633,208.22307692307695,-37.03333333333333,93.0,74.0,98.0
0775.665,230.93846153846152,-34.016666666666666,94.1875,74.0,98.0
0775.697,232.94166666666666,-27.725,99.75,74.0,98.0
0775.728,217.22500000000002,-21.169230769230765,106.375,74.0,98.0
0775.760,186.1,-15.408333333333331,111.25,74.0,98.0
0775.806,126.78461538461538,-10.266666666666666,111.0,73.99999999999999,98.0
0775.831,107.1,-4.1,108.875,74.0,98.0
0775.863,99.13333333333334,5.575,104.875,74.0,98.0
0775.895,112.7,28.266666666666666,102.4375,74.0,98.0
0775.927,130.475,56.5375,100.4375,74.0,98.0
0775.971,144.5,91.01538461538462,97.6875,74.0,98.0
0775.997,150.06666666666666,102.1,97.0,74.0,98.0
0776.029,156.16923076923075,98.6,97.0,74.0,98.0
0776.061,160.8,100.83333333333334,97.0,74.0,98.0
0776.092,171.77499999999998,114.73333333333332,97.0,74.0,98.0
0776.132,201.8083333333333,130.1,98.0,74.0,98.0
0776.163,231.71538461538464,140.7,99.0,73.99999999999999,97.99999999999999
0776.195,263.825,134.49230769230772,100.0,74.0,98.0
0776.229,274.4666666666667,130.2,100.0,74.0,98.0
0776.262,262.23333333333335,125.2769230769231,98.53333333333333,74.0,98.0
0776.296,227.2076923076923,121.1,97.0,74.0,98.0
0776.330,188.725,114.19999999999999,96.0,74.0,98.0
0776.363,152.7875,110.35000000000001,94.1875,74.0,98.0
0776.395,131.85,104.68333333333334,93.1875,74.0,98.0
0776.427,122.62499999999999,98.9076923076923,92.0,74.0,98.0
0776.472,120.725,95.13333333333334,93.375,74.03273809523809,98.0
0776.505,124.675,93.77692307692308,102.25,74.13095238095238,98.0
0776.539,136.7625,117.75454545454546,110.5,74.23214285714286,98.0
0776.572,145.5,156.3,113.9375,74.33035714285714,98.0
0776.606,171.4,194.625,112.0,74.43154761904762,98.0
0776.638,203.33333333333337,226.04444444444445,109.875,74.52678571428572,98.0
0776.672,243.61666666666665,211.925,105.86666666666667,74.62797619047619,98.0
0776.705,260.0,205.0,103.5,74.72619047619048,98.0
0776.729,242.125,197.5076923076923,101.25,74.79761904761905,98.0
0776.760,191.14166666666665,186.63076923076923,99.3125,74.88988095238096,98.0
0776.800,132.73333333333332,170.40833333333333,99.0,75.0,98.0
0776.832,127.56923076923077,164.11666666666667,99.0,75.0,98.0
0776.864,154.46666666666664,201.325,99.0,75.0,98.0
0776.895,196.1,239.41111111111113,100.0,75.0,98.0
0776.927,221.8,277.0875,100.0,75.0,98.0
0776.973,236.1777777777778,279.1,99.0,75.0,98.0
0777.005,229.61249999999998,265.43333333333334,96.05882352941175,75.0,98.0
0777.038,221.17499999999998,251.8,94.0,75.0,98.0
0777.063,211.9,239.89999999999998,91.4375,75.0,98.0
0777.094,195.5,227.86666666666667,91.0,75.0,98.0
0777.127,181.95,216.22499999999997,90.0,75.0,98.0
0777.159,195.23333333333335,205.5,91.0,75.0,98.00000000000001
0777.201,249.39166666666665,202.96666666666667,92.1875,75.0,98.0
0777.239,307.6333333333333,241.4230769230769,96.125,75.0,98.0
0777.273,337.29230769230765,278.09999999999997,101.0625,75.0,98.0
0777.298,339.70000000000005,301.8,108.75,75.0,98.0
0777.328,336.25,308.09999999999997,114.125,75.0,98.0
0777.359,327.9,299.0076923076923,114.875,75.0,98.0
0777.400,317.54999999999995,294.9923076923077,108.625,75.0,98.0
0777.431,316.5615384615385,296.36153846153843,104.75,75.0,98.0
0777.462,321.46153846153845,309.5333333333333,100.4375,75.0,98.0
0777.494,319.1,333.7,98.4375,75.0,98.0
0777.539,314.6333333333333,390.7,98.375,75.0,98.0
0777.570,320.28333333333336,434.82222222222225,100.625,75.0,98.0
0777.596,337.04999999999995,458.2,102.9375,75.0,98.0
0777.628,364.27500000000003,483.68333333333334,105.0,75.0,98.0
0777.672,379.425,474.3333333333333,103.3125,75.0,98.0
0777.698,371.5083333333333,458.7384615384616,100.375,75.0,98.0
0777.728,352.60769230769233,440.24999999999994,97.625,75.0,98.0
0777.759,317.2,418.92499999999995,94.875,75.0,98.0
0777.799,280.76666666666665,380.04999999999995,92.0,75.0,98.0
0777.832,248.06666666666666,342.6230769230769,92.0,75.0,98.0
0777.864,223.65384615384616,309.54999999999995,93.6875,75.0,98.0
0777.897,199.21666666666664,289.05,95.75,75.0,98.0
0777.930,172.375,271.04999999999995,96.8125,75.0,98.0
0777.963,137.45,246.86666666666667,98.0,75.0,98.0
0777.997,88.17500000000001,204.9,97.0,75.0,98.0
0778.030,32.6,146.39999999999998,97.0625,75.0,98.0
0778.063,-22.2,77.13333333333333,100.25,75.0,98.0
0778.095,-68.97500000000001,3.200000000000001,107.25,75.0,98.0
0778.127,-116.94999999999999,-80.26923076923076,110.0,75.0,98.0
0778.159,-175.96153846153845,-147.11666666666667,109.875,75.0,98.00000000000001
0778.205,-245.14999999999998,-223.16666666666669,106.0,75.0,97.99999999999999
0778.231,-268.4,-255.0666666666667,104.375,75.0,98.0
0778.262,-295.45000000000005,-295.2307692307692,103.0,75.0,98.0
0778.295,-331.95384615384614,-337.55384615384617,101.375,75.0,98.0
0778.330,-384.2,-376.9125,100.1875,75.0,98.0
0778.362,-442.0,-403.2,99.1875,75.0,98.0
0778.394,-509.2125000000001,-418.9,98.1875,75.0,98.0
0778.427,-580.525,-425.16666666666663,96.125,75.0,98.0
0778.473,-669.2,-426.20000000000005,94.0,75.0,98.0
0778.499,-702.3384615384615,-424.8833333333333,93.0,75.0,97.99999999999999
0778.531,-721.9833333333333,-420.975,94.0,75.0,98.0
0778.562,-727.1666666666667,-412.5153846153846,94.3125,75.0,97.99999999999999
0778.594,-724.75,-405.6333333333333,95.0,75.0,98.0
0778.626,-721.4666666666667,-394.55,95.0,75.0,98.0
0778.667,-706.4,-378.03333333333336,94.0,75.0,98.0
0778.699,-686.4538461538461,-360.1,93.0,75.0,98.0
0778.730,-657.9625,-344.9384615384615,92.0,75.0,98.0
0778.761,-627.4416666666667,-330.95,91.0,75.0,98.0
0778.807,-543.2750000000001,-313.9166666666667,92.0,75.0,98.0
0778.825,-499.1,-305.8,94.5,75.0,98.0
0778.867,-378.725,-285.2,103.5,75.0,98.0
0778.898,-289.3666666666667,-268.7,114.9375,75.0,97.99999999999999
0778.931,-211.23076923076923,-254.1,119.0,75.0,98.0
0778.963,-162.43333333333334,-243.07500000000002,116.625,75.0,98.0
0778.995,-135.64999999999998,-233.73846153846154,109.875,75.0,98.0
0779.027,-118.725,-224.5,105.25,75.0,98.0
0779.072,-87.875,-213.85,99.8125,75.0,98.0
0779.097,-76.52499999999999,-206.83333333333337,98.25,75.0,98.0
0779.128,-66.3,-199.9,98.0,75.0,98.0
0779.173,-47.61666666666667,-184.0,98.0,75.0,98.0
0779.208,-28.866666666666667,-174.41666666666666,99.0,75.0,98.0
0779.225,-18.566666666666666,-168.9,99.0,75.0,98.0
0779.268,0.1,-160.04444444444442,99.0,75.0,98.0
0779.301,5.6,-152.9375,98.0,75.0,98.0
0779.333,2.5,-148.65,97.0,75.0,98.0
0779.365,-1.5916666666666668,-143.6375,95.5,75.0,98.0
0779.398,-10.216666666666667,-138.97500000000002,93.4375,75.0,98.0
0779.430,-23.033333333333335,-133.63333333333333,93.0,75.0,98.0
0779.462,-37.353846153846156,-129.6076923076923,92.0,75.0,98.0
0779.493,-51.233333333333334,-124.9,92.47058823529412,75.0,98.0
0779.533,-50.3,-116.19166666666666,93.0,75.0,97.99999999999999
0779.565,-38.13333333333333,-101.55000000000001,94.0,75.0,98.0
0779.599,-12.725000000000001,-72.13076923076923,95.125,75.0,98.0
0779.633,20.833333333333336,-20.125,99.75,75.0,98.0
0779.665,41.7,16.633333333333333,105.75,75.0,98.0
0779.699,57.525,48.15,113.375,75.0,98.0
0779.730,55.375,46.95833333333333,112.6875,75.0,98.0
0779.761,52.28461538461538,47.824999999999996,110.5,75.0,98.0
0779.801,49.32222222222222,49.19166666666667,105.25,75.0,98.0
0779.833,50.1,49.1,103.25,75.0,98.0
0779.864,55.50769230769231,60.711111111111116,102.0,75.0,98.0
0779.895,73.3,76.51538461538462,102.0,75.0,98.0
0779.927,100.1,93.26666666666668,102.625,75.0,98.0
0779.960,136.5,104.66666666666669,103.0,75.0,98.0
0780.007,171.125,100.175,102.375,75.0,98.0
0780.025,179.13846153846154,98.65384615384616,100.25,75.0,98.0
0780.068,186.2923076923077,95.28461538461539,97.5625,75.0,98.0
0780.100,184.98461538461538,93.05833333333334,94.5625,75.0,98.0
0780.132,175.43333333333334,91.5,93.0,75.01043219076006,98.0
0780.165,167.25,90.1,93.0,75.05961251862891,98.0
0780.197,161.5875,88.8,93.0,75.10730253353205,98.00000000000001
0780.229,154.93333333333334,86.3,94.0,75.15499254843517,98.0
0780.262,151.7625,84.9625,95.0,75.20417287630403,98.0
0780.294,145.71666666666667,80.76666666666667,95.0,75.25186289120715,98.0
0780.339,142.25,72.325,94.0,75.31892697466468,98.0
0780.372,134.70000000000002,64.5375,93.5625,75.36810730253353,98.0
0780.397,131.55833333333334,61.46666666666667,93.0,75.4053651266766,98.0
0780.429,124.45,56.2,98.0,75.45305514157974,98.0
0780.462,110.9,46.66923076923077,104.25,75.50223546944858,98.0
0780.494,87.04615384615386,34.733333333333334,111.125,75.54992548435172,98.0
0780.539,42.154545454545456,11.6,112.06666666666666,75.61698956780924,98.0
0780.564,15.5,-2.0153846153846153,110.5,75.65424739195231,98.0
0780.596,-16.946153846153848,-18.1,106.5,75.70193740685545,98.0
0780.628,-44.300000000000004,-34.49166666666667,105.0,75.74962742175856,98.0
0780.672,-85.7,-51.0,101.75,75.81520119225037,98.0
0780.696,-110.075,-59.37692307692308,101.0,75.85096870342772,98.0
0780.727,-151.3,-69.41666666666666,100.0,75.89716840536512,98.0
0780.766,-205.97692307692307,-86.2,99.0,75.95529061102832,98.0
0780.797,-240.85000000000002,-97.375,98.9375,76.0,98.0
0780.828,-285.23333333333335,-111.5,97.0,76.0,98.0
0780.872,-355.20000000000005,-125.57692307692307,96.0,76.0,98.0
0780.896,-395.9230769230769,-134.3,95.0,76.0,98.0
0780.927,-441.6,-145.95,94.8125,76.0,98.0
0780.972,-510.2846153846154,-159.4,94.0,76.0,98.0
0780.997,-552.3666666666667,-167.86923076923077,94.0,76.0,98.0
0781.030,-593.0666666666667,-174.89230769230767,94.58823529411765,76.0,98.0
0781.061,-622.2769230769231,-180.84615384615384,95.0,76.0,98.0
0781.094,-641.4769230769231,-185.7,95.0,76.0,98.0
0781.126,-656.975,-189.75833333333333,94.375,76.0,98.0
0781.167,-677.2,-195.95000000000002,94.0,76.0,98.0
0781.199,-690.05,-201.2,94.1875,76.0,98.0
0781.232,-722.9250000000001,-201.9375,100.75,76.0,98.0
0781.265,-759.2,-202.9,107.9375,76.0,98.0
0781.297,-795.2250000000001,-201.05,115.0,76.0,98.0
0781.328,-824.2,-199.10000000000002,114.76470588235294,76.0,98.0
0781.361,-849.7,-198.06153846153848,111.375,76.0,98.0
0781.406,-876.4333333333334,-196.51538461538462,105.875,76.0,98.0
0781.439,-884.5,-193.59166666666667,103.8125,76.0,98.0
0781.472,-871.4250000000001,-189.76666666666665,101.0,76.0,98.0
0781.499,-848.3083333333334,-183.6153846153846,101.0,76.0,98.0
0781.531,-804.4538461538461,-176.03333333333333,101.0,76.0,98.0
0781.563,-755.0583333333334,-164.22857142857143,101.0,76.0,98.0
0781.596,-703.85,-154.7,100.05882352941175,76.0,98.0
0781.629,-664.2,-148.3,98.0,76.0,98.0
0781.661,-635.95,-143.10000000000002,97.0,76.0,98.0
0781.693,-617.4846153846154,-138.45,96.0,76.0,98.0
0781.734,-596.5923076923077,-132.8875,95.0,76.0,98.0
0781.771,-579.4833333333333,-128.94166666666666,95.0,76.0,98.0
0781.797,-566.475,-126.10000000000001,95.0,75.99999999999999,98.0
0781.830,-553.7,-121.86666666666666,94.375,76.0,98.0
0781.862,-536.9,-117.60000000000001,94.625,76.0,97.99999999999999
0781.895,-509.5076923076923,-113.65454545454546,95.0,76.0,98.0
0781.927,-472.76923076923083,-108.89999999999999,95.0,76.0,98.0
0781.972,-411.9,-102.35,96.4375,76.0,98.0
0782.007,-360.2875,-97.19166666666666,100.25,76.0,98.0
0782.024,-339.24999999999994,-95.85,103.0625,76.0,98.0
0782.063,-299.96153846153845,-90.58461538461538,113.125,76.0,98.0
0782.094,-286.93333333333334,-87.5,114.0,76.0,98.0
0782.128,-285.575,-82.73333333333335,110.8125,76.0,98.0
0782.161,-286.425,-79.76153846153845,107.73333333333333,76.0,98.0
0782.194,-280.4,-76.96666666666665,103.6875,76.0,98.0
0782.226,-267.125,-75.2,101.625,76.0,98.0
0782.267,-227.13333333333333,-69.7625,100.0,76.0,98.0
0782.299,-183.0,-64.46666666666667,100.0,76.0,98.0
0782.331,-143.675,-57.37692307692308,100.0,76.0,98.0
0782.363,-119.22500000000001,-51.7,98.0625,76.0,98.0
0782.397,-111.2,-46.16666666666667,96.9375,76.0,98.0
0782.429,-107.76153846153846,-41.823076923076925,94.0,76.0,98.0
0782.460,-105.39999999999999,-40.53333333333334,94.0,76.0,98.0
0782.500,-104.45833333333333,-36.875,93.0,76.0,98.0
0782.532,-107.36666666666667,-36.53333333333333,93.0,76.0,98.00000000000001
0782.565,-105.30000000000001,-33.666666666666664,93.0,76.0,98.0
0782.597,-93.44999999999999,-31.644444444444446,92.4375,76.0,98.0
0782.631,-72.83076923076923,-32.25,92.0,76.0,98.0
0782.663,-25.26666666666667,-34.0,91.3125,76.0,98.0
0782.695,19.700000000000003,-32.075,90.3125,76.0,98.0
0782.726,72.4,-27.96923076923077,90.625,76.0,98.0
0782.771,137.26666666666668,-18.255555555555556,97.3125,76.0,98.0
0782.798,162.84615384615384,-15.261538461538462,103.375,76.0,98.0
0782.830,178.24166666666667,-13.883333333333333,111.125,76.0,98.00000000000001
0782.864,178.6,-11.938461538461539,111.75,76.0,98.0
0782.898,176.1,-10.161538461538461,110.625,76.0,98.0
0782.931,179.2,-8.233333333333333,107.5625,76.0,98.0
0782.964,184.05,-8.75,105.5,76.0,98.0
0782.998,183.6125,-9.325,103.375,76.0,98.0
0783.029,179.73333333333335,-9.65,102.4375,76.0,98.0
0783.061,173.3846153846154,3.2875,102.0,76.0,98.0
0783.100,167.375,14.933333333333332,103.0,76.0,98.0
0783.131,161.125,26.474999999999998,103.0,76.0,98.0
0783.162,158.33333333333331,26.738461538461536,100.125,76.0,98.0
0783.195,160.58461538461538,24.433333333333334,99.0625,76.0,98.0
0783.227,158.375,24.141666666666666,97.0625,76.0,98.0
0783.273,152.46666666666667,24.133333333333333,96.0,76.0,98.0
0783.307,139.9,24.4,95.0,76.0,98.0
0783.332,131.60000000000002,23.307692307692307,95.0,76.0,98.0
0783.364,122.93076923076923,20.133333333333333,94.0,76.0,98.0
0783.398,125.46666666666667,18.1,93.375,76.0,98.0
0783.430,144.625,17.841666666666665,93.0,76.0,98.0
0783.461,169.45,20.055555555555554,92.0,76.0,98.0
0783.493,197.10769230769233,21.950000000000003,92.0,76.0,98.0
0783.538,213.6,24.3625,97.5,76.0,98.0
0783.571,208.95000000000002,23.8,108.3125,76.0,98.0
0783.599,199.97499999999997,23.46666666666667,111.1875,76.0,98.0
0783.634,190.55,23.200000000000003,110.625,76.0,98.0
0783.671,184.40769230769232,23.325,107.3125,76.0,98.0
0783.696,180.51666666666665,23.425,105.75,76.0,98.0
0783.727,166.71666666666667,25.053846153846155,102.8125,76.0,98.0
0783.773,148.5,23.0,99.9375,76.0,98.0
0783.799,142.04615384615386,22.6,99.0,76.0,98.0
0783.831,149.26666666666665,21.066666666666663,99.0,76.0,98.0
0783.864,161.71666666666667,34.69166666666666,99.0,76.0,98.0
0783.897,170.4083333333333,56.1375,98.1764705882353,76.0,98.0
0783.931,172.63333333333333,76.06666666666666,97.0,76.0,98.0
0783.964,166.02499999999998,89.5,94.9375,76.0,98.0
0783.997,161.3,83.4875,93.875,76.0,98.0
0784.030,153.775,83.32499999999999,93.0,76.0,98.0
0784.062,150.45,87.38333333333333,93.00000000000001,76.0,98.0
0784.093,139.48888888888888,93.075,94.0,76.0,98.0
0784.134,134.225,99.775,94.0,76.03273809523809,98.0
0784.165,138.78333333333333,98.725,94.0,76.125,98.0
0784.197,162.2,98.83076923076923,94.0,76.22023809523809,98.0
0784.229,201.72307692307692,116.94999999999999,94.0,76.31547619047619,98.0
0784.261,235.05,138.29166666666666,94.625,76.41071428571428,98.0
0784.294,251.11666666666665,156.97500000000002,102.0625,76.50892857142858,98.0
0784.328,246.60000000000002,165.9,108.4375,76.61011904761905,98.0
0784.361,243.2076923076923,162.575,112.875,76.70833333333334,98.0
0784.395,247.25,158.15,111.0,76.80952380952381,98.0
0784.429,253.725,153.8125,106.875,76.91071428571428,98.0
0784.461,260.70000000000005,154.13333333333333,103.875,77.0,98.0
0784.507,256.525,162.425,101.0,77.0,98.0
0784.533,259.68333333333334,167.95833333333334,99.0,77.0,98.0
0784.565,264.06666666666666,169.88333333333335,98.0,77.0,98.0
0784.599,265.625,166.25833333333333,98.0,77.0,98.0
0784.632,265.65000000000003,162.13846153846154,98.0,77.0,98.0
0784.665,257.4916666666667,158.64166666666665,97.0,77.0,98.0
0784.698,247.0,155.56923076923076,95.0,77.0,98.0
0784.731,233.48461538461538,150.8,94.0,77.0,98.0
0784.763,223.375,145.375,93.0,77.0,98.0
0784.796,214.21666666666667,140.35833333333335,92.0,77.0,98.0
0784.829,208.59166666666667,133.83846153846153,93.0,77.0,98.00000000000001
0784.861,206.76153846153846,130.05,93.0,77.0,98.0
0784.893,213.36666666666667,126.10000000000001,93.125,77.0,98.0
0784.935,236.25,120.0625,94.75,77.0,98.0
0784.968,259.85,114.65,95.0,77.0,98.0
0785.000,279.2,109.52499999999999,95.0,77.0,98.0
0785.032,281.47777777777776,105.27777777777779,97.625,77.0,98.0
0785.065,286.6,102.44999999999999,102.625,77.0,98.0
0785.097,288.70000000000005,98.52499999999999,110.75,77.0,98.0
0785.129,304.6,95.7,112.0,77.0,98.0
0785.161,319.2230769230769,94.4,109.1764705882353,77.00000000000001,98.0
0785.195,324.9769230769231,134.1538461538462,106.0,77.0,98.0
0785.228,314.8333333333333,185.90833333333333,102.9375,77.0,97.99999999999999
0785.261,309.6461538461538,235.13333333333333,101.875,77.0,98.0
0785.300,293.8,249.43333333333334,100.4375,77.0,98.0
0785.334,283.2,234.925,101.0,77.0,98.0
0785.366,276.7,226.1777777777778,101.0,77.0,98.0
0785.400,271.03846153846155,220.16666666666669,100.0,77.0,98.0
0785.432,264.275,212.175,98.1875,77.0,98.0
0785.464,250.45,204.18888888888893,97.23529411764706,77.0,98.0
0785.497,235.25833333333333,197.55,96.0,77.00000000000001,98.0
0785.530,220.7923076923077,192.2846153846154,96.0,77.0,98.0
0785.563,215.7153846153846,188.3,95.9375,77.0,98.0
0785.598,218.77499999999998,180.35,96.0,77.0,98.0
0785.632,228.4125,176.52499999999998,96.0,77.0,98.0
0785.664,238.58333333333334,174.29166666666669,96.0,77.0,98.0
0785.696,257.65,171.95,95.6875,77.0,98.0
0785.729,274.2,183.2076923076923,95.0,77.0,98.0
0785.763,295.8769230769231,240.44615384615386,95.0,77.0,98.0
0785.796,310.9230769230769,287.4375,98.06666666666666,77.02388059701492,98.0
0785.831,322.8666666666667,340.65,104.25,77.12835820895523,98.0
0785.863,325.275,332.3166666666666,110.25,77.22388059701493,98.0
0785.897,317.63846153846157,320.0,113.0,77.32537313432837,98.0
0785.930,305.9846153846154,306.5916666666667,111.0625,77.42388059701491,98.0
0785.963,290.2083333333333,294.89166666666665,107.0,77.5223880597015,98.0
0785.997,278.1,285.03846153846155,104.875,77.62388059701493,98.0
0786.031,267.04615384615386,276.32,102.0,77.72537313432835,98.0
0786.066,255.93333333333334,267.6,101.0,77.82985074626866,98.0
0786.100,249.99999999999997,255.96666666666664,100.0,77.93134328358208,98.0
0786.132,239.73333333333335,243.1,100.4375,78.00000000000001,98.0
0786.165,233.53076923076927,223.95384615384614,100.0,78.0,98.0
0786.198,210.10769230769233,204.23333333333332,98.3125,78.0,98.0
0786.229,170.79166666666666,177.7875,97.3125,78.0,98.0
0786.262,84.72500000000001,137.0,96.26666666666667,78.0,98.0
0786.295,-38.56153846153847,84.83333333333334,95.0,78.0,98.0
0786.328,-172.2,10.466666666666667,95.0,78.0,98.0
0786.361,-291.4,-70.7,94.9375,78.0,98.0
0786.401,-419.6,-157.625,95.0,78.0,98.0
0786.434,-528.275,-212.97500000000002,95.0,78.0,98.0
0786.472,-652.1,-274.86153846153843,95.0,78.0,98.0
0786.499,-733.4916666666667,-316.02500000000003,94.0,78.0,98.0
0786.532,-800.4416666666666,-356.875,94.0,78.0,98.0
0786.564,-847.0250000000001,-377.56666666666666,94.625,78.0,98.0
0786.596,-887.0384615384615,-386.5846153846154,100.25,78.0,98.0
0786.628,-921.9454545454546,-388.2,106.875,78.0,98.0
0786.660,-952.7666666666667,-385.7,111.25,78.0,98.0
0786.706,-978.4749999999999,-377.4,110.5,78.0,98.0
0786.733,-979.825,-369.9666666666667,108.8125,78.0,98.0
0786.765,-971.8111111111111,-362.3333333333333,105.8125,78.0,98.0
0786.797,-950.5,-355.58333333333337,103.6470588235294,78.0,98.0
0786.828,-928.4000000000001,-344.5,100.875,78.0,98.0
0786.861,-893.1249999999999,-330.3076923076923,100.0,78.0,98.0
0786.906,-831.6125,-307.223076923077,100.0,78.0,98.0
0786.939,-792.053846153846,-294.6,100.0,78.0,98.0
0786.965,-768.275,-286.51666666666665,99.0,78.0,98.0
0786.997,-739.3,-277.5,96.375,78.0,98.0
0787.028,-710.4230769230769,-270.1923076923077,95.4375,78.0,98.0
0787.072,-666.8153846153846,-259.26153846153846,94.0,78.0,98.0
0787.097,-645.6923076923077,-253.2,94.0,78.0,98.0
0787.129,-622.025,-243.76250000000002,94.0,78.0,98.0
0787.161,-596.5777777777778,-234.37777777777777,94.0,78.0,98.0
0787.195,-565.9538461538461,-225.72500000000002,94.0,78.0,98.0
0787.227,-521.55,-218.79999999999998,94.0,78.0,98.0
0787.273,-462.2,-203.45,94.0,78.0,98.0
0787.306,-421.5,-193.0,94.0,78.0,98.0
0787.330,-406.7461538461538,-185.97500000000002,96.875,78.0,98.0
0787.363,-386.1166666666667,-180.3,102.5,78.0,98.0
0787.395,-371.2153846153846,-176.93076923076922,110.0,78.0,98.0
0787.427,-366.0,-172.79999999999998,111.0,78.0,98.0
0787.461,-362.81666666666666,-168.0,108.625,78.0,98.0
0787.494,-359.78333333333336,-163.2,105.25,78.0,98.0
0787.526,-350.475,-159.89999999999998,102.25,78.0,98.0
0787.572,-347.0666666666666,-155.95,100.0,78.0,98.0
0787.599,-353.6538461538462,-155.43076923076924,99.0,78.0,98.0
0787.632,-374.6083333333333,-156.13333333333333,100.0,78.0,98.0
0787.664,-396.0666666666667,-157.4,100.0,78.0,98.0
0787.696,-417.07500000000005,-155.7222222222222,98.625,78.0,98.0
0787.728,-436.83846153846156,-151.99166666666667,96.625,78.0,98.0
0787.761,-452.075,-149.45,95.5625,78.0,98.0
0787.801,-462.25,-144.7,94.0,78.00000000000001,98.0
0787.832,-459.73333333333335,-141.4,94.0,78.0,98.00000000000001
0787.864,-451.23333333333335,-135.2,94.0,78.0,98.0
0787.897,-439.4375,-129.5,94.0,78.0,98.0
0787.929,-422.6875,-124.5,94.0,78.0,98.0
0787.962,-394.40000000000003,-119.03076923076924,94.0,78.0,98.0
0787.996,-352.6333333333333,-112.46923076923078,93.875,78.0,98.0
0788.032,-300.53076923076924,-107.5,93.0,78.0,98.0
0788.067,-254.16666666666666,-101.6,93.5625,78.0,98.0
0788.098,-224.13333333333333,-98.4,96.0,78.0,98.0
0788.130,-196.08333333333334,-94.62307692307692,105.0,78.0,98.00000000000001
0788.161,-172.7153846153846,-89.75,109.875,77.99999999999999,98.0
0788.201,-149.3,-84.8625,110.0625,78.0,97.99999999999999
0788.233,-134.3,-81.85,108.0625,78.0,98.0
0788.264,-124.94999999999999,-79.625,105.25,78.0,98.0
0788.295,-118.4,-76.27692307692308,103.1875,78.0,98.0
0788.327,-120.25,-70.5,101.1875,78.0,98.0
0788.373,-125.75,-59.65833333333333,100.0,78.0,98.0
0788.406,-131.1625,-51.86666666666666,100.0,78.0,98.0
0788.438,-127.7,-47.0,99.25,78.0,98.0
0788.464,-121.275,-44.15,99.0,78.0,98.0
0788.496,-111.15384615384616,-40.33846153846154,98.0,78.0,98.0
0788.529,-99.275,-37.59230769230769,96.5625,78.0,98.0
0788.561,-92.07692307692308,-34.8,95.28125,78.0,98.0
0788.594,-85.23846153846154,-32.9625,95.0,78.0,98.0
0788.626,-78.69999999999999,-32.9,94.5,78.0,98.0
0788.667,-75.96666666666667,-33.4,94.0625,78.0,98.0
0788.700,-81.13333333333334,-32.766666666666666,95.0,78.0,98.0
0788.731,-84.86666666666667,-29.2,95.0,78.0,98.0
0788.761,-78.26153846153846,-26.73846153846154,95.0,78.0,98.0
0788.794,-54.8,-23.133333333333333,95.0,78.0,98.0
0788.839,11.2,-19.9,95.0,78.0,98.0
0788.872,91.1,-12.033333333333335,97.75,78.0,98.0
0788.898,146.725,-4.507692307692308,102.5,78.0,98.0
0788.931,197.53333333333336,4.116666666666666,112.125,78.0,98.0
0788.962,213.8,26.9,114.0,78.0,98.0
0788.994,198.44166666666666,41.975,111.0,78.0,98.0
0789.026,193.41666666666669,56.474999999999994,108.5,78.0,98.0
0789.059,194.66923076923075,59.169230769230765,107.0,78.0,98.0
0789.106,205.7,53.15555555555555,103.5,78.0,98.0
0789.131,209.36666666666665,50.949999999999996,101.9375,78.0,98.0
0789.162,205.42499999999998,52.766666666666666,100.0,78.0,98.0
0789.196,202.40000000000003,53.733333333333334,99.875,78.0,98.0
0789.228,202.53846153846152,53.253846153846155,98.875,78.0,98.0
0789.261,199.96153846153845,50.93333333333333,97.8125,78.0,98.0
0789.294,195.76666666666665,48.800000000000004,96.75,78.0,98.0
0789.326,187.025,50.28333333333333,94.75,78.0,98.0
0789.372,169.4,49.7,94.0,78.0,98.0
0789.398,166.56923076923076,50.158333333333324,93.0,78.0,98.0
0789.430,159.8625,48.97692307692308,93.0,78.0,98.0
0789.462,161.0,49.7,94.0,78.0,98.0
0789.494,157.1,53.587500000000006,94.0,78.0,98.0
0789.534,155.26666666666668,55.3,94.0,78.0,98.0
0789.566,159.77692307692308,57.29230769230769,93.0,78.0,98.0
0789.598,175.05384615384617,59.791666666666664,93.0,78.0,98.0
0789.630,200.73333333333335,64.5,94.25,78.0,98.0
0789.661,221.8,69.75384615384615,97.5625,78.0,98.0
0789.705,238.72499999999997,107.71538461538461,105.8125,78.0,98.0
0789.732,244.2,126.50769230769231,111.625,78.0,98.0
0789.762,240.85,143.14166666666668,112.0,78.0,98.0
0789.794,235.14999999999998,139.0,108.5,78.0,98.0
0789.838,222.025,127.88461538461539,105.75,77.99999999999999,97.99999999999999
0789.872,218.13846153846157,122.6,103.625,78.0,98.0
0789.899,215.22500000000002,119.38333333333333,101.9375,78.0,98.0
0789.930,218.20000000000002,115.96666666666665,100.0,78.0,98.0
0789.962,210.3,113.66666666666669,99.0,78.0,98.0
0789.994,207.5,107.8,99.0,78.0,98.0
0790.028,202.29166666666663,104.9,97.875,78.0,98.0
0790.061,194.3,102.675,96.8125,78.0,98.0
0790.093,191.875,102.46666666666665,95.75,78.0,98.0
0790.134,187.10769230769233,102.925,94.0,78.0,98.00000000000001
0790.172,181.10000000000002,101.325,93.1875,77.99999999999999,98.0
0790.197,178.38333333333333,99.15,94.0,78.0,98.0
0790.228,179.7,95.56923076923078,94.0,78.0,98.0
0790.260,179.0,93.30000000000001,94.6875,78.0,98.0
0790.307,182.3615384615385,91.1,95.0,78.0,98.0
0790.324,185.12500000000003,91.01666666666667,95.0,78.0,98.0
0790.365,206.5,93.49230769230769,94.0,78.0,98.0
0790.397,235.38888888888889,132.275,94.0,78.0,98.0
0790.430,257.20000000000005,168.1,94.3125,78.0,98.0
0790.464,267.7,198.1,98.3125,78.0,98.0
0790.497,240.0333333333333,189.7125,104.5,78.0,98.0
0790.530,205.7,160.0,111.5625,78.0,98.0
0790.563,150.7,127.15384615384616,112.0,78.0,98.0
0790.595,89.025,81.55833333333332,108.375,78.0,98.0
0790.628,16.0,26.083333333333336,106.3125,78.0,98.0
0790.659,-68.43749999999999,-29.207692307692312,104.375,78.0,98.0
0790.699,-199.43333333333334,-89.6,100.88235294117646,78.0,98.0
0790.729,-314.95384615384614,-125.39999999999999,100.0,78.0,98.0
0790.760,-414.0,-150.96666666666667,99.9375,78.0,98.0
0790.802,-516.95,-172.91666666666666,99.4375,77.99999999999999,98.0
0790.835,-579.3833333333333,-183.71666666666667,98.375,78.0,98.0
0790.872,-641.925,-188.425,97.0625,78.0,98.0
0790.897,-679.9666666666667,-189.76153846153844,96.5,78.0,98.0
0790.929,-704.7,-190.32500000000002,95.0,78.0,98.0
0790.962,-709.975,-189.0,94.4375,78.0,98.0
0790.995,-696.3333333333333,-183.6307692307692,94.0,78.0,98.0
0791.027,-668.5583333333333,-174.75,94.0,78.0,98.0
0791.061,-630.05,-163.13333333333333,94.0,78.0,98.0
0791.092,-594.9000000000001,-154.76666666666665,94.0,78.0,98.0
0791.134,-551.1875000000001,-146.54166666666666,95.0,77.98511904761905,98.0
0791.165,-511.4923076923077,-141.61538461538464,94.0,77.89285714285715,98.0
0791.197,-464.60833333333335,-136.775,94.0,77.79761904761905,98.0
0791.231,-413.7,-131.16666666666669,94.0,77.69642857142857,98.0
0791.265,-374.4875,-126.49166666666666,95.5,77.5952380952381,98.0
0791.297,-353.1,-121.88461538461539,100.0,77.5,98.0
0791.329,-337.2,-118.1,108.0,77.40476190476191,98.0
0791.360,-330.35,-114.63333333333334,110.0,77.3125,98.0
0791.401,-311.95000000000005,-106.70000000000002,106.0,77.19047619047619,98.0
0791.439,-300.1166666666667,-101.67692307692306,103.625,77.07738095238095,98.0
0791.472,-290.9666666666667,-98.025,100.5625,77.0,98.0
0791.506,-295.0,-95.8,99.4375,76.99999999999999,98.0
0791.539,-294.1,-92.2,99.0,77.0,98.0
0791.572,-285.9,-90.4,99.0,77.0,98.0
0791.607,-271.375,-86.875,99.125,77.0,98.0
0791.639,-252.03333333333336,-82.19999999999999,98.125,77.0,98.0
0791.671,-239.86923076923077,-79.18333333333334,97.125,77.0,98.0
0791.697,-230.85000000000002,-76.325,96.0,77.0,98.0
0791.728,-221.24166666666665,-73.775,95.0,77.0,98.0
0791.760,-214.8,-71.7,95.0,77.0,98.0
0791.799,-202.14999999999998,-68.60000000000001,95.0,77.0,98.0
0791.830,-187.17692307692306,-67.375,95.0,77.0,98.0
0791.862,-177.3,-64.76666666666667,95.0,77.0,98.0
0791.895,-172.9,-62.55,95.0,77.0,98.0
0791.927,-171.77500000000003,-58.1375,95.0,77.0,98.0
0791.960,-166.23076923076923,-56.13846153846154,95.0,77.0,98.0
0792.002,-141.2,-52.3,95.0,77.0,98.0
0792.040,-91.19999999999999,-44.375,95.0,77.0,98.0
0792.057,-74.08333333333334,-39.449999999999996,96.0,77.0,98.0
0792.099,-33.225,-29.99230769230769,102.4,77.0,98.0
0792.133,-16.8,-24.6,112.25,77.0,98.0
0792.166,-2.0307692307692307,-22.23846153846154,114.0,77.0,98.0
0792.199,10.115384615384617,-19.56666666666667,111.125,77.0,98.0
0792.233,10.716666666666667,-19.483333333333334,109.0,77.0,98.0
0792.266,16.683333333333334,-17.416666666666668,105.9375,77.0,98.0
0792.299,26.723076923076924,-17.838461538461537,103.875,77.0,98.0
0792.333,34.9,-14.938461538461539,101.75,77.0,98.0
0792.366,35.6,-15.133333333333336,101.0,77.0,98.0
0792.399,32.8,-14.5,100.0,77.0,98.0
0792.431,32.7,-16.2,99.0,77.0,98.0
0792.464,27.7,-14.7,98.0,77.0,98.0
0792.497,32.7,-11.6,97.0,77.0,98.0
0792.530,31.5,-7.9,96.0,77.0,98.0
0792.562,27.9,-9.3,95.0,77.0,98.0
0792.593,25.133333333333333,-7.716666666666666,95.0,77.0,98.0
0792.639,45.025,-3.5166666666666666,95.0,77.0,98.0
0792.665,65.1,18.4,95.0,77.0,98.0
0792.696,84.40833333333333,41.815384615384616,94.0625,77.0,98.0
0792.728,93.91666666666667,62.08333333333334,94.0,77.0,98.0
0792.759,97.49999999999999,67.1,93.125,77.0,98.0
0792.798,116.5,59.849999999999994,93.0,76.98511904761905,98.0
0792.831,140.15,55.5,93.375,76.88690476190476,97.99999999999999
0792.865,166.97692307692307,52.35,96.0,76.78571428571429,98.00000000000001
0792.898,186.43333333333334,50.1,101.6875,76.6875,98.0
0792.930,200.67499999999998,46.925,110.125,76.5922619047619,98.0
0792.962,210.36666666666667,46.150000000000006,112.0,76.49702380952381,98.0
0792.994,209.86153846153846,44.2,108.4375,76.40178571428572,98.0
0793.034,211.85,41.325,105.9375,76.2827380952381,98.0
0793.065,214.45,37.85,104.0,76.19047619047619,98.0
0793.098,220.825,37.61666666666667,101.0,76.0922619047619,98.0
0793.129,239.55384615384617,38.88461538461539,100.0,76.0,98.0
0793.162,255.2,40.599999999999994,99.0625,76.0,98.0
0793.195,271.75,41.0,100.0,76.0,98.0
0793.227,275.1166666666666,42.2,99.0,76.0,98.0
0793.271,262.8,41.43333333333334,98.0,76.0,98.0
0793.297,253.875,40.0,96.47058823529412,76.0,98.0
0793.328,239.68461538461537,38.15384615384615,95.0,76.0,98.0
0793.361,220.40000000000003,34.63333333333333,94.0,76.0,98.0
0793.394,191.93333333333334,29.96666666666667,94.0,76.0,98.0
0793.439,147.55,21.799999999999997,94.0,76.0,98.0
0793.472,123.4125,18.223076923076924,94.0,76.0,97.99999999999999
0793.505,104.19999999999999,17.116666666666667,94.0,76.0,98.0
0793.539,103.1,16.2,94.0,76.0,98.0
0793.572,116.0,15.85,94.0,76.0,98.0
0793.597,140.3375,14.0875,94.0,76.0,98.0
0793.631,167.9,18.8,94.4375,76.0,98.0
0793.665,173.8833333333333,22.016666666666666,100.6875,76.0,98.0
0793.699,163.23333333333335,30.516666666666666,107.375,76.0,98.0
0793.732,154.2846153846154,38.43846153846154,111.0,76.0,98.0
0793.766,147.56666666666666,45.1,109.125,76.0,98.0
0793.798,146.975,49.99166666666667,106.25,76.0,98.0
0793.831,145.75,50.05833333333333,103.0625,76.0,98.0
0793.863,148.6076923076923,47.684615384615384,102.0625,76.0,98.0
0793.894,153.17499999999998,48.475,100.125,76.0,98.0
0793.926,158.16666666666666,47.900000000000006,100.0,76.0,98.0
0793.966,165.125,49.15,100.625,76.0,98.0
0793.997,167.44166666666666,49.09166666666667,100.0,76.0,98.0
0794.030,167.93076923076922,49.36923076923077,99.0,76.0,98.0
0794.063,160.28333333333336,49.10000000000001,98.0,76.0,98.0
0794.096,149.83333333333334,46.06666666666667,97.0,76.0,98.0
0794.128,131.525,42.98461538461538,97.0,76.0,97.99999999999999
0794.160,98.08461538461539,35.15,97.0,76.0,98.0
0794.200,34.8,22.75,97.0,76.0,97.99999999999999
0794.233,-27.200000000000003,7.949999999999999,97.0,76.0,98.0
0794.271,-114.68333333333334,-12.583333333333332,97.0,76.0,98.0
0794.297,-164.225,-25.6,97.0,76.0,98.0
0794.329,-223.75,-43.300000000000004,97.0,76.0,98.0
0794.360,-267.3,-55.7,97.0,76.0,98.0
0794.402,-312.15,-65.85,97.0,76.0,98.0
0794.434,-354.7,-71.33333333333334,100.25,76.0,98.0
0794.467,-388.3076923076923,-78.03846153846155,108.375,76.0,98.0
0794.498,-414.425,-82.68333333333334,112.625,76.0,98.0
0794.530,-424.84615384615387,-85.21538461538461,111.41176470588235,76.0,98.0
0794.562,-431.8666666666667,-85.0,107.82352941176471,76.0,98.0
0794.595,-420.7307692307692,-80.56666666666668,105.375,76.0,98.0
0794.628,-405.66666666666663,-73.96666666666665,102.3125,76.0,98.0
0794.660,-385.9666666666667,-67.3,100.3125,76.0,98.0
0794.693,-372.73333333333335,-61.8,99.0,76.0,98.0
0794.734,-355.1,-55.5,99.3125,76.0,98.0
0794.765,-346.01666666666665,-54.2,100.0,76.0,98.0
0794.798,-333.63750000000005,-49.66666666666667,99.0,76.0,98.0
0794.832,-316.9,-46.2,98.0,76.0,98.0
0794.865,-298.23333333333335,-39.766666666666666,97.0,76.0,98.0
0794.899,-263.81538461538463,-34.11538461538462,96.1875,76.0,98.0
0794.931,-233.2153846153846,-26.392307692307693,95.0,76.0,98.0
0794.963,-213.33333333333331,-20.200000000000003,94.375,76.0,98.0
0794.994,-198.95,-14.55,94.0,76.0,98.0
0795.026,-189.38461538461536,-10.315384615384616,94.0,76.0,98.0
0795.067,-155.13333333333333,-8.123076923076923,95.0,76.0,98.0
0795.099,-101.41111111111113,-5.476923076923077,95.0,76.0,98.0
0795.132,-33.575,-2.9499999999999997,95.0,76.0,98.00000000000001
0795.164,24.525,0.024999999999999856,98.5,76.0,98.0
0795.198,60.516666666666666,3.730769230769231,104.125,76.0,98.0
0795.232,70.5923076923077,3.9,110.0,76.0,98.0
0795.265,57.06666666666666,5.2,113.0,76.0,98.0
0795.296,48.1,5.983333333333333,111.0,76.0,98.0
0795.328,34.88333333333333,7.053846153846154,107.5,76.0,98.0
0795.360,39.276923076923076,8.884615384615385,105.5,76.0,98.0
0795.405,51.2,10.892307692307693,102.0,76.0,98.0
0795.432,56.7375,11.375,101.0,76.0,98.0
0795.463,54.65,11.908333333333333,101.0,76.0,98.0
0795.494,44.330769230769235,12.288888888888888,101.0,76.0,98.0
0795.539,38.284615384615385,12.953846153846154,100.3125,76.0,98.0
0795.571,34.333333333333336,14.369230769230768,98.3125,76.0,98.0
0795.598,31.21666666666667,14.625,96.625,76.0,98.0
0795.631,30.358333333333327,16.4625,95.5625,76.0,98.0
0795.663,29.61538461538462,16.3,95.0,76.0,98.0
0795.694,25.89230769230769,17.908333333333335,94.625,76.0,98.0
0795.738,23.2,17.966666666666665,95.0,76.0,98.0
0795.765,21.833333333333336,18.1,95.0,76.0,98.0
0795.795,23.866666666666667,17.716666666666665,95.0,76.0,98.0
0795.826,31.30769230769231,15.7,94.0,76.0,98.0
0795.866,53.05833333333334,15.091666666666667,94.0,76.0,98.0
0795.897,78.6,17.016666666666666,94.0,76.0,98.0
0795.930,107.025,20.808333333333334,95.13333333333334,76.0,98.0
0795.963,129.26666666666665,24.284615384615385,101.5625,76.0,98.0
0795.996,147.03333333333336,28.107692307692307,107.58823529411764,76.0,98.0
0796.029,151.6,27.933333333333334,111.0,76.0,98.0
0796.062,148.0846153846154,27.72222222222222,109.625,76.0,98.0
0796.095,142.55,26.950000000000003,106.5625,76.0,98.0
0796.129,141.425,24.725,103.4375,76.0,98.0
0796.162,152.36923076923077,24.35,102.375,76.0,98.0
0796.195,163.0,27.238461538461536,100.3125,76.0,98.0
0796.227,164.58333333333331,27.700000000000003,99.0,76.0,98.0
0796.261,147.36666666666667,31.400000000000006,99.0,76.0,98.0
0796.295,137.89230769230767,30.9,98.0625,76.0,98.0
0796.329,142.2875,31.03076923076923,97.9375,76.0,98.0
0796.362,157.17499999999998,37.675,96.0,76.0,98.0
0796.394,166.08333333333334,44.974999999999994,95.0,76.0,98.0
0796.426,165.66923076923075,57.1875,95.0,76.0,98.0
0796.466,155.73846153846154,69.2,95.0,76.0,98.0
0796.499,151.10769230769233,99.15384615384616,95.0,76.0,98.0
0796.532,143.7875,119.775,95.0,76.0,98.0
0796.563,134.30833333333334,137.33333333333334,95.0,76.0,98.0
0796.594,123.20769230769231,139.48461538461538,95.0,76.0,98.0
0796.628,125.05,130.55,95.0,76.0,98.0
0796.671,161.0846153846154,122.67692307692309,95.0,76.0,98.0
0796.695,180.8,120.93333333333334,95.0,76.0,98.0
0796.725,196.96153846153845,118.15384615384616,97.625,76.0,98.0
0796.764,208.9230769230769,114.95384615384616,106.75,76.0,98.0
0796.796,205.125,111.525,111.25,76.0059612518629,98.0
0796.829,203.675,108.89999999999999,111.6470588235294,76.05514157973175,98.00000000000001
0796.864,205.91666666666669,104.0,107.4375,76.10730253353205,98.00000000000001
0796.897,200.67499999999998,98.41666666666666,104.375,76.1564828614009,98.0
0796.929,178.975,87.55384615384615,102.375,76.20417287630403,98.0
0796.961,152.4,79.7,100.375,76.25186289120715,98.0
0796.994,118.1,73.2,98.3125,76.301043219076,98.0
0797.038,82.525,65.125,98.0,76.36661698956782,98.0
0797.065,67.71666666666667,60.644444444444446,99.0,76.40685543964231,98.0
0797.097,67.1625,55.025,98.0,76.45454545454545,98.0
0797.129,77.1,52.7,97.875,76.50223546944858,98.0
0797.161,87.9,52.43076923076923,96.875,76.54992548435172,98.0
0797.193,93.05,57.925000000000004,96.0,76.59761549925484,98.0
0797.234,90.43846153846154,63.2,96.0,76.65871833084947,98.0
0797.266,91.35,65.83846153846154,96.0,76.7064083457526,98.0
0797.298,109.74999999999999,66.76666666666665,96.0,76.75409836065575,98.0
0797.331,128.92499999999998,66.1,96.0,76.80327868852459,98.0
0797.362,149.96153846153845,67.02499999999999,96.0,76.849478390462,98.0
0797.395,168.03846153846152,67.17692307692307,96.0,76.89865871833085,98.0
0797.426,188.50000000000003,68.56666666666666,95.33333333333334,76.94485842026825,98.0
0797.467,215.61666666666667,121.75000000000001,95.0,77.00000000000001,98.00000000000001
0797.499,230.4083333333333,168.575,97.25,77.0,98.0
0797.531,236.9,213.0,100.75,77.0,98.0
0797.563,243.2,224.42222222222222,109.5,77.0,98.0
0797.595,252.5333333333333,211.77500000000003,111.0,77.0,98.0
0797.627,255.75,203.95,110.75,77.0,98.0
0797.665,252.65384615384616,192.43333333333334,107.375,77.0,98.0
0797.698,240.16923076923075,185.9,105.3125,77.0,98.0
0797.729,236.33333333333334,178.3,103.375,77.0,98.0
0797.761,227.25,173.1583333333333,101.375,77.0,98.0
0797.794,217.8,169.125,101.0,77.0,98.0
0797.827,214.1,164.72307692307692,101.0,77.0,98.0
0797.859,212.72499999999997,161.0125,100.0,77.0,98.0
0797.900,207.0,153.5333333333333,98.0,77.0,98.0
0797.931,195.2,148.43749999999997,97.0,77.0,98.0
0797.963,182.75,145.03076923076924,96.0,77.0,98.0
0797.997,173.6846153846154,143.02307692307693,96.0,77.0,98.0
0798.030,171.93333333333334,140.06666666666666,96.0,77.0,98.0
0798.064,170.63750000000002,139.425,95.4375,77.0,98.0
0798.097,170.78750000000002,140.375,95.0,77.0,98.0
0798.130,167.34444444444446,159.83076923076925,95.0,77.0,98.0
0798.162,165.95,187.3,95.0,77.0,98.0
0798.193,170.89166666666668,208.04166666666669,95.0,77.0,98.0
0798.238,182.05833333333334,208.55833333333334,95.0,77.0,98.0
0798.272,200.3,194.9,95.5625,77.0,98.0
0798.299,207.66923076923075,187.4923076923077,98.5,77.0,98.0
0798.330,208.61666666666667,178.31538461538463,103.5625,77.0,98.0
0798.362,186.96666666666667,166.4,111.1875,77.0,98.0
0798.396,129.09166666666667,143.0,112.0,77.0,98.0
0798.429,49.276923076923076,105.47692307692307,110.25,77.0,98.0
0798.461,-45.99166666666666,55.5,106.625,77.0,98.0
0798.493,-136.53333333333336,-2.5,105.0,77.0,98.0
0798.534,-245.9,-76.53333333333333,102.0625,77.0,97.99999999999999
0798.566,-332.99999999999994,-129.825,101.0,77.0,98.0
0798.599,-429.6,-173.03076923076924,100.0,77.0,98.00000000000001
0798.633,-538.1916666666666,-216.34999999999997,101.0,77.0,98.0
0798.664,-624.5749999999999,-247.5,100.0,77.0,98.0
0798.697,-690.4076923076923,-274.775,98.875,77.0,98.0
0798.730,-738.1666666666667,-285.5230769230769,97.0,77.0,98.0
0798.764,-759.875,-286.9583333333333,95.6875,77.0,98.0
0798.798,-763.5833333333334,-282.775,95.0,77.0,98.0
0798.829,-751.5666666666666,-275.5,95.0,77.0,98.0
0798.861,-729.8615384615384,-263.9307692307693,96.0,77.0,98.0
0798.906,-695.3846153846154,-243.75,96.0,77.0,98.0
0798.939,-670.8666666666667,-230.7,96.0,77.0,98.0
0798.971,-637.2583333333333,-219.72500000000002,95.75,77.0,98.0
0798.995,-605.5307692307691,-212.16666666666666,95.0,77.0,98.0
0799.027,-561.0666666666666,-202.2153846153846,95.0,77.0,98.0
0799.060,-515.2666666666667,-190.68333333333334,95.8125,77.0,98.0
0799.092,-481.075,-176.69166666666666,99.625,77.0,98.0
0799.133,-437.47499999999997,-158.95000000000002,106.125,77.0,98.0
0799.165,-391.00000000000006,-145.23846153846154,111.375,77.0,98.0
0799.198,-355.175,-134.5,110.5625,77.00000000000001,98.00000000000001
0799.230,-327.93333333333334,-127.6,108.5625,77.0,98.0
0799.261,-312.96923076923076,-123.30000000000001,105.625,77.0,98.00000000000001
0799.294,-287.0416666666667,-117.55000000000001,103.5625,77.0,98.0
0799.327,-253.88333333333333,-112.24999999999999,101.0,77.0,98.0
0799.372,-222.80833333333334,-105.7,100.0,77.0,98.0
0799.406,-210.4,-100.85,100.0,77.0,98.0
0799.439,-203.9,-96.05000000000001,99.5,77.0,98.0
0799.472,-195.7,-90.6,98.4375,77.0,98.0
0799.497,-188.51538461538462,-85.78461538461539,97.0,77.0,98.0
0799.530,-183.76666666666665,-77.925,96.0,77.0,98.0
0799.563,-177.95,-72.60000000000001,95.0,77.0,98.0
0799.596,-167.79166666666666,-67.52499999999999,95.0,77.0,98.0
0799.629,-148.89999999999998,-63.56923076923077,95.375,77.0,98.0
0799.662,-129.5,-57.33333333333333,96.0,77.0,98.0
0799.694,-120.68333333333331,-50.0,95.0,77.0,98.0
0799.726,-119.4,-43.0,95.0,77.0,98.0
0799.771,-112.8,-36.93333333333334,95.0,77.0,98.0
0799.798,-94.7125,-34.18461538461538,95.0,77.0,98.0
0799.829,-62.75,-32.56666666666667,95.0,77.0,98.0
0799.861,-25.25,-29.6,95.875,77.0,98.0
0799.893,1.676923076923077,-26.075000000000003,102.625,77.0,98.0
0799.925,14.825,-22.784615384615385,108.625,77.0,98.0
0799.967,20.6,-17.66923076923077,112.5,77.0,98.0
0799.999,14.475,-9.575,110.47058823529412,77.0,98.0
0800.030,9.584615384615384,-2.283333333333333,107.5,77.0,98.0
0800.063,-1.123076923076923,4.791666666666667,105.47058823529412,77.0,98.0
0800.094,-4.333333333333333,15.8,103.5,77.0,98.0
0800.127,-5.6,33.9,101.4375,77.0,98.0
0800.172,6.6,56.1,100.0,77.0,98.0
0800.206,10.65,61.77499999999999,100.5,77.0,98.0
0800.224,17.9625,59.93333333333334,100.0,77.0,98.0
0800.266,19.933333333333337,56.6,99.0,77.0,98.0
0800.297,21.916666666666668,53.62499999999999,97.0,77.0,98.0
0800.330,17.96666666666667,52.175,96.0,77.0,98.0
0800.364,7.0,49.975,94.625,77.0,98.0
0800.397,-0.3,50.43846153846154,94.0,77.0,98.0
0800.430,-3.4,49.93333333333334,94.0,77.0,98.0
0800.463,-3.1,53.03333333333334,94.0,77.0,98.0
0800.497,0.7,70.29999999999998,94.0,77.0,98.0
0800.530,0.5076923076923078,89.79230769230769,94.0,77.0,98.0
0800.562,15.241666666666667,103.51666666666665,93.25,77.0,98.0
0800.593,40.33076923076923,106.825,93.0,77.0,98.0
0800.639,79.8,100.26666666666668,93.5625,77.0,98.0
0800.672,101.7,97.80000000000001,96.875,77.0,98.0
0800.697,111.29166666666666,93.725,104.5625,77.0,98.0
0800.730,117.13333333333333,88.45,109.5,77.0,98.0
0800.762,119.73333333333335,83.95,109.75,77.0,98.0
0800.796,118.71111111111111,79.6923076923077,107.625,77.0,98.0
0800.828,108.0,76.775,105.625,76.99999999999999,97.99999999999999
0800.861,103.2,76.0,103.5625,77.0,98.0
0800.893,95.63333333333333,75.26666666666668,101.5625,77.0,98.0
0800.938,94.76666666666668,74.9,99.0,77.0,98.0
0800.972,86.15833333333333,71.36666666666666,99.0,77.0,98.0
0800.998,84.56666666666666,67.56153846153846,99.0,77.0,98.0
0801.030,75.69999999999999,64.15,97.0,77.0,98.0
0801.063,69.55000000000001,60.39999999999999,96.0,77.0,98.0
0801.096,62.92307692307692,59.3111111111111,95.0,77.0,98.0
0801.129,56.31666666666667,56.5,94.8125,77.0,98.0
0801.161,50.75,55.3,94.1875,77.0,98.0
0801.195,40.516666666666666,50.975,95.0,77.0,98.0
0801.228,35.50769230769231,45.425,95.0,77.0,98.0
0801.260,34.4625,38.57692307692308,95.0,77.0,98.0
0801.305,35.09166666666667,33.23076923076923,94.0,77.0,98.0
0801.330,36.225,32.541666666666664,94.0,77.0,98.0
0801.362,34.025000000000006,30.833333333333332,94.0,77.0,98.0
0801.394,41.3,29.66153846153846,93.0,77.0,98.0
0801.427,45.85,27.083333333333336,94.0,77.0,98.0
0801.460,50.55,25.799999999999997,97.75,77.0,98.0
0801.493,53.4,26.324999999999996,105.875,76.90773809523809,98.0
0801.539,51.775,27.683333333333337,109.0,76.77083333333334,98.0
0801.571,47.988888888888894,24.58888888888889,107.1875,76.67559523809524,98.0
0801.597,48.7,21.8,105.5625,76.59821428571429,98.0
0801.630,48.0,15.1,104.5,76.5,98.0
0801.661,46.75384615384615,6.866666666666667,101.5625,76.40773809523809,98.0
0801.694,39.28333333333334,-2.669230769230769,100.5,76.30952380952381,98.0
0801.734,14.207692307692309,-20.2,99.0,76.19047619047619,98.0
0801.765,-20.146153846153844,-39.011111111111106,99.0,76.09821428571428,98.0
0801.796,-62.199999999999996,-58.93333333333334,99.0,76.00595238095238,98.0
0801.827,-111.6,-81.05714285714285,97.23529411764706,76.0,98.0
0801.860,-164.1,-104.4,96.1875,76.0,98.0
0801.900,-227.025,-124.08333333333334,95.0,76.0,98.0
0801.934,-292.75,-139.4,94.0,76.0,98.0
0801.966,-352.025,-149.325,95.0,76.0,98.0
0801.998,-397.83333333333337,-156.30769230769232,95.0,76.0,98.0
0802.030,-430.325,-158.75,95.0,76.0,98.0
0802.061,-445.3,-158.1,95.0,76.0,98.0
0802.094,-450.9,-153.76666666666665,95.0,76.0,98.0
0802.134,-432.1230769230769,-144.99999999999997,95.0,76.0,98.0
0802.166,-404.20833333333337,-138.68888888888887,94.0,76.0,98.0
0802.198,-372.0,-135.15,94.0,76.0,98.0
0802.231,-348.85,-128.05,96.125,76.0,98.0
0802.262,-321.96153846153845,-122.53333333333335,101.0,76.0,98.0
0802.294,-289.89230769230767,-116.24615384615385,110.0,76.0,98.0
0802.339,-241.20000000000002,-107.75,113.0,76.0,98.0
0802.373,-215.925,-102.08333333333333,110.0625,76.0,98.0
0802.407,-191.14999999999998,-94.45,106.9375,76.0,98.0
0802.439,-167.38461538461536,-86.98333333333333,103.94117647058823,76.0,98.0
0802.464,-147.67499999999998,-82.15,102.4375,76.0,98.0
0802.496,-126.8125,-77.1125,101.0,76.0,98.0
0802.528,-105.43333333333334,-74.25,100.0,76.0,98.0
0802.561,-73.85,-72.72222222222223,101.0,76.0,98.0
0802.606,-24.625,-69.02307692307693,98.5,76.0,98.0
0802.632,-4.25,-67.18333333333334,96.875,76.0,98.0
0802.663,6.969230769230769,-66.6,95.0,76.0,98.0
0802.694,9.623076923076923,-64.56923076923077,95.0,76.0,98.0
0802.740,0.4000000000000002,-62.46666666666667,96.0,76.0,98.0
0802.773,-10.766666666666666,-59.05384615384615,97.0,76.0,98.0
0802.808,-29.083333333333332,-55.800000000000004,96.875,76.0,98.0
0802.825,-38.96153846153846,-52.53846153846153,96.0,76.00000000000001,98.0
0802.864,-53.684615384615384,-50.4,95.0,76.0,98.0
0802.895,-52.416666666666664,-48.6125,94.0,76.0,98.0
0802.926,-29.875,-47.0625,94.0,76.0,98.0
0802.973,41.125,-37.44166666666667,93.0,76.0,98.0
0803.006,92.45384615384616,-28.725,94.5,76.0,98.0
0803.039,126.2,-20.169230769230765,98.6875,76.0,98.0
0803.074,133.61666666666667,-13.707692307692309,106.25,76.0,98.0
0803.106,125.19999999999999,-12.133333333333331,112.0,76.0,98.0
0803.131,117.86666666666667,-10.608333333333333,111.375,76.0,98.00000000000001
0803.162,104.4,-10.3,105.75,76.0,98.0
0803.195,88.5,-12.7,102.6875,76.0,98.0
0803.234,47.9,-21.5,100.25,76.0,98.0
0803.266,3.024999999999999,-31.55833333333333,99.0,76.0,98.0
0803.299,-66.56923076923077,-43.88461538461539,99.0,76.0,98.0
0803.331,-149.625,-54.46153846153847,101.8125,76.0,98.0
0803.365,-252.35,-65.19999999999999,103.0,76.0,98.0
0803.398,-352.5,-76.2,103.0,76.0,98.0
0803.431,-436.4846153846154,-86.92500000000001,98.9375,76.0,98.0
0803.463,-487.1,-97.97777777777777,97.0,76.0,98.0
0803.496,-524.3249999999999,-106.49999999999999,96.0,76.0,98.0
0803.529,-552.0,-114.49999999999999,96.0,76.0,98.0
0803.560,-579.6999999999999,-118.8,97.0,76.0,98.0
0803.607,-604.9076923076923,-124.07499999999999,96.9375,76.0,98.0
0803.640,-605.8538461538462,-122.89999999999999,95.875,76.0,98.0
0803.665,-586.1875,-120.225,95.0,76.0,98.0
0803.697,-550.75,-112.05,95.0,76.0,98.0
0803.729,-509.4769230769231,-103.76153846153846,96.0,76.0,98.0
0803.762,-460.25,-94.87692307692308,96.75,76.0,98.0
0803.793,-431.26666666666665,-86.43333333333334,97.0,76.0,98.0
0803.831,-408.45,-78.1,101.1875,76.0,98.0
0803.863,-398.8153846153846,-71.1,107.125,76.0,98.0
0803.894,-386.75,-66.96666666666667,112.0,76.0,98.0
0803.926,-370.6,-62.5,110.9375,76.0,98.0
0803.966,-352.33333333333337,-58.650000000000006,107.47058823529412,76.0,98.0
0803.999,-341.0333333333333,-55.05,104.41176470588235,76.0,98.0
0804.032,-337.7,-51.54615384615384,102.3125,76.0,98.0
0804.065,-337.33333333333337,-48.46666666666667,100.0,76.0,98.0
0804.097,-338.2692307692307,-47.725,99.75,76.0,98.0
0804.130,-336.49999999999994,-46.0,100.8125,76.0,98.00000000000001
0804.162,-326.6,-43.93076923076923,101.0,76.0,98.0
0804.194,-318.1,-40.723076923076924,100.0,76.0,98.0
0804.226,-312.76666666666665,-38.85,98.0,76.0,98.0
0804.266,-305.15000000000003,-38.2,96.0,76.0,98.0
0804.296,-299.16923076923075,-37.684615384615384,95.0,76.0,98.0
0804.328,-284.6,-36.55384615384615,95.0,76.0,98.0
0804.368,-259.5,-37.13076923076923,94.0,76.0,98.0
0804.399,-234.63333333333335,-34.7,94.625,76.0,98.0
0804.432,-195.40000000000003,-33.33333333333334,95.0,76.0,98.0
0804.465,-144.75384615384615,-28.9,95.0,76.0,98.0
0804.497,-79.06666666666668,-25.9,95.0,76.0,98.0
0804.530,-6.900000000000002,-20.5,94.1875,76.0,98.0
0804.562,54.9,-15.925,94.0,76.0,98.0
0804.595,91.42307692307692,-13.715384615384615,94.875,76.0,98.0
0804.628,108.0,-11.8,102.75,76.0,98.0
0804.662,111.0625,-10.200000000000001,109.1875,76.0,98.0
0804.695,110.075,-3.8166666666666664,112.875,76.0,98.0
0804.726,114.6,0.9250000000000002,109.875,76.0,98.0
0804.766,105.50769230769231,5.892307692307693,102.875,76.0,98.0
0804.798,98.55000000000001,6.730769230769231,99.4375,76.0,98.0
0804.831,86.55000000000001,6.2,97.375,76.0,98.0
0804.865,83.30833333333334,7.25,95.0,76.0,98.0
0804.897,79.44615384615385,9.525,95.0,76.0,98.0
0804.930,80.20000000000002,11.633333333333333,95.8125,76.0,98.0
0804.962,64.05,13.025,96.0,76.0,98.0
0804.995,48.15,13.3,96.0,76.0,98.0
0805.028,24.946153846153845,13.533333333333333,95.0,76.0,98.0
0805.060,18.15,11.892307692307693,95.0,76.0,98.0
0805.093,15.125000000000002,10.3,96.0,76.0,98.0
0805.133,15.675,7.700000000000001,97.0,76.0,98.00000000000001
0805.164,17.03333333333333,8.491666666666667,97.4375,76.0,98.0
0805.198,27.230769230769234,8.961538461538462,98.0,76.0,98.0
0805.231,39.95833333333333,10.76923076923077,98.0,76.0,98.0
0805.265,59.06666666666666,12.216666666666665,98.0,76.0,98.0
0805.299,84.35384615384615,14.0,97.0,76.0,98.0
0805.333,105.2,15.5,96.0,76.0,98.0
0805.365,121.7,16.633333333333333,98.0,76.0,98.0
0805.397,121.60833333333333,16.475,101.0,76.0,98.0
0805.430,106.55833333333334,13.116666666666665,111.125,76.0,98.0
0805.462,80.53076923076924,9.8,114.0,76.0,98.0
0805.494,54.4,8.76153846153846,112.875,76.0,98.0
0805.533,28.333333333333336,8.3,108.5,76.0,98.0
0805.564,7.733333333333333,7.0166666666666675,106.5625,76.0,98.0
0805.597,-10.216666666666667,4.15,103.5,76.0,98.0
0805.630,-30.599999999999998,-1.4384615384615385,101.4375,76.0,98.0
0805.662,-48.53333333333333,-6.35,100.0,76.0,98.0
0805.694,-65.78333333333333,-8.425,100.5625,76.0,98.0
0805.738,-93.8,-11.466666666666665,99.6875,76.0,98.0
0805.765,-107.32499999999999,-12.466666666666669,99.0,76.0,98.0
0805.797,-128.38888888888889,-16.275000000000002,98.0,76.0,98.0
0805.829,-153.2625,-20.161538461538463,96.0,76.0,98.0
0805.862,-169.8125,-25.275000000000002,95.9375,76.0,98.0
0805.893,-187.77692307692305,-30.583333333333332,95.0,76.0,98.0
0805.933,-211.23076923076923,-34.85,95.0,76.0,98.0
0805.964,-243.14999999999998,-38.0,95.0,76.0,98.0
0805.997,-275.5083333333333,-41.01538461538462,95.0,76.0,98.0
0806.029,-297.1666666666667,-46.3,95.0,76.0,98.0
0806.060,-304.89230769230767,-48.983333333333334,94.52941176470588,76.0,98.0
0806.100,-305.31666666666666,-54.125,94.0,76.0,98.0
0806.130,-300.4666666666667,-54.87692307692307,94.82352941176471,76.0,98.0
0806.163,-299.7875,-56.62500000000001,99.875,76.0,98.0
0806.196,-303.0875,-54.45,106.0,76.0,98.0
0806.228,-308.6,-55.58333333333333,110.9375,76.0,98.0
0806.272,-314.96923076923076,-56.90769230769231,109.3125,76.0,98.0
0806.298,-318.325,-60.93333333333334,105.6875,76.0,98.0
0806.330,-321.475,-62.583333333333336,103.625,76.0,98.0
0806.362,-318.825,-63.15833333333334,101.6470588235294,76.0,98.0
0806.395,-309.2230769230769,-61.87499999999999,99.5625,76.0,98.0
0806.427,-294.6,-57.44615384615385,99.0,76.0,98.0
0806.461,-276.26153846153846,-51.26666666666666,100.0,76.0,97.99999999999999
0806.494,-262.6,-46.39999999999999,100.0,76.0,98.0
0806.526,-253.85833333333335,-41.475,99.0,76.0,98.0
0806.571,-246.29166666666663,-37.2625,97.0,76.0,98.0
0806.605,-243.05,-33.5,96.0,76.0,98.0
0806.631,-236.6,-30.984615384615385,95.0,76.0,98.0
0806.662,-239.48333333333335,-25.715384615384615,95.0,76.0,98.0
0806.694,-243.1,-19.991666666666664,96.0,76.0,98.0
0806.739,-250.8,-13.383333333333333,96.0,76.0,98.0
0806.772,-247.33846153846156,-12.483333333333333,96.0,76.0,98.0
0806.800,-244.82500000000002,-11.9,96.0,76.03273809523809,98.0
0806.833,-230.2125,-13.615384615384615,95.25,76.13095238095238,98.0
0806.866,-210.875,-12.541666666666666,96.0,76.22916666666667,98.0
0806.900,-194.13076923076926,-10.166666666666668,97.9375,76.33035714285714,98.0
0806.932,-184.55,-6.992307692307692,102.8125,76.42559523809524,98.0
0806.966,-173.1375,-5.6,111.0625,76.52678571428572,98.0
0806.997,-164.89999999999998,-3.825,112.0,76.61904761904762,98.0
0807.029,-154.7,-1.3333333333333335,109.0,76.71428571428572,98.0
0807.060,-146.14166666666668,0.7,106.0625,76.80654761904762,98.0
0807.100,-145.31538461538463,2.661538461538462,101.5625,76.92559523809524,98.0
0807.131,-150.33333333333334,3.3,100.625,77.00000000000001,98.0
0807.162,-164.63333333333333,2.125,100.0,77.0,97.99999999999999
0807.193,-173.97692307692307,1.45,101.00000000000001,77.0,98.0
0807.239,-181.8076923076923,-2.4769230769230766,102.0,77.0,98.0
0807.265,-174.55,-3.8,101.2,77.0,98.0
0807.297,-161.85,-4.783333333333333,100.1875,77.0,98.0
0807.329,-149.63333333333335,-4.9,99.1875,77.0,98.0
0807.361,-140.9875,-4.469230769230769,97.1875,77.0,98.0
0807.394,-140.7125,-7.075,96.0,77.0,98.0
0807.428,-146.63333333333335,-12.5,94.05882352941177,77.0,98.0
0807.461,-146.22307692307692,-19.0,93.0,77.0,98.0
0807.501,-139.63333333333333,-26.846153846153847,93.0,77.0,98.0
0807.534,-118.96666666666667,-30.730769230769234,94.0,77.0,98.0
0807.566,-93.475,-32.93333333333333,94.0,77.0,98.0
0807.598,-59.01538461538462,-34.833333333333336,93.0,77.0,98.0
0807.630,-12.366666666666667,-35.19230769230769,93.0,77.0,98.0
0807.663,41.53333333333334,-35.1,93.0,77.0,98.0
0807.695,88.08333333333334,-33.21666666666667,96.0625,77.0,98.0
0807.727,119.86153846153846,-30.9,101.75,77.0,98.0
0807.772,144.58461538461538,-28.166666666666668,109.0,77.0,98.0
0807.798,150.9,-27.15,108.875,76.99404761904762,98.0
0807.830,157.9125,-26.575,104.75,76.89880952380952,98.00000000000001
0807.861,156.9375,-26.666666666666664,101.9375,76.80654761904762,98.0
0807.892,152.82222222222222,-25.923076923076923,100.0,76.71428571428571,98.0
0807.932,143.17692307692306,-27.515384615384615,96.5,76.5952380952381,98.0
0807.964,137.38333333333333,-26.95,95.5,76.5,98.0
0807.997,129.47692307692307,-27.700000000000003,95.0,76.40178571428572,98.0
0808.030,121.83846153846153,-25.75,95.0,76.30357142857143,98.0
0808.063,109.63333333333333,-25.70769230769231,94.0,76.20535714285714,98.0
0808.094,99.4,-26.644444444444442,93.375,76.11309523809524,98.0
0808.138,77.6,-26.307692307692307,92.0,76.0,98.0
0808.165,68.9,-25.9,92.0,76.0,98.0
0808.196,58.330769230769235,-24.333333333333336,92.0,76.0,98.0
0808.229,46.208333333333336,-22.67692307692308,92.0625,76.0,98.0
0808.261,33.8,-21.033333333333335,93.0,76.0,98.0
0808.294,17.2,-20.266666666666666,93.0,76.0,98.0
0808.327,3.1,-20.666666666666668,94.0,76.0,98.0
0808.360,3.333333333333333,-19.838461538461537,94.0,76.0,98.0
0808.401,32.125,-19.46923076923077,94.0,76.0,98.0
0808.434,67.92500000000001,-16.30833333333333,94.875,76.0,98.0
0808.465,97.11111111111111,-15.13076923076923,98.4375,76.01934523809523,97.99999999999999
0808.496,128.42222222222222,-12.776923076923078,104.0,76.06547619047619,98.0
0808.528,148.57500000000002,-10.511111111111111,110.25,76.11309523809523,97.99999999999999
0808.559,166.04999999999998,-10.0125,114.6875,76.15922619047619,98.0
0808.598,183.54166666666666,-7.325,112.875,76.2172619047619,98.0
0808.630,190.63333333333335,-6.266666666666666,109.0,76.26488095238095,98.0
0808.661,204.79999999999998,-4.6,107.9375,76.31101190476191,98.0
0808.695,206.59999999999997,-2.9416666666666664,103.8125,76.36160714285714,98.0
0808.727,208.03846153846155,-0.75,101.8125,76.40922619047619,98.0
0808.759,213.98333333333335,-0.41538461538461535,99.8125,76.45684523809524,98.0
0808.802,231.3,3.9222222222222225,99.0,76.52083333333334,98.0
0808.838,255.3,9.053846153846154,98.0,76.57440476190476,98.0
0808.864,268.4461538461539,12.2,97.0,76.61309523809524,98.0
0808.895,281.15,15.777777777777779,96.15625,76.65922619047619,98.0
0808.928,288.1125,17.3375,95.25,76.70833333333334,98.0
0808.961,294.8125,21.312499999999996,95.0,76.75744047619048,98.0
0808.994,290.575,26.337500000000002,96.0,76.80654761904762,98.0
0809.027,287.7888888888889,32.75555555555555,96.0,76.85565476190476,98.0
0809.059,274.35,57.525000000000006,96.0,76.90327380952381,98.0
0809.099,252.7,85.95384615384616,96.0,76.96279761904762,98.0
0809.131,233.625,103.97500000000001,96.0,77.0,98.0
0809.163,224.7846153846154,107.5,96.0,77.0,98.0
0809.197,231.28333333333333,102.40833333333335,97.0,77.0,98.0
0809.230,246.91666666666666,103.95384615384614,98.0,77.0,98.0
0809.262,255.95,108.23333333333333,103.25,77.0,98.0
0809.294,257.3615384615385,113.6,109.875,77.0,98.0
0809.338,244.40000000000003,144.60833333333332,119.375,77.0,98.0
0809.363,229.3,162.43846153846155,119.0625,77.0,98.0
0809.393,211.3125,180.23333333333332,117.1875,77.0,98.0
0809.438,190.025,183.86666666666665,112.375,77.0,98.0
0809.462,181.2,183.10000000000002,110.875,77.0,98.0
0809.493,165.675,184.3846153846154,107.9375,77.0,98.0
0809.532,142.25833333333333,183.3,107.0,77.0,98.00000000000001
0809.564,127.5,180.05,106.0,77.0,98.0
0809.598,111.54444444444445,172.775,106.0,77.0,98.0
0809.631,92.05,166.9125,105.0,77.0,98.0
0809.664,72.0,160.83076923076925,103.0,77.0,98.0
0809.696,49.212500000000006,154.375,101.25,77.0,98.0
0809.729,36.125,151.85,100.1875,77.0,98.0
0809.761,34.03846153846154,149.06666666666666,99.1875,77.0,98.0
0809.792,42.55,148.1,99.0,77.0,98.0
0809.839,44.9375,142.63076923076926,99.0,77.0,98.0
0809.864,47.233333333333334,138.95,99.0,77.0,98.0
0809.897,42.58461538461538,135.5,98.6875,77.0,97.99999999999999
0809.929,41.541666666666664,131.33333333333334,98.0,77.0,98.0
0809.963,52.95,126.72500000000001,98.0,77.0,98.0
0809.998,71.0,120.9,97.0,77.0,98.0
0810.032,99.43333333333334,116.84166666666667,97.0,77.0,98.0
0810.065,126.60000000000001,116.18333333333334,98.8125,77.0,98.0
0810.098,153.52499999999998,113.8076923076923,102.75,77.0,98.0
0810.131,175.17499999999998,111.36666666666667,109.82352941176471,77.0,98.0
0810.163,192.73333333333335,100.525,114.0,77.0,98.0
0810.196,186.43846153846155,84.775,112.0,77.0,98.00000000000001
0810.228,160.38333333333333,66.92307692307693,106.94117647058823,77.0,98.0
0810.260,122.56666666666668,46.33333333333333,104.9375,77.0,98.0
0810.294,74.20833333333333,27.075,101.86666666666667,77.0,98.0
0810.328,26.207692307692305,4.533333333333333,99.73333333333335,77.0,98.0
0810.361,-20.308333333333334,-15.466666666666669,99.0,77.0,98.0
0810.396,-69.125,-37.53076923076924,99.0,77.0,98.0
0810.428,-108.16666666666666,-51.3,98.4375,77.0,98.0
0810.461,-146.30769230769232,-59.96666666666667,97.0,76.98511904761905,98.0
0810.493,-179.63333333333333,-63.784615384615385,95.375,76.9375,98.0
0810.533,-213.42499999999998,-61.666666666666664,94.0,76.87797619047619,98.0
0810.565,-240.90000000000003,-58.675,93.0,76.83035714285714,98.0
0810.598,-269.73333333333335,-57.65,93.0,76.78125,98.0
0810.630,-276.8,-58.74166666666667,93.0,76.73363095238095,98.0
0810.664,-264.1333333333333,-55.95,93.0,76.68303571428571,98.0
0810.695,-239.825,-49.476923076923086,93.25,76.63690476190476,98.0
0810.727,-217.73846153846154,-39.6,94.0,76.58928571428571,98.0
0810.760,-202.64615384615385,-26.7,94.0,76.54017857142857,98.0
0810.802,-166.02499999999998,-10.25,94.0,76.47767857142857,98.0
0810.839,-125.78333333333333,7.1499999999999995,94.0,76.42261904761905,98.0
0810.871,-91.0,22.923076923076927,95.375,76.375,98.0
0810.898,-62.47500000000001,32.325,97.90625,76.33482142857143,98.0
0810.930,-41.692307692307686,38.725,104.75,76.28720238095238,98.0
0810.961,-32.9923076923077,44.39999999999999,110.875,76.24107142857143,98.0
0811.000,-37.15,46.3125,110.6875,76.18303571428572,98.0
0811.030,-41.96666666666667,47.4,106.8125,76.13839285714285,98.0
0811.062,-46.63076923076923,47.025000000000006,104.8125,76.09077380952381,98.0
0811.094,-53.3,45.64615384615384,101.8125,76.04315476190476,98.0
0811.126,-60.86666666666667,47.54615384615385,100.0,76.0,98.0
0811.172,-65.625,45.53846153846153,100.0,75.99999999999999,98.0
0811.199,-61.725,47.575,100.0,76.0,98.0
0811.230,-50.75,45.61666666666667,101.0,76.0,98.0
0811.263,-36.6,50.03076923076923,100.25,76.0,98.0
0811.295,-30.825000000000003,52.525,99.25,76.0,98.0
0811.328,-28.699999999999996,53.3625,96.1875,76.0,98.0
0811.373,-35.49230769230769,49.225,91.375,76.0,98.0
0811.399,-36.83846153846154,47.62307692307692,90.0,76.0,98.0
0811.431,-45.233333333333334,45.733333333333334,90.0,76.0,98.0
0811.463,-52.81666666666666,47.775,90.0,76.0,98.00000000000001
0811.494,-53.66666666666666,49.0,91.0,76.00000000000001,98.0
0811.535,-52.08333333333333,52.074999999999996,91.0,76.0,98.0
0811.572,-45.875,50.175,91.0,76.0,98.0
0811.599,-42.90769230769231,49.5,91.0,76.0,98.0
0811.633,-32.16153846153846,46.9,91.0,76.0,98.0
0811.665,-16.3,46.1,91.0,76.0,98.0
0811.699,5.883333333333333,46.99166666666666,93.0,76.0,98.0
0811.732,28.316666666666663,47.9,103.1875,76.0,98.0
0811.764,49.474999999999994,49.041666666666664,109.125,76.0,98.0
0811.798,72.90833333333332,52.400000000000006,111.8125,76.0,98.0
0811.832,105.4,57.650000000000006,108.73333333333333,76.0,98.0
0811.864,126.3,64.44615384615385,106.5,76.0,98.0
0811.896,152.55384615384617,126.61666666666666,103.75,76.0,97.99999999999999
0811.927,166.83846153846156,172.2833333333333,102.0,76.0,98.0
0811.973,170.92499999999998,242.4,100.0,76.0,98.0
0812.007,158.25,223.4333333333333,100.1875,76.0,98.0
0812.032,147.96666666666667,213.1153846153846,101.0,76.0,98.0
0812.064,137.90833333333333,195.83333333333334,100.0,76.0,98.0
0812.095,124.0,168.27692307692308,99.0,76.0,98.0
0812.127,103.5375,133.10833333333335,97.25,76.0,98.0
0812.167,57.35,89.7,95.75,76.0,98.0
0812.197,11.674999999999999,63.125,95.0,76.0,98.0
0812.228,-31.66923076923077,36.81666666666666,95.0,76.0,98.0
0812.273,-83.28461538461539,8.516666666666666,95.0,76.0,98.0
0812.297,-106.39999999999999,-2.1583333333333337,95.0,76.0,98.0
0812.329,-143.2,-7.100000000000001,95.0,76.0,98.0
0812.362,-168.8777777777778,-3.4,95.0,76.0,98.0
0812.394,-171.9,0.8384615384615385,95.0,76.0,98.0
0812.433,-142.1,7.36923076923077,94.0,76.0,98.0
0812.464,-115.23333333333335,10.833333333333334,94.0,76.0,98.00000000000001
0812.495,-81.07692307692307,15.433333333333334,96.5,76.0,98.0
0812.526,-51.93333333333334,24.2,102.0625,76.0,98.0
0812.566,-17.166666666666668,38.96666666666667,113.375,76.0,98.0
0812.597,14.45,52.44615384615385,115.0,76.0,98.0
0812.629,39.133333333333326,64.14166666666667,111.875,76.0,98.0
0812.662,66.9,74.07499999999999,108.8125,76.0,98.0
0812.692,85.125,80.17692307692307,104.875,76.0,98.0
0812.731,99.15,86.45555555555556,101.5,76.0,98.0
0812.763,99.75,90.75,99.5,76.0,98.0
0812.796,104.85555555555555,92.6,99.0,76.0,98.0
0812.828,109.69999999999999,94.75,99.0,76.0,98.0
0812.873,114.93333333333334,98.1125,98.0,76.0,98.0
0812.898,109.6,100.80000000000001,98.0,76.0,98.0
0812.931,104.4,100.1,97.0,76.0,98.0
0812.962,89.6,95.1,95.0625,76.0,98.0
0812.994,83.7,84.43846153846154,94.0625,76.0,98.0
0813.039,50.37499999999999,60.266666666666666,93.0,76.0,98.0
0813.064,31.483333333333334,41.46666666666667,93.0,76.0,98.0
0813.095,-9.184615384615386,19.4,94.0,76.0,98.0
0813.127,-48.96153846153846,0.08750000000000013,94.0,75.98805970149253,98.0
0813.167,-94.73846153846154,-24.85,94.0,75.86865671641792,98.0
0813.200,-124.62500000000001,-44.3,94.1875,75.77014925373135,98.0
0813.232,-151.53333333333333,-61.83846153846154,94.0,75.67462686567166,98.0
0813.264,-189.61666666666665,-78.49166666666666,95.8125,75.57910447761193,98.0
0813.295,-236.2,-92.49166666666667,98.5,75.48656716417909,98.0
0813.326,-297.575,-112.91538461538462,104.75,75.39402985074626,98.0
0813.366,-371.92500000000007,-135.85833333333332,112.25,75.27462686567165,98.0
0813.398,-430.375,-152.94615384615383,111.75,75.17910447761194,98.0
0813.430,-477.0,-161.9,107.5,75.08358208955224,98.0
0813.461,-518.3,-171.58333333333331,104.8125,75.0,98.0
0813.506,-552.7428571428571,-184.35,101.05882352941177,75.0,98.0
0813.540,-580.75,-191.85384615384615,100.0,75.0,98.0
0813.567,-597.7083333333333,-194.93333333333334,100.0,75.0,98.0
0813.598,-631.1076923076923,-198.07500000000002,100.0,75.0,98.0
0813.631,-659.3666666666667,-200.95,100.0,75.0,98.0
0813.664,-681.1666666666667,-202.1,99.0,75.0,98.0
0813.696,-690.4749999999999,-202.9416666666667,97.1875,75.0,98.0
0813.728,-693.5249999999999,-199.4923076923077,96.0,75.0,98.0
0813.760,-690.5666666666667,-195.2,94.0,75.0,98.0
0813.801,-690.5,-192.7,93.0,75.0,98.0
0813.833,-691.2333333333333,-193.84999999999997,93.0,75.0,98.0
0813.865,-689.4875,-191.5666666666667,93.0,75.0,98.0
0813.898,-680.875,-187.73846153846154,93.5,75.0,98.0
0813.930,-667.0,-182.46666666666667,94.0,75.0,98.0
0813.962,-646.1888888888889,-177.625,94.0,75.0,98.0
0813.994,-615.1500000000001,-170.88333333333335,94.0,75.0,98.0
0814.033,-573.9499999999999,-159.87692307692308,94.0,75.0,98.0
0814.064,-532.7083333333333,-149.7375,99.625,75.0,98.0
0814.096,-496.1230769230769,-140.3,105.625,75.0,98.0
0814.127,-455.5666666666666,-132.3,110.625,75.0,98.0
0814.167,-397.4,-123.92222222222222,110.6875,75.0,98.0
0814.198,-348.15,-116.25,108.75,75.00000000000001,98.0
0814.230,-298.33076923076925,-109.1875,104.75,75.0,98.0
0814.262,-251.2,-100.3,102.75,75.0,98.0
0814.295,-212.275,-92.46666666666667,100.6875,75.0,98.0
0814.327,-176.29999999999998,-86.25384615384615,100.0,75.0,98.0
0814.372,-122.80000000000001,-77.6,101.0,75.0,98.0
0814.398,-87.36666666666666,-72.15,101.0,75.0,98.0
0814.430,-41.246153846153845,-68.16666666666667,100.0,75.0,98.0
0814.462,-6.7,-64.66923076923078,98.0,75.0,98.0
0814.495,34.03333333333333,-60.96666666666667,97.0,75.0,98.0
0814.527,80.92307692307692,-57.625,96.1875,75.0,98.0
0814.572,149.61249999999998,-54.65833333333333,95.375,75.0,98.0
0814.598,169.67777777777778,-52.5,96.0,75.0,98.0
0814.630,179.3,-46.51111111111111,96.0,75.0,98.0
0814.661,178.48333333333335,-40.800000000000004,96.0,75.0,98.0
0814.694,194.44615384615383,-37.75,96.0,75.0,98.0
0814.739,228.83846153846153,-35.4,96.0,75.0,98.0
0814.766,254.79999999999998,-32.0,96.0,75.0,98.0
0814.797,278.625,-26.091666666666665,97.375,75.0327380952381,98.0
0814.828,301.875,-18.925,101.25,75.125,98.0
0814.872,319.2,-13.733333333333334,111.75,75.25595238095238,98.0
0814.897,316.5846153846154,-11.684615384615386,113.9375,75.33035714285715,98.0
0814.927,307.56666666666666,-9.653846153846153,113.1875,75.41964285714286,98.0
0814.967,285.75,-5.2,108.73333333333333,75.53869047619048,98.0
0814.998,274.9875,-4.138461538461538,106.75,75.63095238095238,98.0
0815.028,270.18888888888887,-1.6,103.93333333333332,75.72023809523809,98.0
0815.067,260.06666666666666,1.3,101.46666666666667,75.83630952380952,98.0
0815.098,252.99166666666667,4.438461538461539,100.5,75.92857142857143,98.0
0815.128,238.61666666666667,5.6,100.0,76.0,98.0
0815.159,228.5,4.533333333333333,100.0,76.0,98.0
0815.199,213.86923076923077,5.9375,98.1875,76.0,98.0
0815.232,196.26923076923077,5.3,97.0,76.0,98.0
0815.264,179.53333333333333,7.799999999999999,95.125,76.0,98.0
0815.295,163.825,8.458333333333332,95.0,76.0,98.0
0815.326,160.0076923076923,11.150000000000002,94.25,76.0,98.0
0815.367,150.0,43.45833333333333,94.0,76.0,98.0
0815.397,140.6,62.2,95.0,76.0,98.0
0815.428,127.575,78.23076923076923,94.0,76.0,98.0
0815.461,118.66923076923078,74.42500000000001,94.0,76.0,98.0
0815.492,118.14999999999999,66.20833333333333,94.0,76.0,98.00000000000001
0815.532,135.5,57.733333333333334,94.0,76.0,98.0
0815.563,147.525,52.46666666666667,94.0,76.0,98.0
0815.594,161.43333333333334,45.7875,98.5,76.0,98.0
0815.639,155.85,35.5,106.9375,76.0,98.0
0815.672,136.39999999999998,22.0375,112.0,76.0,98.0
0815.698,114.39999999999999,13.276923076923076,111.0,76.0,98.0
0815.730,84.05000000000001,1.35,109.0,76.0,98.0
0815.762,54.58461538461538,-12.683333333333334,106.0,76.0,98.0
0815.794,27.375,-22.8,105.0,76.0,98.0
0815.839,-23.046153846153846,-34.8,101.1875,76.0,98.0
0815.864,-60.80833333333333,-37.53076923076923,100.625,76.0,98.0
0815.896,-116.3,-42.45,100.0,76.0,98.0
0815.927,-172.72222222222223,-48.300000000000004,100.0,76.0,98.0
0815.972,-253.15384615384613,-56.0,98.0,76.0,98.0
0815.998,-289.2,-58.15555555555556,97.25,76.0,98.0
0816.029,-343.20000000000005,-64.2,96.0,76.0,98.0
0816.061,-387.98333333333335,-69.0,95.0,76.0,98.0
0816.092,-424.5,-76.05000000000001,95.0,76.0,98.0
0816.138,-470.1923076923077,-82.9,95.0,76.0,97.98780487804878
0816.163,-490.40000000000003,-85.10000000000001,95.0,76.0,97.94969512195122
0816.195,-528.6,-88.45384615384614,95.0,76.0,97.90091463414633
0816.226,-558.3538461538461,-89.75,95.0,76.0,97.85365853658536
0816.266,-592.7307692307693,-92.82499999999999,95.0,76.0,97.79268292682927
0816.297,-607.0333333333333,-95.64999999999999,94.0,76.0,97.7454268292683
0816.328,-606.9166666666667,-99.43333333333334,94.0,76.0,97.69817073170732
0816.359,-602.4,-100.9,94.0,76.0,97.65091463414635
0816.399,-593.5833333333334,-100.73846153846154,95.8125,76.0,97.58993902439025
0816.433,-591.875,-98.9,99.875,76.0,97.53810975609755
0816.464,-589.625,-96.06666666666666,108.75,76.0,97.4908536585366
0816.496,-581.6500000000001,-92.76153846153848,111.4375,76.0,97.4420731707317
0816.527,-569.0333333333333,-89.73333333333333,112.0,76.0,97.39481707317073
0816.565,-553.5999999999999,-85.475,107.8125,76.0,97.33689024390243
0816.596,-536.7857142857143,-82.17692307692306,105.875,76.0,97.28963414634147
0816.627,-522.5166666666667,-78.31666666666666,103.9375,76.0,97.2423780487805
0816.667,-501.65,-72.05,101.4375,76.0,97.1814024390244
0816.700,-488.10833333333335,-68.74166666666666,101.0,76.0,97.1310975609756
0816.730,-470.7333333333333,-63.3,101.0,76.0,97.08536585365854
0816.762,-449.1,-57.283333333333324,100.0,76.0,97.03658536585367
0816.797,-421.9333333333333,-50.63846153846154,98.3125,76.0,97.0
0816.829,-400.14166666666665,-47.824999999999996,97.3125,76.0,97.0
0816.861,-380.675,-43.81666666666667,96.0,76.0,97.0
0816.893,-363.0,-42.15833333333334,95.0,76.0,97.0
0816.939,-337.2416666666667,-36.65,95.0,76.0,97.0
0816.964,-323.8846153846154,-33.75,95.0,76.0,97.0
0816.995,-308.2692307692308,-31.7875,95.0,76.0,97.0
0817.028,-289.475,-27.687499999999996,94.875,76.0,97.0
0817.061,-272.40000000000003,-24.66666666666667,94.0,76.0,97.0
0817.093,-246.975,-20.7875,94.0,76.0,97.0
0817.132,-201.325,-17.21666666666667,94.0,76.0,97.02976190476191
0817.163,-147.40769230769232,-13.416666666666666,94.0,76.0,97.12202380952381
0817.195,-101.12500000000001,-9.476923076923079,94.5625,76.0,97.2172619047619
0817.226,-56.06666666666666,-3.661538461538461,95.5625,76.0,97.30952380952381
0817.265,-14.7875,0.8,101.0,76.0,97.42559523809524
0817.297,14.755555555555553,3.0,109.0,76.0,97.52083333333333
0817.330,30.1625,3.033333333333333,112.0,76.0,97.61904761904762
0817.361,43.284615384615385,3.1,110.05882352941177,76.0,97.71130952380952
0817.400,58.54166666666666,1.6,107.625,76.0,97.82738095238096
0817.431,76.67500000000001,1.9,104.6875,76.0,97.91964285714286
0817.462,94.1,3.075,102.75,76.0,98.0
0817.494,108.1,5.633333333333334,101.75,76.0,98.0
0817.538,116.4,7.1125,100.0,76.0,98.0
0817.565,123.95,6.046153846153846,100.0,76.0,98.0
0817.597,133.39166666666665,5.8500000000000005,98.3125,76.0,98.0
0817.628,151.0,6.266666666666667,97.375,76.0,98.0
0817.672,179.2307692307692,6.9,95.625,76.0,98.0
0817.699,195.575,6.6,95.0,76.0,98.0
0817.730,215.05,10.666666666666666,95.0,76.0,98.0
0817.761,235.95,22.674999999999997,95.9375,76.0,98.0
0817.793,264.15555555555557,38.75,96.0,76.0,98.0
0817.833,291.6,58.27499999999999,97.0,76.0,98.0
0817.864,308.05,67.23333333333335,96.5625,76.0,98.0
0817.896,317.32307692307694,67.325,96.0,76.0,98.0
0817.929,319.03076923076924,68.89999999999999,94.5,76.0,98.0
0817.960,312.4666666666667,70.36153846153846,94.0,76.0,98.0
0818.001,297.5,72.72222222222223,93.0,76.0,98.0
0818.033,301.39230769230767,74.875,93.0,76.0,98.0
0818.064,320.95,82.68333333333332,92.0,76.0,98.0
0818.095,344.76666666666665,101.13076923076922,93.0,76.0,98.0
0818.127,365.70833333333337,119.30833333333334,94.75,76.0,98.0
0818.166,372.625,133.27272727272725,102.80000000000001,76.0,98.0
0818.198,363.2846153846154,128.66666666666669,108.625,76.0,98.0
0818.230,355.8111111111111,121.775,111.6875,76.0,97.99999999999999
0818.262,343.21250000000003,117.93076923076922,109.6875,76.0,98.0
0818.293,336.5,112.04166666666666,107.75,76.0,98.0
0818.332,323.60769230769233,104.45,105.3125,76.0,98.0
0818.364,309.40833333333336,96.6,104.0,76.0,98.0
0818.396,293.3666666666667,86.78750000000001,102.0,76.0,98.0
0818.429,278.76666666666665,73.33846153846153,101.0,76.0,98.0
0818.462,247.98461538461538,56.400000000000006,100.0,76.0,98.0
0818.494,205.48333333333335,34.37499999999999,100.0,76.0,98.0
0818.527,142.35,12.85,99.0,76.0,98.0
0818.569,45.2,-8.23076923076923,97.0,76.0,98.0
0818.600,-34.71666666666667,-19.925,96.0,76.0,98.0
0818.633,-120.05384615384615,-29.075,95.0,76.0,98.0
0818.665,-194.98333333333335,-38.13333333333333,95.0,76.0,98.0
0818.698,-261.2083333333333,-49.107692307692304,95.0,76.0,98.0
0818.730,-319.1333333333333,-59.766666666666666,95.0,76.0,98.0
0818.762,-367.86153846153843,-71.1375,95.0,76.0,98.0
0818.797,-411.4,-81.92222222222223,94.0,75.98211624441133,98.0
0818.828,-446.0769230769231,-90.05000000000001,94.0,75.93591654247393,98.0
0818.872,-503.125,-97.5,94.0,75.87034277198211,98.0
0818.897,-529.8625,-101.11666666666667,94.0,75.83308494783904,98.0
0818.928,-555.776923076923,-104.33333333333333,93.0,75.78688524590163,97.99999999999999
0818.961,-565.0166666666667,-107.09166666666667,93.0,75.73770491803279,98.0
0819.002,-557.3333333333333,-107.88333333333333,94.0,75.67660208643815,98.0
0819.040,-541.575,-105.16153846153847,94.9375,75.61997019374068,98.0
0819.058,-535.4230769230769,-103.36666666666667,96.125,75.59314456035767,98.0
0819.098,-521.7,-99.0875,101.6875,75.53353204172876,98.0
0819.130,-507.5916666666667,-94.40769230769232,110.125,75.48584202682564,98.0
0819.161,-488.46666666666664,-88.8,111.75,75.43964232488823,98.0
0819.194,-467.1625,-83.15,109.4375,75.39046199701937,98.0
0819.239,-429.0,-75.2,106.625,75.32339791356185,98.0
0819.264,-409.65,-71.925,106.0,75.28614008941878,98.0
0819.296,-380.0,-68.13846153846154,104.0,75.23845007451564,98.0
0819.329,-350.625,-63.77499999999999,102.0,75.1892697466468,98.0
0819.361,-323.1625,-60.4,101.0,75.14157973174368,98.0
0819.394,-303.68888888888887,-56.26153846153846,101.0,75.09239940387482,98.0
0819.426,-290.7,-52.323076923076925,100.9375,75.04470938897168,98.0
0819.459,-283.0333333333333,-49.233333333333334,99.8125,75.0,98.0
0819.501,-266.75,-46.291666666666664,98.1875,75.0,98.0
0819.538,-256.20000000000005,-42.725,97.0,75.0,98.0
0819.566,-248.19166666666666,-42.366666666666674,96.125,75.0,98.0
0819.599,-245.0583333333333,-40.830769230769235,96.0,75.0,98.0
0819.632,-248.9333333333333,-40.03333333333333,96.0,75.0,98.0
0819.664,-241.05384615384617,-38.93333333333334,96.0,75.0,98.0
0819.696,-235.8,-38.025000000000006,96.0,75.0,98.0
0819.728,-225.34166666666664,-36.541666666666664,96.0,75.0,98.0
0819.759,-224.5,-34.625,96.0,75.0,98.0
0819.798,-232.85384615384618,-31.4625,95.0,74.96439169139467,98.0
0819.829,-236.55,-29.15,95.0,74.78041543026706,98.0
0819.860,-210.23333333333335,-26.746153846153845,95.0,74.59643916913947,98.0
0819.899,-152.0,-21.246153846153845,95.0,74.36498516320475,98.0
0819.931,-73.95384615384616,-15.724999999999998,95.6875,74.17507418397626,98.0
0819.963,0.24444444444444446,-11.233333333333334,99.375,73.98516320474778,98.0
0819.996,66.05000000000001,-3.166666666666667,107.25,73.78931750741839,98.0
0820.029,108.77499999999999,1.1692307692307693,110.8125,73.59347181008901,98.0
0820.062,95.92222222222222,4.615384615384615,110.17647058823529,73.39762611275964,98.0
0820.094,75.2,3.9230769230769234,107.1875,73.20771513353117,98.0
0820.127,66.8,6.166666666666667,106.0,73.01186943620178,98.0
0820.171,103.875,12.292307692307691,108.625,73.0,98.0
0820.198,141.43846153846155,17.5125,110.0,73.0,98.0
0820.228,180.97500000000002,22.25,108.8125,73.0,98.0
0820.261,201.975,27.53333333333333,106.75,73.0,98.0
0820.293,191.98333333333335,28.75,104.5,73.0,98.0
0820.334,149.65384615384616,26.9,98.375,73.0,98.0
0820.366,105.96666666666665,24.5,96.1875,73.0,98.0
0820.399,77.175,23.875,94.0,73.0,98.0
0820.431,70.6375,24.546153846153846,94.875,73.0,98.0
0820.463,84.36666666666667,40.266666666666666,95.875,73.0,98.0
0820.493,110.02307692307693,55.391666666666666,98.0,73.0,98.0
0820.533,137.175,71.5,97.75,73.0,98.0
0820.564,148.94166666666666,73.10000000000001,95.8125,73.0,98.0
0820.595,150.0333333333333,70.275,94.0,73.0,98.0
0820.625,150.87692307692308,66.5,93.0,73.0,98.0
0820.667,145.2,66.125,90.0,73.0,98.0
0820.698,138.08333333333334,65.33076923076923,90.0,73.0,98.0
0820.730,145.6,65.875,91.0,73.0,98.0
0820.761,178.0769230769231,65.65,92.5,73.0,98.0
0820.795,246.55,76.36666666666666,94.0,72.94047619047619,98.0
0820.828,320.225,103.70769230769231,94.0,72.74404761904762,98.0
0820.861,379.9125,130.98461538461538,94.76470588235294,72.54761904761905,98.0
0820.894,410.8,158.64999999999998,99.625,72.35119047619048,98.0
0820.935,418.3666666666667,169.50833333333333,106.75,72.10714285714286,98.0
0820.960,416.6,173.875,110.0,71.95833333333334,98.0
0821.001,407.20000000000005,178.45,108.5,71.71428571428572,98.0
0821.032,406.3,174.31538461538463,105.5625,71.52976190476191,98.0
0821.066,404.8625,168.52307692307693,105.0,71.32738095238095,98.0
0821.098,428.8538461538462,166.3,104.0,71.13690476190476,98.0
0821.131,464.0,199.4,105.0,71.0,98.0
0821.162,495.7416666666667,230.03846153846155,105.625,71.0,98.0
0821.195,506.24615384615385,261.875,106.0,71.0,98.0
0821.228,492.0153846153847,259.45833333333337,105.25,71.0,98.0
0821.261,464.0,245.10833333333332,102.375,71.0,98.0
0821.295,429.82499999999993,232.1,97.13333333333333,71.0,98.0
0821.329,389.4833333333333,217.0923076923077,93.9375,71.0,98.0
0821.362,346.83333333333337,204.1923076923077,92.0,71.0,98.0
0821.395,312.88461538461536,190.8,92.0,71.0,98.0
0821.428,298.32500000000005,181.53333333333336,93.25,71.0,98.0
0821.462,318.26666666666665,175.34615384615384,96.375,70.99999999999999,98.0
0821.495,339.8,171.2,98.875,71.0,98.0
0821.528,371.2,168.5,102.5,71.0,98.00000000000001
0821.560,379.8,164.6,103.0,71.0,98.0
0821.602,348.9583333333333,155.4,100.875,71.0,98.0
0821.635,299.5833333333333,141.4,98.8125,71.0,98.0
0821.666,253.9230769230769,123.725,93.875,71.0,98.0
0821.697,207.85000000000002,100.275,91.9375,71.0,98.0
0821.728,171.86666666666667,78.375,90.0,71.0,98.0
0821.760,138.42499999999998,57.34615384615384,89.0,71.0,98.0
0821.800,100.9,39.72307692307692,91.94117647058823,71.0,97.99999999999999
0821.830,80.21538461538461,29.741666666666664,102.125,71.0,97.99999999999999
0821.864,62.53846153846153,20.46666666666667,108.0,71.0,98.00000000000001
0821.897,50.3,11.066666666666666,110.5625,71.0,98.0
0821.930,24.65,-3.8692307692307697,107.75,71.0,98.0
0821.961,-3.0250000000000004,-19.933333333333334,105.4375,71.0,98.0
0821.993,-41.05384615384615,-35.849999999999994,101.4375,71.0,98.0
0822.039,-112.48461538461538,-65.18333333333332,97.5625,71.0,98.0
0822.072,-174.17692307692306,-85.29166666666666,96.0,71.0,98.0
0822.098,-223.31666666666666,-100.1,96.0,71.0,98.0
0822.129,-262.275,-113.02222222222223,97.0,71.0,98.0
0822.161,-301.96153846153845,-118.19999999999999,98.0,71.00000000000001,98.0
0822.193,-326.65,-121.95833333333331,98.0625,71.0,98.0
0822.238,-361.75,-126.1125,99.0,71.0,98.0
0822.264,-372.5833333333333,-130.25384615384615,99.0,71.0,98.0
0822.295,-398.0846153846154,-136.575,98.0,71.0,98.0
0822.329,-432.65,-141.2,96.4375,71.0,98.0
0822.360,-458.725,-143.9,95.5,71.0,98.0
0822.402,-494.5,-148.29166666666666,92.875,71.0,98.0
0822.440,-519.7666666666667,-153.03846153846155,92.0,71.0,98.0
0822.457,-530.35,-155.2125,92.0,71.0,98.0
0822.496,-546.8666666666667,-154.77499999999998,94.0,71.0,98.0
0822.529,-544.9833333333333,-152.41666666666666,95.125,71.0,98.0
0822.561,-527.8,-148.56923076923078,98.0625,71.0,98.0
0822.593,-499.5692307692308,-144.9,100.0,71.0,98.0
0822.633,-471.4769230769231,-140.5,100.0,71.0,98.0
0822.665,-454.525,-136.4,99.0,71.0,98.0
0822.697,-438.40000000000003,-130.50833333333333,100.5625,71.0,98.0
0822.728,-429.6,-125.7,107.5,71.0,98.0
0822.759,-414.20833333333337,-120.11666666666667,111.4375,71.0,98.0
0822.801,-390.9666666666667,-113.0,109.9375,70.99999999999999,97.99999999999999
0822.832,-365.4,-106.34166666666665,107.0,71.0,98.0
0822.863,-336.53333333333336,-99.3923076923077,105.0625,71.0,98.0
0822.894,-297.1,-93.60000000000001,103.125,71.0,98.0
0822.927,-247.05,-86.81666666666668,103.0,71.0,98.0
0822.973,-172.43333333333334,-74.875,103.8125,71.0,98.0
0822.999,-132.575,-69.05000000000001,104.4375,71.0,98.0
0823.032,-99.7,-63.775000000000006,104.5,71.0,98.0
0823.065,-82.55,-60.175,102.4375,71.0,98.0
0823.099,-75.0375,-56.0,99.3125,71.0,98.0
0823.133,-71.1,-51.92307692307692,96.1875,71.0,98.00000000000001
0823.165,-63.900000000000006,-48.87692307692308,95.0,71.0,98.0
0823.198,-48.7,-45.53846153846153,94.0,71.0,98.0
0823.230,-24.712500000000002,-41.95,94.0,71.0,98.0
0823.262,13.55,-40.12307692307692,94.875,71.0,98.0
0823.295,50.8,-37.13846153846154,95.9375,71.0,98.0
0823.327,80.58461538461538,-36.28333333333333,96.0,71.0,98.0
0823.373,98.63333333333334,-30.35,96.1875,71.0,98.0
0823.406,103.16666666666666,-27.75,96.0,71.0,98.0
0823.438,126.4,-25.091666666666665,95.125,71.0,98.0
0823.462,146.22307692307692,-23.525,95.0,70.9820895522388,98.0
0823.495,180.31666666666666,-20.5,95.0,70.88358208955223,98.0
0823.528,200.13333333333333,-16.516666666666666,98.0,70.78507462686568,98.0
0823.560,212.64999999999998,-11.161538461538463,103.0,70.68955223880597,98.0
0823.608,227.4,-4.7375,114.5,70.54626865671642,98.0
0823.625,231.0888888888889,-2.1000000000000005,115.0,70.4955223880597,98.0
0823.665,233.0,0.525,110.875,70.37611940298507,98.0
0823.698,226.0,2.476923076923077,107.75,70.27761194029851,98.0
0823.731,215.7,-0.4,104.76470588235293,70.17910447761194,98.0
0823.764,205.5,-0.4,101.75,70.08059701492537,98.0
0823.797,194.88888888888889,-2.2,101.0,70.0,98.0
0823.829,187.8,-0.03076923076923075,101.0,70.0,98.0
0823.861,180.54166666666669,0.5923076923076923,101.0,70.0,98.0
0823.900,176.9625,3.030769230769231,101.0,70.0,98.0
0823.932,177.12307692307692,5.333333333333334,99.1875,70.0,98.0
0823.966,170.72727272727272,5.491666666666667,98.11764705882352,70.0,98.0
0823.999,160.89999999999998,5.0,96.05882352941175,70.0,98.0
0824.032,148.2,4.033333333333333,95.9375,70.0,98.0
0824.065,145.2923076923077,3.5,95.0,70.0,98.0
0824.097,138.2,2.3749999999999996,95.0,70.0,98.0
0824.128,135.83333333333334,2.458333333333333,95.0,70.0,98.0
0824.160,122.19999999999999,2.830769230769231,95.0,70.0,98.0
0824.200,107.91666666666666,6.846153846153847,95.0,70.0,98.0
0824.232,97.1,7.108333333333333,95.0,70.0,98.0
0824.264,94.8375,7.366666666666667,95.0,70.0,98.0
0824.297,98.44166666666666,6.633333333333334,95.0,70.0,98.0
0824.328,106.65,6.4923076923076914,94.0,70.0,98.0
0824.372,123.55000000000001,9.691666666666666,95.625,70.0,98.0
0824.396,130.1846153846154,12.758333333333333,101.4375,70.0,98.0
0824.428,130.94166666666666,13.7,108.25,70.0,98.0
0824.460,127.76666666666667,16.1,112.625,70.0,98.0
0824.501,122.2,15.9,112.64705882352942,70.0,98.0579268292683
0824.532,116.91538461538461,13.984615384615385,109.6875,70.0,98.10518292682926
0824.564,108.66666666666666,10.016666666666666,106.6875,70.0,98.15396341463415
0824.595,94.46666666666667,3.8999999999999995,104.75,70.0,98.20121951219512
0824.640,67.7,-4.95,102.0,70.0,98.26981707317073
0824.672,40.80833333333334,-10.383333333333333,101.0,70.0,98.3185975609756
0824.699,17.20833333333333,-15.9,101.0,70.0,98.35975609756098
0824.732,-25.307692307692307,-22.55,101.0,70.0,98.41006097560975
0824.765,-72.05000000000001,-29.374999999999996,100.125,70.0,98.46036585365854
0824.798,-124.64615384615384,-36.93846153846154,98.125,70.0,98.51067073170732
0824.829,-180.3,-43.025,97.125,70.0,98.5579268292683
0824.861,-228.76923076923077,-48.775,96.1764705882353,70.0,98.60670731707317
0824.906,-315.32222222222225,-53.65,95.3125,70.0,98.67530487804879
0824.931,-358.1,-54.458333333333336,95.0,70.0,98.71341463414635
0824.963,-409.83333333333337,-56.84615384615385,95.0,70.0,98.76219512195121
0824.996,-448.09230769230766,-58.375,95.0,70.0,98.8125
0825.029,-482.6,-60.650000000000006,95.0,70.0,98.86280487804878
0825.061,-514.9083333333333,-62.3,95.0,70.0,98.91158536585365
0825.101,-552.05,-65.08333333333333,95.0,70.0,98.97256097560975
0825.134,-578.4,-67.96923076923078,94.0,70.0,98.95535714285715
0825.167,-587.8384615384615,-68.25384615384615,94.0,70.0,98.85714285714286
0825.200,-588.8583333333333,-69.03333333333333,94.0625,70.0,98.75892857142857
0825.231,-579.8416666666666,-67.4,96.0,70.0,98.66666666666669
0825.263,-574.6333333333333,-66.8,101.0,70.0,98.57142857142857
0825.295,-564.2923076923076,-65.525,111.0,70.0,98.47619047619048
0825.328,-556.0,-63.925,113.0,70.0,98.37797619047619
0825.361,-546.0,-62.575,110.93333333333334,70.0,98.27976190476191
0825.394,-528.7,-61.63846153846154,107.86666666666667,70.0,98.18154761904762
0825.428,-504.225,-59.60000000000001,104.6875,70.0,98.08035714285715
0825.460,-469.0777777777777,-56.32307692307692,103.70588235294117,70.0,98.00000000000001
0825.501,-416.35,-50.76666666666667,102.0,70.0,98.0
0825.539,-366.0,-44.25,102.0,70.0,98.0
0825.572,-324.18333333333334,-42.830769230769235,102.0,70.0,98.0
0825.597,-297.03846153846155,-38.6,101.125,70.0,98.0
0825.629,-264.05,-32.825,100.125,70.0,98.0
0825.661,-243.83333333333331,-25.8,98.125,70.0,98.0
0825.701,-215.0,-15.03076923076923,96.625,70.0,98.0
0825.732,-187.56666666666666,-10.146153846153847,96.0,70.0,98.0
0825.764,-160.8,-7.0249999999999995,96.0,70.0,98.0
0825.795,-125.9,-8.058333333333332,96.0,70.0,98.0
0825.827,-91.28333333333333,-6.2846153846153845,96.0,70.0,98.0
0825.867,-47.050000000000004,-1.6,96.0,70.0,98.0
0825.900,-15.066666666666666,3.25,96.0,70.0,98.0
0825.932,27.869230769230768,5.758333333333333,95.0,70.0,98.0
0825.964,81.975,7.949999999999999,95.0,70.0,98.0
0825.997,145.6,9.666666666666668,95.0,70.0,98.0
0826.030,202.6769230769231,14.384615384615387,95.0,70.0,98.0
0826.063,236.8615384615385,18.73333333333333,98.0,70.0,98.0
0826.097,250.125,22.05,107.375,70.0,98.0
0826.130,257.1,24.099999999999998,112.375,70.0,98.0
0826.162,257.6,27.022222222222222,113.8125,70.0,98.0
0826.195,259.6,30.375,110.75,70.0,98.0
0826.228,267.1875,30.450000000000003,107.6875,70.0,97.99999999999999
0826.260,264.5,31.3875,105.6875,70.0,98.0
0826.293,261.85,33.488888888888894,103.625,70.0,98.0
0826.341,250.48333333333335,37.769230769230774,102.0,70.0,98.0
0826.362,247.16153846153847,39.25,102.0,70.0,98.0
0826.396,238.6,39.2,101.1875,70.0,98.0
0826.430,228.80769230769232,38.61666666666667,100.0625,70.0,98.0
0826.463,220.7,39.392307692307696,99.0,70.0,98.0
0826.495,209.7,39.766666666666666,97.0,70.0,98.0
0826.527,199.45,39.45,96.0,70.0,98.0
0826.567,176.49999999999997,36.28333333333333,95.0,70.0,98.0
0826.599,157.66666666666666,30.6,95.0,70.0,98.0
0826.631,136.48461538461538,25.9,94.5,70.0,98.0
0826.665,119.70833333333333,21.099999999999998,94.0,70.0,98.0
0826.697,92.82499999999999,16.2,94.0,70.0,98.0
0826.729,41.43333333333334,7.777777777777778,94.0,70.0,98.0
0826.760,-19.133333333333333,-0.8999999999999999,94.0,70.0,98.0
0826.802,-91.82307692307693,-15.537500000000001,93.0,70.0,97.99999999999999
0826.833,-125.40769230769232,-24.2875,93.0,70.0,98.0
0826.865,-147.6125,-29.3,94.0,70.0,98.0
0826.896,-172.1125,-32.708333333333336,96.25,70.0,98.0
0826.928,-212.96666666666667,-32.800000000000004,101.375,70.0,98.0
0826.960,-256.05,-35.025,111.25,70.0,98.0
0827.000,-317.8833333333333,-35.93333333333334,114.0,70.0,98.0
0827.032,-348.43333333333334,-39.025,111.375,70.0,98.0
0827.063,-373.38461538461536,-43.27692307692308,109.4375,70.0,98.0
0827.096,-385.9666666666667,-45.25,108.0,70.0,98.0
0827.129,-399.8166666666666,-48.63333333333333,106.0,70.0,98.0
0827.163,-414.4333333333333,-50.00000000000001,104.1875,70.0,98.0
0827.197,-431.2,-51.288888888888884,103.0,70.0,98.0
0827.229,-444.92499999999995,-51.0,103.0,70.0,98.0
0827.261,-455.33333333333337,-51.925,102.0,70.0,98.0
0827.301,-452.025,-49.65,100.0,70.0,98.0
0827.333,-440.5333333333333,-49.93333333333334,98.5625,70.0,98.0
0827.366,-417.0307692307692,-45.0,97.0,70.0,98.0
0827.398,-394.4846153846154,-42.225,96.0,70.0,98.0
0827.430,-366.475,-38.900000000000006,95.0,70.0,98.0
0827.463,-339.7,-34.80769230769231,95.0,70.0,98.0
0827.495,-318.29999999999995,-32.40769230769231,95.0,70.0,98.0
0827.527,-308.0076923076923,-28.250000000000004,94.4375,70.0,98.0
0827.571,-289.84444444444443,-23.32307692307692,94.0,70.0,98.0
0827.597,-277.8,-21.566666666666666,93.0,70.0,98.0
0827.630,-238.8,-19.4625,93.0,70.0,98.0
0827.664,-175.225,-14.544444444444444,94.125,70.0,98.0
0827.696,-93.03076923076924,-7.65,96.125,70.0,98.0
0827.729,-3.3875,-1.6333333333333335,99.375,70.0,98.0
0827.761,73.9,4.625,106.75,70.0,98.0
0827.793,127.26666666666668,8.376923076923077,113.375,70.0,98.0
0827.838,161.25384615384615,12.466666666666665,116.0,70.0,98.0
0827.864,162.1,13.200000000000001,113.75,70.0,98.0
0827.894,163.11666666666667,14.0,110.0,70.0,98.0
0827.938,172.93333333333334,13.933333333333334,105.75,70.0,98.0
0827.971,198.36666666666667,16.223076923076924,103.6875,70.0,98.0
0827.999,225.5,21.4,102.0,70.0,98.0
0828.031,258.8,28.9125,102.0625,70.0,98.0
0828.063,282.9375,37.1,102.9375,70.0,98.0
0828.097,295.04999999999995,43.4375,101.86666666666667,70.0,98.0
0828.129,290.32307692307694,45.8,99.8125,70.0,98.0
0828.160,280.33333333333337,45.858333333333334,96.875,70.0,98.00000000000001
0828.206,268.125,44.275,94.0,70.0,97.99999999999999
0828.238,264.35555555555555,44.0,93.0,70.0,98.0
0828.263,253.75,45.4,92.0,70.0,98.0
0828.295,249.43333333333334,48.075,93.0,70.0,98.0
0828.327,242.45833333333331,50.96923076923077,93.0,70.0,98.0
0828.373,243.7,50.974999999999994,93.0,70.0,98.0
0828.398,235.85000000000002,51.483333333333334,93.0,70.0,98.0
0828.432,224.6,51.375,92.0,70.0,98.0
0828.473,209.13333333333333,52.09166666666667,92.0,70.0,98.0
0828.506,206.36666666666667,51.34615384615385,91.25,70.0,98.0
0828.539,216.3,51.9,91.0,70.0,98.0
0828.565,223.4923076923077,52.9125,91.0,70.0,98.0
0828.595,238.0125,52.733333333333334,91.3125,70.0,98.0
0828.627,245.67499999999998,54.853846153846156,97.9375,70.0,98.0
0828.671,244.825,57.13076923076923,108.0,70.0,98.0
0828.698,235.9,58.885714285714286,112.41176470588235,70.0,98.0
0828.729,226.875,58.9,114.0,70.0,98.0
0828.761,221.06666666666666,57.03076923076923,112.3125,70.0,98.0
0828.794,216.40769230769234,58.0,110.0,70.0,98.0
0828.827,213.275,55.4,108.2,70.0,98.0
0828.860,211.475,55.2,106.125,70.0,98.0
0828.893,206.425,54.2,104.0,70.0,98.0
0828.935,196.75,51.93076923076923,103.0,70.0,98.0
0828.973,179.61666666666665,45.78333333333334,102.0,70.0,98.0
0828.990,169.85,41.75,101.0,70.0,98.0
0829.032,146.11666666666665,33.15,99.375,70.0,98.0
0829.066,122.32500000000002,24.475,97.25,70.0,98.0
0829.100,102.6,14.233333333333334,96.0,70.0,98.0
0829.132,70.14615384615385,4.6,94.125,70.00000000000001,98.0
0829.164,43.099999999999994,-5.2375,94.0,70.0,98.00000000000001
0829.198,4.9875,-13.5,94.0,70.0,97.99999999999999
0829.232,-35.1,-23.215384615384615,93.0,70.0,98.0
0829.266,-95.83333333333334,-31.699999999999996,93.0,70.0,98.0
0829.298,-164.25,-38.766666666666666,92.0,70.0,98.0
0829.331,-235.39999999999998,-46.733333333333334,92.0,70.0,98.0
0829.363,-302.1,-51.176923076923075,91.6875,70.0,98.0
0829.396,-354.63076923076926,-55.61538461538462,91.0,70.0,98.0
0829.428,-384.76666666666665,-56.81666666666667,91.0,70.0,98.0
0829.461,-406.6,-58.0875,91.4375,69.99999999999999,98.0
0829.493,-424.30000000000007,-57.87499999999999,93.4375,70.0,98.0
0829.526,-438.46153846153845,-59.3,102.0,70.0,98.00000000000001
0829.567,-455.6538461538462,-60.16666666666667,111.125,70.0,98.0
0829.600,-464.6,-62.05,114.875,70.0,98.0
0829.632,-478.91249999999997,-64.25,112.875,70.0,98.0
0829.663,-486.375,-66.55384615384615,110.9375,70.0,98.0
0829.695,-490.8538461538462,-68.13333333333333,107.9375,70.0,98.0
0829.727,-489.36666666666673,-70.125,106.9375,70.0,98.0
0829.766,-495.4833333333333,-67.94166666666666,103.5,70.0,98.0
0829.798,-489.95000000000005,-66.4,103.0,70.0,97.99999999999999
0829.831,-479.6307692307692,-63.215384615384615,102.0,70.0,98.0
0829.863,-460.725,-59.1,101.4375,70.0,98.0
0829.895,-432.8666666666667,-56.5625,100.0,70.0,98.0
0829.928,-403.9666666666667,-52.53333333333333,97.375,70.0,98.0
0829.960,-375.89230769230767,-48.00769230769231,96.375,70.0,98.0
0830.007,-338.8076923076923,-41.56153846153847,94.4375,70.0,98.0
0830.038,-316.1,-37.550000000000004,94.0,70.0,98.0
0830.065,-293.43333333333334,-34.7375,93.0,70.0,98.0
0830.096,-263.4,-29.884615384615387,93.0,70.0,98.0
0830.129,-235.97692307692307,-24.6,93.0,70.0,98.0
0830.160,-212.525,-20.96666666666667,93.0,70.0,98.00000000000001
0830.193,-192.81249999999997,-15.966666666666667,92.0,70.0,98.00000000000001
0830.226,-164.41666666666669,-13.646153846153846,92.0,70.0,98.0
0830.272,-99.0,-11.653846153846155,91.0,70.0,98.0
0830.298,-46.95555555555555,-10.975,91.0,70.0,98.0
0830.329,20.9,-8.174999999999999,92.6875,70.0,98.0
0830.360,89.65,-2.058333333333333,95.25,70.0,98.0
0830.406,162.55,3.75,108.5,70.0,98.0
0830.432,184.13076923076926,7.050000000000001,113.25,70.0,98.0
0830.465,200.13333333333333,9.15,115.8125,70.0,98.0
0830.496,210.9,10.325,112.875,70.0,97.99999999999999
0830.529,214.85000000000002,12.2,110.8125,70.0,98.0
0830.562,222.87692307692308,16.184615384615384,107.75,70.0,98.0
0830.593,229.25,19.8,106.0,70.0,98.0
0830.634,232.7,23.75,104.2,70.0,98.0
0830.667,227.6,24.95,103.0,70.0,98.0
0830.699,221.4125,24.707692307692305,102.1764705882353,70.0,98.0
0830.732,213.23333333333335,26.924999999999997,100.0625,70.0,98.0
0830.765,200.675,30.375,98.0,70.0,98.0
0830.798,194.24999999999997,33.775,95.9375,70.0,98.0
0830.831,187.47500000000002,34.63333333333333,94.875,70.0,98.0
0830.864,179.8846153846154,34.675000000000004,93.8235294117647,70.0,98.0
0830.896,169.25,34.775,93.00000000000001,70.0,98.0
0830.928,159.95833333333331,34.733333333333334,92.8125,70.0,98.0
0830.960,150.9666666666667,33.238461538461536,92.0,70.0,98.0
0831.005,149.05384615384617,30.15,92.0,70.0,98.0
0831.038,139.5583333333333,29.15,92.0,70.0,98.0
0831.072,128.6,28.074999999999996,92.0,70.0,98.0
0831.098,115.58333333333333,26.015384615384615,92.0,70.0,98.0
0831.131,100.78461538461538,22.483333333333334,91.0,70.00000000000001,98.0
0831.164,93.3,16.141666666666666,91.0,70.0,98.0
0831.199,91.65384615384615,8.875,91.0,70.0,98.0
0831.232,91.56666666666666,4.408333333333333,91.1875,70.0,98.0
0831.265,84.86666666666667,2.753846153846154,94.75,70.0,98.0
0831.297,69.0923076923077,-1.1846153846153848,105.0,70.0,98.0
0831.328,52.53333333333333,-6.9750000000000005,111.5625,70.0,98.0
0831.359,28.7,-14.3,114.875,70.0,98.0
0831.401,-15.4875,-24.884615384615387,112.5,70.0,98.0
0831.439,-58.5,-31.876923076923077,109.875,70.0,98.0
0831.472,-96.5,-35.5,107.8125,70.0,98.0
0831.498,-122.43076923076923,-37.6875,106.1875,70.0,98.0
0831.531,-162.98333333333332,-41.724999999999994,104.125,70.0,98.0
0831.564,-209.15,-40.63076923076923,103.0625,70.0,98.0
0831.598,-254.2153846153846,-41.724999999999994,102.9375,70.0,98.0
0831.627,-294.4,-42.61666666666667,102.0,70.0,98.0
0831.673,-349.7416666666667,-47.9,99.25,70.0,98.0
0831.706,-376.375,-51.4,96.1875,70.0,98.0
0831.739,-392.9583333333333,-53.65384615384615,94.125,70.0,98.0
0831.772,-399.7769230769231,-54.77692307692308,93.0,70.0,98.0
0831.806,-405.975,-55.66666666666667,92.0,70.0,97.99999999999999
0831.824,-412.3,-56.1,92.0,70.0,98.0
0831.865,-412.71538461538466,-54.83333333333334,92.0,70.0,98.0
0831.898,-411.61111111111114,-51.8,92.8125,70.0,98.0
0831.930,-403.04999999999995,-46.35,94.0,70.0,98.0
0831.962,-386.37500000000006,-38.36666666666667,95.0,70.0,98.0
0831.996,-368.70000000000005,-29.775000000000002,96.0,70.0,98.0
0832.029,-342.0846153846154,-22.6,96.0,70.0,98.0
0832.062,-312.0769230769231,-16.666666666666668,94.9375,70.0,98.0
0832.095,-282.75,-11.400000000000002,92.875,70.0,98.0
0832.140,-255.55833333333334,-5.2666666666666675,93.0,69.95535714285714,98.0
0832.158,-247.73076923076923,-3.246153846153846,98.25,69.90178571428571,98.0
0832.200,-234.70769230769233,-1.1666666666666665,107.75,69.77678571428571,98.0
0832.234,-216.25,0.3,112.625,69.67559523809524,98.0
0832.266,-186.1,4.6375,112.1875,69.58035714285714,98.0
0832.298,-148.17499999999998,9.88888888888889,110.1875,69.48511904761904,98.0
0832.330,-104.78571428571428,14.374999999999998,108.0,69.38988095238096,98.0
0832.361,-68.05,17.425,105.25,69.29761904761904,98.0
0832.395,-30.75,18.53076923076923,103.125,69.19642857142857,98.0
0832.428,-5.6,19.324999999999996,101.0,69.09821428571428,98.0
0832.460,3.2125,22.0,100.0,69.00297619047619,98.0
0832.492,8.4,26.0,100.0,69.0,98.0
0832.534,18.787499999999998,28.8,98.4375,69.0,98.0
0832.572,38.75,33.90769230769231,97.0,69.0,98.0
0832.597,47.94615384615385,37.08333333333333,96.5,69.0,98.0
0832.630,49.98333333333333,39.36666666666667,95.4375,69.0,98.0
0832.662,54.833333333333336,42.1625,94.4375,69.0,98.0
0832.695,55.723076923076924,41.025,94.0,69.0,98.0
0832.729,58.9,40.5,93.0,69.0,98.0
0832.760,64.8,39.7875,92.0,69.0,98.0
0832.800,67.25833333333333,38.233333333333334,92.0,68.99999999999999,98.0
0832.832,69.23333333333335,39.20769230769231,92.0,69.0,98.0
0832.866,66.2923076923077,39.84444444444445,92.0,69.0,98.0
0832.899,73.225,41.65833333333333,92.0,69.0,98.0
0832.932,102.0,42.25833333333334,92.4375,69.0,98.0
0832.963,145.0,43.80769230769231,93.0,69.0,98.0
0832.994,200.6923076923077,44.28333333333333,93.0,69.0,98.0
0833.038,256.7,50.375,97.25,69.0,98.0
0833.063,277.84999999999997,55.74166666666667,102.875,69.0,98.0
0833.095,289.7875,60.5,109.875,69.0,98.0
0833.128,298.58750000000003,64.96923076923078,114.0,69.0,98.0
0833.162,304.80769230769226,65.46666666666667,113.1875,69.0,98.0
0833.196,303.30000000000007,93.84166666666667,111.0625,69.0,98.0
0833.229,307.76666666666665,131.58333333333334,108.0,69.0,98.0
0833.261,311.4,163.0923076923077,106.0,69.0,98.0
0833.293,312.59999999999997,178.31666666666666,104.0,69.0,98.0
0833.339,307.4846153846154,160.04999999999998,102.0,69.0,98.0
0833.372,297.7666666666667,153.39999999999998,101.0,69.0,98.0
0833.398,293.975,148.56666666666666,100.0,69.0,98.0
0833.429,288.52222222222224,142.16153846153844,98.5,69.0,98.0
0833.460,280.0666666666667,137.08333333333334,96.5625,69.0,98.0
0833.504,264.5769230769231,128.9,94.8125,69.0,98.0
0833.529,256.7416666666666,124.80000000000001,93.25,69.0,98.0
0833.561,239.36666666666667,119.57499999999999,93.0,69.0,98.0
0833.606,210.2,105.67500000000001,92.0,69.0,98.0
0833.631,192.08461538461538,94.43333333333334,92.0,69.0,98.0
0833.663,167.53333333333333,77.46666666666667,92.0,69.0,98.0
0833.695,135.575,61.45,92.0,69.0,98.0
0833.739,68.9875,39.45,92.0,69.0,98.0
0833.772,18.5375,21.15,91.0,69.0,98.0
0833.806,-23.833333333333332,3.825,91.0,69.0,98.0
0833.831,-54.5,-11.884615384615385,91.0,69.0,98.0
0833.863,-93.33076923076923,-27.48333333333333,91.0,69.0,98.0
0833.896,-137.0,-38.94166666666666,91.75,69.0,98.0
0833.929,-187.3,-44.891666666666666,98.4375,69.0,98.0
0833.962,-245.5,-52.55384615384615,105.625,69.0,98.0
0833.995,-316.6461538461538,-64.96666666666667,111.875,69.0,98.0
0834.027,-382.8,-77.325,112.0625,69.0,98.0
0834.061,-436.5,-89.63333333333334,109.9375,69.0,98.0
0834.092,-478.1538461538462,-96.68461538461538,106.0,69.0,98.0
0834.133,-515.9222222222222,-102.34615384615384,104.4375,69.0,98.0
0834.166,-545.5,-104.6,102.0,69.0,98.0
0834.197,-576.7666666666667,-103.89166666666665,101.4375,69.0,98.0
0834.228,-606.8,-103.04615384615386,101.0,69.0,98.0
0834.260,-631.3,-103.03846153846155,101.0,69.0,98.0
0834.305,-646.1692307692308,-103.6,99.6875,69.0,98.0
0834.339,-648.8307692307692,-105.0,97.5625,69.0,98.0
0834.372,-645.8,-104.1,96.0,69.0,98.0
0834.407,-640.525,-104.96666666666667,95.0,69.0,98.0
0834.424,-636.5,-104.41666666666666,94.25,69.0,98.0
0834.464,-621.9333333333334,-101.28333333333333,94.0,69.0,98.00000000000001
0834.496,-601.85,-99.36666666666666,94.0,69.0,97.99999999999999
0834.530,-578.3375,-95.86666666666666,94.0,69.0,98.0
0834.562,-550.4666666666667,-92.56923076923077,94.0,69.0,97.99999999999999
0834.593,-521.425,-84.7,94.0,69.0,98.0
0834.639,-455.35,-73.3,93.8235294117647,69.0,98.0
0834.673,-393.75,-67.55,93.0,69.0,98.0
0834.700,-340.0769230769231,-63.64444444444446,93.0,69.0,98.0
0834.731,-272.80833333333334,-56.324999999999996,93.0,69.0,98.0
0834.763,-215.55,-49.99166666666667,94.875,69.0,98.0
0834.796,-163.1,-43.358333333333334,99.8125,69.0,98.0
0834.829,-113.65,-39.108333333333334,110.0,69.0,98.0
0834.863,-66.08461538461539,-33.43846153846154,114.0,69.0,98.0
0834.896,-21.3,-27.174999999999997,112.625,69.0,98.00000000000001
0834.928,17.925,-23.78333333333333,109.625,69.0,98.0
0834.962,64.92307692307692,-20.8,105.6875,69.0,98.0
0834.993,105.20000000000002,-17.784615384615385,103.75,69.0,98.0
0835.032,148.23076923076925,-13.099999999999998,101.3125,69.0,98.0
0835.066,176.03333333333333,-7.2333333333333325,101.0,69.0,98.0
0835.099,196.65384615384613,-3.9000000000000004,101.0,69.0,98.0
0835.132,215.47692307692307,-1.3499999999999999,100.0,69.0,98.0
0835.166,223.3,-1.4333333333333333,98.875,69.0,98.0
0835.198,222.41538461538462,0.8,96.875,69.0,98.0
0835.231,221.3230769230769,0.10769230769230771,95.0,69.0,98.0
0835.264,214.2,0.8416666666666668,94.0,69.0,98.0
0835.297,210.1,0.0,94.0,69.0,98.0
0835.328,202.55,0.4666666666666667,94.0,69.0,98.0
0835.361,195.56923076923076,1.0307692307692307,94.0,69.0,98.0
0835.401,186.25384615384615,1.1076923076923078,93.1875,69.0,98.0
0835.432,168.43333333333334,1.9000000000000001,93.0,69.0,98.0
0835.464,146.825,0.7250000000000001,93.0,68.96428571428572,98.0
0835.496,116.86666666666667,-0.8333333333333334,93.0,68.86904761904762,98.0
0835.527,84.00769230769232,-6.1,92.0,68.77678571428571,98.0
0835.571,39.1,-17.78333333333333,92.0,68.64583333333333,98.0
0835.597,0.008333333333333748,-23.766666666666666,93.0625,68.56845238095238,98.0
0835.629,-56.03333333333333,-31.533333333333335,96.1875,68.47321428571428,98.0
0835.662,-122.16153846153847,-38.86666666666667,102.5,68.375,98.0
0835.695,-195.175,-45.1,112.375,68.27678571428572,98.0
0835.727,-254.2,-48.75,114.0,68.18154761904762,98.0
0835.760,-310.5,-54.775,111.5,68.08333333333333,98.0
0835.805,-371.9,-60.74166666666666,107.9375,68.0,97.99999999999999
0835.831,-407.73846153846154,-64.93076923076924,106.3125,68.0,98.0
0835.863,-450.29999999999995,-66.5,104.3125,68.0,98.0
0835.895,-486.9333333333334,-69.97500000000001,103.0,68.0,98.0
0835.928,-513.8,-75.61111111111111,102.0,68.0,98.0
0835.962,-522.2230769230769,-82.6923076923077,102.0,68.0,98.0
0835.997,-523.4333333333334,-85.875,100.9375,68.0,98.0
0836.029,-515.9916666666667,-85.32307692307691,99.9375,68.0,98.0
0836.063,-506.0333333333333,-83.46923076923078,98.0,68.0,98.0
0836.095,-491.35555555555555,-80.3153846153846,96.0,68.0,98.0
0836.139,-468.0153846153846,-76.78461538461538,95.0625,68.0,98.0
0836.164,-452.8875,-75.025,95.0,68.0,98.0
0836.197,-437.6875,-72.07499999999999,95.0,68.0,98.0
0836.230,-426.2923076923077,-70.63333333333334,95.0,68.0,98.0
0836.261,-414.54999999999995,-66.6076923076923,95.0,68.0,98.0
0836.293,-406.6583333333333,-66.1,94.0,68.0,98.0
0836.340,-375.05,-61.833333333333336,94.0,68.0,98.0
0836.359,-359.61538461538464,-58.9,94.0,68.0,98.0
0836.406,-295.03749999999997,-51.53333333333333,94.0,68.0,98.0
0836.425,-269.5,-48.56923076923077,94.0,68.0,98.0
0836.468,-216.8,-40.84166666666667,98.125,68.02678571428572,98.0
0836.506,-184.85000000000002,-34.16666666666667,108.8125,68.13988095238096,98.0
0836.524,-173.52307692307693,-32.13333333333333,111.125,68.19345238095238,98.0
0836.567,-153.82307692307694,-24.9,112.25,68.32142857142857,98.0
0836.598,-141.14999999999998,-23.924999999999997,109.625,68.41369047619047,98.0
0836.630,-124.58333333333334,-21.65,107.3125,68.50892857142857,98.0
0836.663,-115.73333333333335,-19.966666666666665,104.25,68.60714285714286,98.0
0836.696,-106.07692307692307,-19.784615384615385,103.1875,68.70535714285714,98.0
0836.727,-103.425,-16.76666666666667,102.0,68.79761904761905,98.0
0836.767,-98.05,-16.125,102.0,68.91666666666667,98.0
0836.801,-100.4375,-14.1,101.0,69.0,98.0
0836.834,-100.3875,-13.0,100.0,69.0,98.0
0836.867,-105.4,-11.423076923076925,98.5,69.0,98.0
0836.898,-107.13333333333334,-8.783333333333333,97.0,69.0,98.0
0836.930,-110.10000000000001,-8.274999999999999,96.0,69.0,98.0
0836.964,-103.6,-6.577777777777778,95.4375,69.0,98.0
0836.996,-90.1846153846154,-6.441666666666666,95.0,69.0,98.0
0837.031,-70.65384615384616,-4.25,95.0,69.0,98.0
0837.064,-45.099999999999994,0.07499999999999984,95.0,69.0,98.0
0837.097,-19.75,3.823076923076923,95.0,69.0,98.0
0837.130,9.7,7.083333333333333,95.0,69.0,98.0
0837.164,40.05833333333334,8.216666666666667,95.0,69.0,98.0
0837.199,78.32499999999999,9.6,94.0,69.0,98.00000000000001
0837.232,122.525,11.1,94.0,69.0,98.0
0837.265,160.7,20.5,95.3125,69.0,98.0
0837.297,190.925,36.7,100.9375,69.0,98.0
0837.330,203.0375,51.8,108.125,69.0,98.0
0837.363,211.1583333333333,65.1,114.4375,69.0,98.0
0837.395,208.6153846153846,63.66666666666667,114.5625,69.0,98.0
0837.428,203.77499999999998,60.5,112.5,69.0,98.0
0837.461,198.01666666666665,56.63333333333334,109.4375,69.0,98.0
0837.494,195.97499999999997,52.8,107.375,69.0,98.0
0837.526,193.44545454545454,51.53333333333333,104.33333333333334,69.0,98.0
0837.568,180.98333333333335,49.8375,103.0,69.0,98.0
0837.601,170.0,48.3,102.0,69.0,98.0
0837.640,157.56666666666666,45.391666666666666,101.1875,69.0,98.0
0837.673,149.35384615384615,42.90769230769231,100.13333333333334,69.0,98.0
0837.697,144.6,42.925,98.0,69.0,98.0
0837.728,134.07500000000002,39.016666666666666,96.6875,69.0,98.0
0837.760,126.96666666666667,39.3,95.0,69.0,98.0
0837.793,112.875,35.30769230769231,95.0,69.0,98.0
0837.827,102.325,32.550000000000004,95.0,69.0,98.0
0837.873,97.1,28.1,94.0,69.0,98.0
0837.906,105.7,27.400000000000002,94.0,69.0,98.0
0837.939,111.9,28.675000000000004,93.0,69.0,98.0
0837.972,126.52307692307693,30.9,93.0,69.0,98.0
0837.999,140.89999999999998,31.799999999999997,93.0,69.0,98.0
0838.031,177.5,32.875,92.75,69.0,98.0
0838.063,221.4230769230769,34.292307692307695,92.0,69.0,98.0
0838.096,256.6166666666667,36.30769230769231,93.3125,69.0,98.0
0838.129,283.6666666666667,42.791666666666664,95.75,69.01785714285714,98.0
0838.162,287.0,49.95833333333333,105.3125,69.11607142857142,98.0
0838.195,280.0,57.761538461538464,111.0,69.21428571428572,98.00000000000001
0838.228,268.375,62.599999999999994,114.0,69.3125,98.0
0838.273,253.85,67.55000000000001,111.625,69.44642857142857,98.0
0838.306,255.375,67.85,109.5625,69.54464285714286,98.0
0838.338,257.7166666666667,68.05833333333332,107.5625,69.63988095238095,98.0
0838.366,260.125,66.14999999999999,105.8125,69.72321428571429,98.0
0838.399,259.225,66.975,103.0,69.82142857142857,98.0
0838.433,254.6375,66.13333333333333,102.0,69.92261904761905,98.0
0838.465,258.27500000000003,66.275,102.0,70.0,98.0
0838.499,255.1625,66.09230769230768,100.53333333333333,70.0,98.0
0838.532,249.36666666666667,62.78333333333334,99.4375,70.0,98.0
0838.566,227.35,61.3,97.3125,70.0,98.0
0838.599,197.67499999999998,59.3,96.25,70.0,98.0
0838.632,167.89230769230767,57.9,96.0,70.0,98.0
0838.666,149.07692307692307,59.29230769230769,95.0,70.0,98.0
0838.698,145.08333333333334,62.349999999999994,95.0,70.0,98.0
0838.730,146.2,66.1,95.0,70.0,98.0
0838.763,138.53076923076924,82.5,95.0,70.0,98.0
0838.796,127.875,105.22307692307692,94.9375,70.0,98.0
0838.828,118.5125,128.5,94.0,70.0,98.0
0838.861,125.74285714285713,145.5,93.0,70.0,98.0
0838.895,150.575,135.22307692307692,93.0,70.0,98.0
0838.929,175.46153846153845,132.76923076923077,93.0,70.0,98.0
0838.960,196.45,134.73333333333335,95.625,70.0,98.0
0839.000,211.7,141.025,101.4375,70.0,98.0
0839.032,218.64166666666668,143.93333333333334,108.4375,70.0,98.0
0839.063,221.6846153846154,141.9,112.75,70.0,98.0
0839.094,218.83333333333331,140.94166666666666,113.0,70.0,98.0
0839.127,215.16666666666669,135.90833333333333,110.25,70.0,98.0
0839.161,206.3,131.87692307692308,109.125,70.0,98.00000000000001
0839.195,204.60833333333332,124.3923076923077,107.0,70.0,97.99999999999999
0839.227,202.95,119.73333333333333,105.0,70.0,98.0
0839.260,207.53846153846155,115.5,103.0,70.0,98.0
0839.307,223.3,113.82500000000002,102.0,70.0,98.0
0839.339,243.25384615384615,111.63076923076923,101.0,70.0,98.0
0839.371,261.4416666666666,108.49230769230769,99.0,70.0,98.0
0839.397,266.33333333333337,104.4875,98.375,70.0,98.0
0839.429,267.5615384615384,102.35000000000001,97.0,70.0,98.0
0839.463,252.53333333333336,101.66923076923077,96.0,70.0,98.0
0839.497,230.20000000000002,101.19166666666666,95.125,70.0,98.00000000000001
0839.528,204.0,98.32499999999999,95.0,70.0,98.0
0839.560,172.83076923076922,91.98333333333335,95.0,70.0,98.0
0839.606,124.0,78.44999999999999,94.0,70.0,98.0
0839.632,93.01666666666665,67.525,94.0,70.0,98.0
0839.664,43.48333333333333,52.53333333333333,94.0,70.0,98.0
0839.697,-12.033333333333333,37.150000000000006,93.625,70.0,98.0
0839.730,-62.62307692307692,19.85,93.0,70.0,98.0
0839.761,-91.975,0.8624999999999998,92.0,70.0,98.0
0839.793,-121.52499999999999,-18.725,92.0,70.0,98.0
0839.839,-158.36666666666667,-52.5,94.5,70.0,97.99999999999999
0839.873,-201.16666666666666,-68.65,99.3125,70.0,98.0
0839.905,-241.13333333333333,-85.1,105.75,70.0,98.0
0839.931,-277.575,-94.375,112.0,70.0,98.0
0839.962,-318.4,-102.29166666666667,112.0,70.0,98.0
0839.996,-349.0875,-106.16666666666666,109.875,70.0,98.0
0840.030,-365.2888888888889,-102.6,108.0,70.0,98.0
0840.061,-355.3333333333333,-96.46666666666667,106.8125,70.0,98.0
0840.094,-333.7166666666667,-89.06666666666666,103.76470588235294,70.0,98.0
0840.127,-304.4583333333333,-79.05,102.0,70.00000000000001,98.0
0840.172,-274.825,-59.03333333333333,101.0,70.0,98.0
0840.197,-259.90769230769234,-49.261538461538464,101.0,70.0,98.0
0840.229,-242.2,-36.83846153846154,100.0,70.0,98.0
0840.261,-224.16666666666669,-27.833333333333336,98.0,70.0,98.0
0840.292,-207.75,-21.525,96.4375,70.0,98.0
0840.333,-189.63333333333333,-12.8375,95.0,70.0,98.0
0840.365,-165.9769230769231,-6.1,95.0,70.0,98.0
0840.398,-136.2846153846154,-0.5538461538461539,95.0,70.0,98.0
0840.430,-106.79166666666666,4.2,94.75,70.0,98.0
0840.462,-81.9,6.241666666666666,94.8,70.0,98.0
0840.494,-66.2,9.284615384615385,94.0,70.0,98.0
0840.540,-58.7,13.5,93.875,70.0,98.0
0840.572,-58.4,16.483333333333334,93.0,70.0,98.0
0840.597,-50.27777777777778,17.276923076923076,93.0,70.0,98.0
0840.627,-39.56666666666666,20.85,93.0,70.0,98.0
0840.660,-14.625,23.9,92.0,70.0,98.0
0840.700,10.8,26.325,92.0625,70.0,98.0
0840.730,29.53076923076923,28.6,95.875,70.0,98.0
0840.761,49.8,27.241666666666664,101.625,70.0,98.0
0840.793,62.14166666666667,28.566666666666666,107.625,70.0,98.0
0840.833,77.4,28.199999999999996,111.0,70.0,97.99999999999999
0840.865,77.58333333333333,29.3,109.625,70.0,98.0
0840.898,78.59230769230768,27.223076923076924,106.5625,70.0,98.0
0840.931,80.35,25.516666666666666,105.5,70.0,98.0
0840.964,88.5,24.275,103.4375,70.0,98.0
0840.998,91.39166666666665,24.45,101.3125,70.0,98.0
0841.029,90.3076923076923,24.56153846153846,101.0,70.0,98.0
0841.061,84.425,24.23846153846154,100.375,70.0,98.0
0841.106,77.41666666666666,26.546153846153846,99.5625,70.0,98.0
0841.130,72.80000000000001,27.533333333333335,98.0625,70.0,98.0
0841.162,64.45555555555556,27.849999999999998,96.0625,70.0,98.0
0841.195,53.53333333333334,26.066666666666666,96.0,70.0,98.0
0841.226,45.21666666666667,28.0,95.0,70.0,98.0
0841.271,32.225,27.9,95.0,70.0,98.0
0841.296,23.115384615384613,28.066666666666666,95.0,70.0,98.0
0841.327,18.284615384615385,26.93846153846154,95.0,70.0,98.0
0841.371,14.061538461538463,23.7,94.0,70.0,98.0
0841.395,15.791666666666668,22.3,94.0,70.0,98.0
0841.427,8.600000000000001,20.516666666666666,94.0,70.0,98.0
0841.460,3.6692307692307695,19.946153846153848,94.0,70.0,98.0
0841.494,-3.1666666666666665,21.541666666666664,93.25,70.0,98.0
0841.539,8.666666666666666,21.666666666666664,93.0,70.0,97.99999999999999
0841.567,19.900000000000002,21.916666666666668,93.0,70.0,98.0
0841.598,35.20833333333333,24.1,94.0,70.0,98.0
0841.629,45.3,27.3375,98.375,70.0,98.0
0841.661,53.237500000000004,27.775000000000002,104.5625,70.0,98.0
0841.699,69.63333333333334,27.775000000000002,113.125,70.0,98.0
0841.730,81.83846153846153,26.525,114.0,70.0,98.0
0841.763,96.11538461538461,27.676923076923075,112.4375,70.0,98.0
0841.795,104.46666666666667,31.05,109.4375,70.0,98.0
0841.826,114.03333333333333,31.708333333333336,107.5,70.0,98.0
0841.866,114.0,33.7,105.0,70.0,97.99999999999999
0841.898,126.47692307692307,35.746153846153845,103.0,70.0,98.0
0841.931,138.575,39.35,103.0,70.0,98.0
0841.964,160.3,44.01666666666667,102.0,70.0,98.0
0841.996,176.33333333333337,71.71666666666665,101.0,70.0,98.0
0842.030,186.14615384615385,127.88333333333333,98.75,70.0,98.0
0842.063,187.23333333333335,176.95384615384614,97.6875,70.0,98.0
0842.097,185.72307692307695,215.8,96.0,70.0,98.0
0842.131,184.10000000000002,199.0375,96.0,70.0,98.0
0842.163,183.13333333333335,190.2,95.0,70.0,98.0
0842.194,183.04615384615383,181.34166666666667,95.0,70.0,98.00000000000001
0842.239,195.32307692307694,173.50833333333333,95.0,70.0,98.0
0842.264,205.6,167.45,94.125,70.0,98.0
0842.297,217.39999999999998,160.77499999999998,94.0,70.0,98.0
0842.330,220.93333333333334,155.575,94.0,70.0,98.0
0842.364,217.13076923076923,151.97692307692307,93.0,70.0,98.0
0842.398,208.85833333333335,152.8,93.0,70.0,98.0
0842.430,211.95,149.875,93.0,70.0,98.0
0842.461,220.86666666666667,150.03333333333333,92.8125,69.99107142857143,98.0
0842.492,237.27692307692305,152.66923076923078,93.0,69.89880952380953,98.00000000000001
0842.532,262.8357142857143,214.24444444444444,95.375,69.7797619047619,98.0
0842.562,274.475,256.82500000000005,99.5,69.69047619047619,98.0
0842.593,276.25384615384615,295.9,108.3125,69.59821428571429,98.0
0842.634,269.0230769230769,299.4384615384615,111.0,69.47619047619048,98.0
0842.672,259.82307692307694,288.81111111111113,108.625,69.36309523809524,98.0
0842.696,252.07500000000002,280.6333333333333,107.125,69.29166666666666,98.0
0842.727,248.0,269.875,105.1875,69.19940476190476,98.0
0842.760,241.81538461538463,258.6461538461539,103.125,69.10119047619048,98.0
0842.801,229.29999999999998,250.55384615384617,101.0,69.0,98.0
0842.832,220.16666666666669,243.56666666666666,100.0,69.0,97.99999999999999
0842.863,208.225,236.66666666666669,100.0,69.0,98.0
0842.893,207.56923076923078,227.61249999999998,98.8125,69.0,98.0
0842.932,199.97777777777776,210.93333333333334,97.375,69.0,98.0
0842.964,186.6,201.76250000000002,96.375,69.0,98.0
0843.005,142.60000000000002,184.49166666666667,94.8125,69.0,98.0
0843.032,99.36666666666667,166.29166666666666,94.0,69.0,98.0
0843.063,36.0,139.67692307692306,94.0,69.0,98.0
0843.093,-39.03333333333333,104.86666666666667,94.0,69.0,98.0
0843.133,-113.63333333333333,53.800000000000004,94.0,68.99999999999999,98.0
0843.166,-177.20833333333331,5.8,94.0,69.0,98.0
0843.200,-228.35000000000002,-48.03333333333333,94.0,69.0,98.0
0843.233,-285.8769230769231,-102.75833333333333,93.0,69.0,98.0
0843.266,-349.275,-154.01538461538462,93.0,69.0,98.0
0843.298,-414.00000000000006,-198.95,93.0,69.0,98.0
0843.328,-471.79230769230765,-229.34444444444443,93.0,69.0,98.0
0843.359,-527.25,-259.02222222222224,93.0,69.0,98.0
0843.399,-585.3166666666666,-285.2230769230769,93.0,69.0,98.0
0843.430,-628.575,-302.2166666666667,95.5,69.0,98.0
0843.462,-678.4333333333334,-310.5,104.0,69.0,98.0
0843.493,-709.9,-311.83333333333337,110.11764705882354,69.0,98.0
0843.533,-738.8846153846155,-310.95000000000005,112.80000000000001,69.0,98.0
0843.564,-747.95,-310.7923076923077,110.8125,69.0,98.0
0843.596,-758.8833333333332,-312.0,108.8125,69.0,98.0
0843.628,-764.4666666666667,-310.325,105.8125,69.0,98.0
0843.660,-771.9923076923076,-306.7923076923077,103.8125,69.0,98.0
0843.705,-782.5230769230769,-296.60769230769233,102.0,69.0,98.0
0843.730,-787.5333333333333,-291.025,101.0,69.0,98.0
0843.761,-786.7249999999999,-283.31666666666666,102.0,69.0,98.0
0843.799,-776.1666666666667,-275.1,101.0,69.0,98.0
0843.832,-763.8,-266.0923076923077,99.0625,69.0,98.0
0843.865,-742.6,-258.075,97.0,69.0,97.99999999999999
0843.897,-722.425,-248.55,96.0,69.0,98.0
0843.928,-695.2461538461539,-237.5666666666667,96.0,69.0,98.0
0843.968,-645.5,-225.3125,95.0,69.0,98.0
0844.001,-591.325,-214.7,95.0,69.0,98.0
0844.034,-539.3583333333333,-207.03333333333333,95.0,69.0,98.0
0844.067,-489.44166666666666,-197.20000000000002,95.0,69.0,98.0
0844.099,-448.6,-187.4,95.0,69.0,98.0
0844.131,-403.7,-174.48461538461538,95.0,69.0,98.0
0844.162,-357.475,-163.84999999999997,94.4375,69.0,98.0
0844.193,-287.5,-151.54999999999998,94.0,69.0,98.00000000000001
0844.235,-180.45833333333331,-138.2,94.0,69.0,98.0
0844.267,-96.86666666666667,-132.09166666666667,97.25,69.0,98.0
0844.300,-30.692307692307693,-125.08461538461539,102.5625,69.0,98.0
0844.332,19.166666666666668,-118.35,111.1875,69.0,98.0
0844.365,50.0,-110.4875,113.0,69.0,98.0
0844.398,70.5,-103.5,111.6875,69.0,98.0
0844.432,89.91111111111113,-96.4,107.5625,69.0,98.0
0844.463,101.5,-93.83333333333333,105.625,69.0,98.0
0844.495,102.225,-86.0,102.625,69.0,97.99999999999999
0844.527,93.57692307692308,-81.19999999999999,101.0,69.0,98.0
0844.572,75.03076923076922,-69.2,101.0,69.0,98.0
0844.598,63.8,-64.88461538461539,100.1875,69.0,98.0
0844.629,55.01666666666667,-59.400000000000006,100.0,69.0,98.0
0844.661,49.40833333333333,-57.4,98.25,69.0,98.0
0844.700,44.83846153846154,-55.78333333333333,96.0,69.0,98.0
0844.732,46.207692307692305,-52.85,95.1875,69.0,98.0
0844.764,54.85,-40.830769230769235,96.1875,69.0,98.0
0844.797,81.8,-14.475,98.0,69.0,98.00000000000001
0844.828,112.47692307692309,21.775,99.0,69.0,98.0
0844.860,139.8615384615385,51.9,98.8125,69.0,98.00000000000001
0844.900,140.39166666666668,74.62222222222222,96.33333333333333,69.0,98.0
0844.930,119.25,67.04166666666667,93.4375,69.0,98.0
0844.960,93.1375,61.43333333333334,92.5625,69.0,98.0
0845.005,89.43333333333332,77.06666666666666,92.25,69.0,98.0
0845.031,112.13846153846154,94.97692307692309,93.0,69.0,98.0
0845.065,162.46666666666664,119.225,96.0,69.0,98.0
0845.096,216.05,135.6,97.9375,69.0,98.0
0845.127,258.63076923076926,137.74615384615385,100.75,69.0,98.0
0845.167,297.04615384615386,138.33076923076922,110.125,68.88125,98.0
0845.198,315.3,134.4,113.0,68.78437500000001,98.0
0845.230,325.775,132.63333333333333,110.375,68.68437499999999,98.0
0845.263,325.5,130.8,106.25,68.58125000000001,98.0
0845.295,312.8538461538462,129.42307692307693,101.625,68.48125,98.0
0845.328,285.9375,125.0,100.0,68.378125,98.0
0845.359,254.125,118.06666666666668,98.625,68.28125,98.0
0845.399,242.1,108.09166666666665,98.875,68.15625,98.0
0845.430,262.78461538461534,105.60000000000001,99.8125,68.059375,98.0
0845.462,318.6,104.26666666666667,103.8125,68.0,98.00000000000001
0845.493,364.35,99.05000000000001,104.75,68.0,98.0
0845.533,364.2416666666667,88.36666666666667,101.5,68.0,98.0
0845.564,323.4846153846154,76.8,97.625,68.0,98.0
0845.596,248.56153846153848,64.21538461538461,94.625,68.0,98.0
0845.627,152.1,54.84615384615384,90.875,68.0,98.0
0845.668,62.36666666666666,45.6,91.0,68.0,98.0
0845.698,36.050000000000004,46.1125,94.5625,68.0,98.0
0845.731,46.0,50.75,97.625,68.0,98.0
0845.762,68.15384615384616,59.07777777777778,99.5625,68.0,98.0
0845.795,80.89999999999999,65.55,99.375,68.0,98.0
0845.826,79.12500000000001,64.45,97.82352941176471,68.0,98.0
0845.865,64.325,57.900000000000006,93.0,68.0,98.0
0845.897,49.03076923076924,51.06153846153846,90.9375,68.0,98.0
0845.928,31.525000000000002,44.62307692307692,89.05882352941177,68.0,98.0
0845.959,23.400000000000002,40.96666666666667,92.875,68.0,98.0
0845.999,21.5,33.5,102.75,68.0,98.0
0846.032,21.388888888888886,25.384615384615387,113.0,68.0,98.0
0846.065,7.0875,10.076923076923077,115.0,68.0,98.0
0846.096,-24.733333333333334,-10.566666666666666,112.0,68.0,98.0
0846.127,-66.95,-34.0,109.125,68.0,98.0
0846.167,-169.6,-68.7,105.125,68.0,98.0
0846.198,-250.6769230769231,-99.40833333333333,100.125,68.0,98.0
0846.230,-363.4,-135.2923076923077,97.125,68.0,98.00000000000001
0846.263,-462.85,-162.7,96.0,68.0,98.0
0846.295,-529.1333333333332,-185.16666666666666,96.0,68.0,98.0
0846.327,-580.0461538461539,-197.37142857142857,97.0,68.0,98.0
0846.360,-614.5,-202.53333333333336,98.0,68.0,98.0
0846.394,-643.4615384615383,-204.1,98.0,68.0,98.0
0846.433,-667.9,-205.575,97.0,68.0,98.0
0846.466,-681.1666666666667,-204.3,96.0,68.0,98.0
0846.498,-685.5875,-198.78333333333333,95.0,68.0,98.0
0846.532,-678.7,-184.56153846153845,94.0,68.0,98.0
0846.564,-658.9,-170.0,94.0,68.0,98.0
0846.596,-624.6384615384616,-154.54166666666669,95.0,68.0,98.0
0846.629,-571.5636363636363,-142.8083333333333,95.0,68.0,98.0
0846.662,-506.5916666666667,-132.97692307692307,96.8125,68.0,98.0
0846.695,-445.375,-121.91666666666669,97.0,68.0,98.0
0846.726,-394.0833333333333,-114.66666666666666,97.0,68.0,98.0
0846.765,-348.5076923076923,-103.67500000000001,102.75,68.0,98.0
0846.797,-308.59166666666664,-97.4,108.75,68.006106870229,98.0
0846.829,-280.6166666666666,-88.5125,114.0,68.05496183206107,97.99999999999999
0846.861,-261.875,-82.2,112.75,68.10381679389313,98.0
0846.893,-238.26923076923077,-78.02307692307691,108.75,68.1526717557252,98.0
0846.934,-202.20769230769233,-73.675,106.1875,68.21526717557252,98.0
0846.965,-159.22500000000002,-70.6076923076923,104.25,68.26259541984733,98.0
0846.997,-127.23333333333333,-65.0,102.0,68.31145038167939,98.0
0847.030,-106.35,-60.30833333333334,102.0,68.3618320610687,98.0
0847.062,-88.6076923076923,-55.43333333333334,102.0,68.41068702290076,98.0
0847.093,-74.66666666666666,-51.246153846153845,101.25,68.45801526717557,98.0
0847.138,-59.9,-48.25384615384615,99.0,68.52671755725191,98.0
0847.167,-51.25,-46.449999999999996,97.625,68.57099236641221,98.0
0847.200,-44.95,-44.25000000000001,96.5625,68.62137404580153,98.0
0847.233,-37.73076923076923,-39.75833333333333,96.0,68.67175572519085,98.0
0847.272,-30.7,-37.199999999999996,96.0,68.73129770992367,98.0
0847.298,-27.858333333333334,-35.266666666666666,95.0,68.77099236641222,98.0
0847.331,-27.56666666666667,-32.675,95.0,68.82137404580152,98.0
0847.365,-34.849999999999994,-29.875,95.0,68.87328244274809,98.0
0847.397,-33.30833333333334,-27.200000000000003,94.1875,68.92213740458016,98.0
0847.430,-21.784615384615385,-26.56666666666667,94.0,68.97251908396947,98.0
0847.462,2.083333333333333,-24.876923076923077,93.0,69.04154302670624,98.0
0847.494,32.833333333333336,-23.858333333333334,93.0,69.13649851632047,98.0
0847.527,50.60000000000001,-22.275,96.875,69.23442136498517,98.0
0847.560,56.800000000000004,-20.7,107.0,69.33234421364986,98.0
0847.602,47.43333333333334,-18.733333333333334,112.5625,69.45697329376854,98.0
0847.634,34.6,-16.975,112.4375,69.55192878338279,98.0
0847.665,20.474999999999998,-16.43076923076923,109.5,69.64391691394658,98.0
0847.698,12.025,-17.733333333333334,106.4375,69.74183976261128,98.0
0847.730,10.85,-18.674999999999997,104.4375,69.83679525222553,98.0
0847.761,5.5,-21.791666666666664,102.5,69.92878338278932,98.0
0847.800,1.6833333333333333,-22.0625,100.0,70.0,98.0
0847.831,-4.699999999999999,-20.453846153846154,100.0,70.0,98.0
0847.863,-7.6,-19.158333333333335,99.0,70.0,98.0
0847.894,-13.2,-17.25,98.125,70.0,98.0
0847.938,-27.525,-16.566666666666666,96.0,70.0,98.0
0847.965,-36.6,-18.416666666666668,95.0,70.0,98.0
0847.998,-38.9,-18.869230769230768,94.0,70.0,98.0
0848.029,-34.63333333333333,-23.849999999999998,93.0,70.0,98.0
0848.062,-36.96923076923077,-27.983333333333334,93.0,70.0,98.0
0848.095,-57.36666666666667,-32.83846153846154,93.0,70.0,98.0
0848.127,-102.35000000000001,-41.15,93.0,69.99999999999999,98.0
0848.167,-164.45,-50.47777777777778,93.0,70.0,98.0
0848.200,-207.09999999999997,-58.93333333333334,93.0,70.0,98.0
0848.232,-227.5,-63.85,93.0,70.0,98.0
0848.264,-232.43076923076924,-68.31666666666666,93.0,70.0,98.0
0848.296,-235.875,-69.98333333333332,95.875,70.0,98.0
0848.328,-240.48333333333332,-71.76153846153846,101.75,70.0,98.0
0848.361,-249.73333333333332,-72.05833333333332,111.0,70.0,98.0
0848.394,-259.1,-71.075,113.0,70.0,98.0
0848.439,-263.7153846153846,-67.11250000000001,109.125,70.0,98.0
0848.463,-262.8666666666667,-64.28461538461539,107.625,70.0,98.0
0848.494,-260.8,-60.525,104.6470588235294,70.0,97.99999999999999
0848.540,-263.04166666666663,-54.13333333333334,102.75,70.0,98.0
0848.572,-266.9,-48.425000000000004,101.0,70.0,98.0
0848.596,-267.3384615384615,-45.50000000000001,101.0,70.0,98.0
0848.628,-264.40000000000003,-44.70000000000001,101.0,70.0,98.0
0848.661,-258.5230769230769,-44.0,100.1875,70.0,98.0
0848.694,-253.5,-42.3,98.125,70.0,98.0
0848.734,-255.375,-39.15,96.0,70.0,98.0
0848.766,-259.825,-37.824999999999996,95.0,70.0,98.0
0848.800,-265.79999999999995,-37.416666666666664,94.5,70.0,97.99999999999999
0848.833,-264.0,-35.69230769230769,94.0,70.0,98.0
0848.866,-256.9,-33.1,94.0,70.0,98.0
0848.899,-241.86666666666667,-28.925,94.0,70.0,98.0
0848.930,-221.37692307692305,-24.775000000000002,94.0,70.0,98.0
0848.961,-192.60769230769233,-21.169230769230772,94.0,70.0,98.0
0849.001,-131.8,-18.176923076923075,94.0,70.0,98.0
0849.033,-75.06666666666666,-15.876923076923077,93.0,70.0,98.0
0849.065,-24.853846153846153,-11.015384615384615,94.0625,70.0,98.0
0849.098,12.0,-5.908333333333332,97.375,70.0,98.0
0849.131,36.32307692307692,-0.15000000000000024,107.5625,70.01875,98.0
0849.163,46.6,1.3615384615384616,113.1875,70.21875,98.0
0849.197,41.4125,2.0,114.0,70.43125,98.0
0849.230,24.5375,0.9833333333333334,110.25,70.6375,98.0
0849.262,15.176923076923075,0.15000000000000013,107.625,70.8375,98.0
0849.293,22.09166666666667,-1.4846153846153847,104.6875,71.03125,98.0
0849.334,60.58333333333333,-1.4923076923076923,103.125,71.2875,98.0
0849.367,90.65,0.7076923076923077,102.0,71.49375,98.0
0849.398,114.23076923076924,6.016666666666667,101.0,71.6875,98.0
0849.430,126.525,11.075,101.0,71.8875,98.0
0849.463,133.78333333333333,15.674999999999999,99.0625,72.0,98.0
0849.495,134.73333333333332,18.974999999999998,98.0,72.0,98.0
0849.527,143.1,22.9,96.0625,72.0,98.0
0849.573,149.35000000000002,29.21666666666667,94.1875,72.0,98.0
0849.608,150.2,32.125,94.0,72.0,98.0
0849.626,148.75,34.525,94.0,72.0,98.0
0849.673,145.6,40.16666666666667,93.0,72.0,98.0
0849.699,158.95,47.76666666666667,93.0,72.0,98.0
0849.730,161.33846153846153,73.08333333333334,93.0,72.0,98.0
0849.762,163.3,95.00769230769231,93.0,72.0,98.0
0849.795,162.125,114.73076923076923,93.0,72.03273809523809,98.0
0849.828,163.6923076923077,111.7,93.0,72.13095238095238,98.0
0849.861,163.5,104.71666666666667,93.0,72.22916666666666,98.0
0849.894,184.3,99.73846153846154,93.0,72.32738095238096,98.0
0849.927,203.1,99.575,93.0,72.42559523809524,98.0
0849.961,221.06666666666666,101.1,94.125,72.52678571428572,98.0
0850.002,224.9230769230769,102.5,100.5,72.64880952380952,98.0
0850.039,226.225,101.26666666666668,112.8125,72.75892857142858,98.0
0850.071,231.67777777777775,100.27499999999999,115.9375,72.85416666666667,98.0
0850.096,235.09166666666664,102.63333333333335,113.5,72.92857142857143,98.0
0850.128,231.3,107.39999999999999,110.5,73.0,98.0
0850.160,233.00000000000003,111.78333333333333,107.5,73.0,98.0
0850.199,239.76666666666668,111.85384615384615,105.0625,73.0,98.0
0850.231,253.52500000000003,107.11538461538461,104.0,73.0,98.0
0850.262,263.0,102.30000000000001,103.0,73.0,98.0
0850.293,271.91249999999997,99.56666666666666,103.0,73.0,98.0
0850.339,273.6,95.94999999999999,102.0,73.0,98.0
0850.372,272.6307692307692,92.26666666666665,100.25,73.0,98.0
0850.397,271.0125,91.22500000000001,99.6875,73.0,98.0
0850.430,266.0416666666667,91.45,97.625,73.0,98.0
0850.461,264.33846153846156,91.83333333333334,96.66666666666666,73.0,98.0
0850.493,259.8833333333333,102.2076923076923,96.0,73.0,98.0
0850.533,272.2,149.87500000000003,95.125,73.0,98.0
0850.566,278.2,183.87499999999997,95.96875,73.0,98.0
0850.598,287.2076923076923,211.16666666666666,95.0,73.0,98.0
0850.630,284.2416666666666,199.35384615384615,95.0,73.0,98.0
0850.664,282.2,190.33846153846156,94.9375,73.0,98.0
0850.697,281.2,183.625,94.0,73.0,98.0
0850.729,277.54615384615386,180.10000000000002,93.875,73.0,98.0
0850.762,287.2153846153846,176.225,93.0,73.0,98.0
0850.796,303.4384615384616,173.67777777777775,93.0,73.0,98.0
0850.827,328.325,172.6,93.0,73.0,98.0
0850.867,348.45,197.825,94.75,73.0,98.0
0850.898,362.26666666666665,223.55833333333337,103.75,73.0,98.0
0850.930,373.1,246.43846153846155,111.0625,73.0,98.0
0850.962,381.15,255.1,115.64705882352942,73.0,98.0
0850.994,390.7166666666667,243.42499999999998,113.625,73.0,98.0
0851.025,388.5230769230769,237.08333333333331,109.75,73.0,98.0
0851.064,372.16923076923075,227.16666666666666,103.9375,73.0,98.0
0851.096,355.78333333333336,216.7,101.9375,73.0,98.0
0851.128,331.2583333333333,204.3,100.0,73.0,98.0
0851.159,303.2307692307692,192.275,100.0,73.0,98.0
0851.200,241.98461538461538,174.65,101.0,73.0,98.0
0851.233,178.17692307692306,156.1,100.0,73.0,98.0
0851.271,87.85,123.03076923076924,99.0,73.0,98.0
0851.297,29.85,94.04166666666666,97.375,73.0,98.0
0851.331,-33.707692307692305,54.849999999999994,96.0,73.0,98.0
0851.364,-86.12307692307692,16.6,95.1875,73.0,98.0
0851.397,-138.9,-15.133333333333333,95.0,73.0,98.0
0851.429,-186.3625,-50.35000000000001,94.0,73.0,98.0
0851.460,-236.50000000000003,-77.2,94.0,73.0,98.00000000000001
0851.500,-305.6,-107.69166666666668,95.0,73.0,98.0
0851.531,-362.70000000000005,-126.21538461538461,95.0,73.0,98.0
0851.564,-419.6583333333333,-140.0,95.0,73.0,98.0
0851.597,-480.6916666666666,-154.4,94.0,73.0,98.0
0851.630,-531.4615384615385,-164.75,94.0,73.0,98.0
0851.664,-568.2384615384615,-174.89166666666665,93.0,73.0,98.0
0851.696,-591.2666666666667,-179.76923076923077,93.0,73.0,98.0
0851.727,-609.2,-180.95,93.5,73.0,98.0
0851.771,-631.1583333333333,-182.48461538461538,103.0,73.0,98.0
0851.796,-642.8076923076923,-183.5,109.25,72.96130952380953,98.00000000000001
0851.827,-656.9,-185.675,114.5,72.86904761904762,98.0
0851.872,-672.9666666666667,-191.64999999999998,112.875,72.73511904761905,98.0
0851.896,-683.0500000000001,-194.00000000000003,109.875,72.66369047619048,98.0
0851.927,-693.2666666666667,-195.33333333333334,107.0,72.57142857142857,98.0
0851.971,-706.9,-193.2625,102.25,72.44047619047619,98.0
0851.997,-713.4000000000001,-192.33846153846153,101.0,72.36309523809524,98.0
0852.030,-720.8833333333333,-191.6,101.0,72.26488095238095,98.0
0852.065,-725.7,-190.4,101.625,72.16071428571429,98.0
0852.097,-720.8384615384615,-187.95000000000002,101.375,72.06547619047619,98.0
0852.130,-705.7,-184.43846153846155,100.3125,72.0,98.0
0852.163,-693.1,-179.725,99.25,72.0,98.0
0852.194,-681.5000000000001,-175.2,97.3125,72.0,98.0
0852.227,-666.7692307692308,-170.55,96.25,72.0,98.0
0852.272,-634.0000000000001,-160.925,95.4375,72.0,98.0
0852.305,-595.5833333333333,-154.66923076923078,95.0,72.0,98.0
0852.339,-550.0,-146.26666666666665,95.0,72.0,98.0
0852.372,-500.7,-138.68750000000003,95.0,72.0,98.0
0852.407,-449.75,-130.89999999999998,95.0,72.0,98.0
0852.425,-418.4,-126.2,95.0,72.0,98.0
0852.467,-346.5444444444444,-115.97500000000001,95.0,72.0,98.0
0852.501,-263.29999999999995,-109.08461538461539,94.125,72.0,98.00000000000001
0852.538,-166.18333333333334,-99.42500000000001,94.1875,72.0,98.0
0852.572,-78.67500000000001,-90.33333333333333,96.625,72.0,98.0
0852.598,-15.0625,-81.225,103.8125,72.0,98.0
0852.628,44.925,-70.56923076923077,110.4375,72.0,98.0
0852.660,97.78333333333333,-63.2,113.8125,72.0,98.0
0852.705,150.3875,-56.2,111.375,72.0,98.0
0852.729,171.06153846153848,-54.323076923076925,108.75,72.0,98.0
0852.760,197.5,-49.18333333333333,103.9375,72.0,98.0
0852.806,220.8,-39.38461538461538,101.0625,72.0,98.0
0852.838,227.625,-33.300000000000004,100.0,72.0,98.0
0852.864,228.75000000000003,-28.725,101.0,72.0,98.0
0852.896,224.9,-24.86153846153846,101.0,72.0,98.0
0852.928,221.675,-19.916666666666668,100.4375,72.0,98.0
0852.972,215.85,-16.241666666666667,98.625,72.0,98.0
0852.997,211.64444444444445,-13.991666666666664,96.0625,72.0,98.0
0853.030,203.4,-10.092307692307692,95.0,72.0,98.0
0853.062,195.29999999999998,-8.192307692307693,95.0,72.0,98.0
0853.095,188.45,-4.725,94.0,72.0,98.0
0853.129,185.08461538461535,-3.2,94.0,72.0,98.0
0853.162,173.89999999999998,0.65,94.0,72.0,98.0
0853.195,162.96666666666667,5.653846153846154,94.0,72.0,98.0
0853.227,146.05833333333334,10.65,94.0,72.0,97.99999999999999
0853.272,137.70833333333331,13.436363636363637,94.0,72.0,98.0
0853.298,137.8,12.9125,94.0,72.0,98.0
0853.329,143.725,11.26923076923077,93.0,72.0,98.0
0853.363,151.3,9.058333333333334,93.8125,72.0,98.0
0853.395,152.03076923076924,8.8,98.4375,72.0,98.0
0853.427,150.41666666666666,7.866666666666665,105.25,72.0,98.0
0853.460,141.52499999999998,4.061538461538461,112.625,72.0,98.0
0853.505,126.34166666666667,-1.7083333333333335,113.3125,71.865625,98.0
0853.538,107.31666666666666,-8.26923076923077,110.5,71.7625,98.0
0853.566,91.46153846153845,-13.941666666666665,106.5,71.675,98.0
0853.599,66.22307692307692,-22.875,104.4375,71.571875,98.0
0853.631,37.8,-29.8,102.4375,71.471875,98.0
0853.663,3.5499999999999994,-35.8,101.0,71.371875,98.0
0853.696,-34.175,-38.0,101.0,71.26875,98.0
0853.728,-72.5,-43.56249999999999,100.375,71.16875,98.0
0853.761,-105.53846153846155,-44.35,100.0,71.06562500000001,98.0
0853.794,-129.3,-43.93846153846154,98.25,71.00000000000001,98.0
0853.826,-145.2,-38.00833333333333,97.25,71.0,98.0
0853.871,-150.3,-28.9625,95.0,71.0,98.0
0853.897,-149.72307692307692,-24.6,95.0,71.0,98.0
0853.928,-135.66666666666669,-21.900000000000002,95.0,71.0,98.0
0853.961,-116.20000000000002,-20.208333333333332,95.0,71.0,98.0
0854.007,-105.35833333333333,-17.9,95.0,71.0,98.0
0854.038,-114.15,-15.416666666666668,94.0,71.0,98.0
0854.063,-121.16666666666666,-14.616666666666667,94.0,71.0,98.0
0854.096,-109.6,-13.284615384615382,94.0,71.0,98.0
0854.130,-76.525,-9.646153846153846,93.25,71.03571428571429,98.0
0854.163,-31.725,-4.846153846153847,93.0,71.13392857142857,98.0
0854.197,7.022222222222224,0.65,95.875,71.23511904761904,98.0
0854.228,35.4625,6.63076923076923,100.625,71.32738095238096,98.0
0854.260,59.233333333333334,11.676923076923076,107.5,71.42261904761904,98.0
0854.302,94.575,16.83076923076923,114.5,71.54761904761904,98.0
0854.334,116.6,20.433333333333334,113.53333333333333,71.64285714285714,98.0
0854.365,137.3230769230769,23.808333333333334,109.5625,71.73511904761905,98.0
0854.397,156.7,25.266666666666666,107.5625,71.83035714285714,98.0
0854.430,171.6833333333333,27.984615384615388,104.5,71.92857142857143,98.0
0854.463,181.51666666666668,29.275,102.4375,72.0,98.0
0854.495,183.96923076923076,30.233333333333334,101.4375,72.0,98.0
0854.527,185.65,30.675000000000004,101.0,72.0,98.0
0854.572,191.22499999999997,64.82499999999999,100.0,72.0,98.0
0854.596,190.1,83.0625,98.125,72.0,98.0
0854.628,195.2,105.2,97.125,72.0,98.0
0854.661,198.2,111.57500000000002,96.0,72.0,98.0
0854.706,201.1,98.55000000000001,94.0,72.0,98.0
0854.729,198.38333333333333,94.26153846153846,94.0,72.0,98.0
0854.761,193.44615384615386,89.33636363636364,93.8235294117647,72.0,98.0
0854.807,177.98333333333335,83.875,93.0,72.0,97.99999999999999
0854.832,169.8875,82.075,93.0,72.0,98.0
0854.864,146.04999999999998,78.4923076923077,93.0,72.0,98.0
0854.896,125.19999999999999,73.63333333333333,93.0,72.0,98.0
0854.929,101.94999999999999,69.43333333333334,93.0,72.0,98.0
0854.962,79.03846153846155,60.75,92.25,72.0,98.0
0854.995,65.56666666666666,47.888888888888886,92.0,72.0,98.0
0855.027,52.70833333333333,33.05,92.0,72.0,98.0
0855.061,33.03333333333334,17.0375,93.9375,72.0,98.0
0855.100,3.1461538461538465,3.3750000000000004,102.5,72.0,98.0
0855.132,-31.47692307692308,-9.584615384615386,109.125,71.98214285714285,98.0
0855.164,-68.91666666666667,-24.21666666666667,113.625,71.88690476190476,97.99999999999999
0855.196,-107.4,-37.769230769230774,111.625,71.79166666666667,98.0
0855.228,-159.12222222222223,-51.4,107.625,71.69642857142857,98.0
0855.262,-211.92499999999998,-59.45,105.5,71.59523809523809,98.0
0855.295,-267.3625,-65.96923076923076,103.4375,71.49702380952381,98.0
0855.328,-320.0125,-71.23333333333333,101.375,71.39880952380952,98.0
0855.361,-376.0125,-79.14999999999999,100.3125,71.30059523809524,98.0
0855.406,-451.15,-90.61666666666667,100.0,71.16666666666667,98.0
0855.439,-497.20000000000005,-94.88333333333333,99.4375,71.06845238095238,98.0
0855.473,-527.65,-96.26153846153846,98.0,71.0,98.0
0855.506,-546.075,-97.3,96.25,71.0,98.0
0855.532,-552.55,-97.58888888888889,95.625,71.0,98.0
0855.565,-563.376923076923,-99.13749999999999,95.0,71.0,98.0
0855.598,-569.0538461538462,-98.85000000000001,94.5,71.0,98.0
0855.629,-570.9,-99.53076923076922,94.0,71.0,98.0
0855.662,-559.7875,-97.2,94.0,71.0,98.0
0855.693,-536.2125,-95.0,94.0,71.0,98.0
0855.734,-504.625,-87.95,94.0,71.0,98.0
0855.767,-479.3538461538461,-79.8,94.0,71.0,98.0
0855.797,-455.7583333333333,-72.1,94.0,71.04464285714286,98.0
0855.828,-412.2416666666667,-67.1846153846154,93.125,71.13690476190476,98.00000000000001
0855.860,-347.6,-62.56666666666667,93.0,71.23214285714286,98.0
0855.893,-264.7083333333333,-59.025,94.0,71.33035714285714,98.0
0855.934,-168.575,-50.45384615384616,95.5,71.45238095238096,98.0
0855.972,-86.9,-43.03333333333334,103.625,71.56547619047619,98.0
0855.997,-50.7,-37.8,109.3125,71.63988095238095,98.0
0856.031,1.1538461538461537,-30.75,114.0,71.74107142857143,98.0
0856.063,29.841666666666665,-21.6375,111.875,71.83630952380952,98.0
0856.095,53.9,-15.666666666666668,108.875,71.93154761904762,98.0
0856.128,76.0,-9.9125,105.375,72.0,98.0
0856.160,99.01538461538462,-7.016666666666667,103.375,72.0,98.0
0856.201,117.00769230769231,1.5333333333333337,101.0,72.0,98.0
0856.232,131.2,6.484615384615385,100.0,72.0,98.0
0856.263,140.03333333333336,12.208333333333332,101.0,72.0,98.0
0856.295,149.08461538461538,14.899999999999999,100.0,72.0,98.0
0856.327,151.25,15.333333333333332,99.0,72.0,98.0
0856.372,146.54615384615383,19.34166666666667,96.06666666666666,72.0,98.0
0856.398,144.5,20.43333333333333,96.0,72.0,98.0
0856.431,142.55,22.933333333333334,95.0,72.0,98.0
0856.463,139.16153846153847,22.3,95.0,72.0,98.0
0856.495,134.25,20.95,95.0,72.0,98.0
0856.526,126.55000000000001,20.576923076923077,95.0,72.0,98.0
0856.567,126.1,21.6,95.0,72.0,98.0
0856.599,125.16666666666667,24.875,95.0,72.0,98.0
0856.631,123.03333333333333,27.383333333333333,95.0,72.0,98.0
0856.664,114.63333333333333,30.776923076923076,94.0,72.0,98.0
0856.696,111.56666666666668,30.950000000000003,94.0,72.0,98.0
0856.729,115.26923076923077,30.683333333333337,94.0,72.0,98.0
0856.762,127.66923076923077,29.48333333333333,94.3125,72.0,98.0
0856.796,145.06666666666666,33.65833333333333,95.375,71.98214285714285,98.0
0856.827,152.93333333333334,41.4,99.9375,71.88988095238095,98.0
0856.872,150.53846153846155,81.125,109.375,71.75595238095238,98.0
0856.899,141.375,101.11538461538461,113.625,71.67559523809524,98.0
0856.930,137.125,120.9,115.25,71.58333333333333,98.0
0856.961,136.6,119.16666666666667,112.3125,71.49107142857143,98.0
0857.001,145.0666666666667,118.975,107.8125,71.37202380952381,98.0
0857.034,144.77499999999998,123.7875,105.75,71.27380952380952,98.0
0857.065,142.61666666666667,129.17777777777778,103.0,71.18154761904762,98.0
0857.098,139.73076923076923,156.125,102.0,71.08333333333333,98.0
0857.130,151.57692307692307,180.44166666666666,102.25,71.0,98.0
0857.161,181.9,203.75384615384615,104.0,71.0,98.00000000000001
0857.207,220.21666666666667,223.6,103.9375,71.0,98.0
0857.224,231.675,230.675,101.875,71.0,98.0
0857.266,233.32500000000002,248.4,98.5,71.0,98.0
0857.298,216.16153846153844,250.9083333333333,95.5,71.0,98.0
0857.330,198.0,246.93846153846155,93.25,71.0,98.0
0857.363,202.25,237.91538461538465,93.86666666666666,71.0,98.0
0857.394,229.0,232.77499999999998,95.80000000000001,71.0,98.0
0857.427,272.03076923076924,229.84999999999997,97.0,71.0,98.0
0857.460,295.95,224.43076923076922,98.0,71.0,98.0
0857.500,306.85,214.56923076923078,95.5625,71.0,98.0
0857.532,277.0,204.35,93.5625,71.0,98.0
0857.564,230.1,194.6583333333333,91.5625,71.0,98.0
0857.595,173.03846153846155,183.95,90.625,71.0,98.0
0857.627,130.3,162.72307692307692,90.0,71.0,98.0
0857.667,110.96666666666667,134.18333333333334,91.0,71.0,98.0
0857.698,114.34615384615384,108.9,92.76470588235294,71.0,98.0
0857.729,111.5,86.45,100.0,71.0,98.0
0857.762,83.86666666666667,60.107692307692304,107.25,71.0,98.0
0857.795,41.7,30.725,115.75,71.0,98.0
0857.826,-6.815384615384614,-0.475,115.1875,71.0,98.0
0857.865,-77.79230769230769,-40.0375,108.5,71.0,98.0
0857.897,-132.35,-67.05384615384615,104.75,71.0,98.0
0857.929,-186.2153846153846,-94.02307692307693,101.75,71.0,98.0
0857.961,-237.89999999999998,-119.875,99.0,71.0,98.0
0858.007,-324.6583333333333,-148.5,98.0,71.0,98.0
0858.039,-370.2769230769231,-161.2125,99.0,71.0,98.0
0858.072,-390.48333333333335,-166.24166666666665,100.1875,71.0,98.0
0858.098,-395.6333333333333,-163.98333333333335,101.0,71.0,98.0
0858.130,-394.55833333333334,-160.1,103.0,71.0,98.00000000000001
0858.161,-391.55,-154.25,102.25,71.0,98.0
0858.193,-394.59166666666664,-146.53333333333333,99.25,71.0,98.0
0858.239,-392.3,-134.3923076923077,95.375,71.0,98.0
0858.272,-390.25,-123.7,91.3125,71.0,98.0
0858.298,-386.0,-115.08333333333333,90.6875,71.0,98.0
0858.331,-384.0,-105.94615384615385,89.625,71.0,98.0
0858.364,-380.2,-94.86153846153846,90.0,71.0,98.0
0858.398,-361.7166666666667,-84.30000000000001,90.5625,71.0,98.0
0858.431,-327.59230769230766,-72.9,92.0,71.0,98.0
0858.464,-277.8,-59.5,93.6875,70.96726190476191,98.0
0858.495,-203.43333333333334,-46.65,95.625,70.875,98.0
0858.527,-130.3923076923077,-38.0,97.0,70.7797619047619,98.0
0858.572,-36.33076923076923,-29.483333333333334,97.0,70.64583333333334,98.0
0858.598,-11.244444444444444,-24.25,97.125,70.56845238095238,98.0
0858.630,6.4,-19.146153846153844,101.1875,70.47321428571428,98.0
0858.672,-3.2083333333333335,-13.6,109.6875,70.34821428571428,98.0
0858.698,-16.724999999999998,-12.108333333333333,110.6875,70.27083333333333,98.0
0858.730,-27.761538461538464,-9.066666666666666,108.6875,70.17559523809524,98.0
0858.762,-26.60833333333333,-5.125,106.0,70.08035714285714,98.0
0858.795,-1.375,-4.9,105.0,70.0,98.0
0858.828,31.466666666666665,-1.8,105.0,70.0,98.0
0858.861,58.39230769230769,4.5,104.5,70.0,98.00000000000001
0858.906,84.45714285714287,10.7,104.0,70.0,98.0
0858.938,98.55,16.075,102.66666666666666,70.0,98.0
0858.964,110.15,16.73333333333333,101.0,70.0,98.0
0858.996,117.02307692307693,37.7,97.0,70.0,98.0
0859.028,118.39999999999999,73.125,95.0625,70.0,98.0
0859.061,115.05555555555554,105.12500000000001,93.0,70.0,98.0
0859.094,112.95833333333334,128.15384615384616,92.0,70.0,98.0
0859.139,135.4875,116.76923076923077,92.875,70.0,98.0
0859.172,165.92499999999998,112.66666666666667,94.9375,70.0,98.0
0859.199,195.85384615384615,113.48181818181818,96.6,70.0,98.0
0859.232,220.86666666666667,111.4,98.0,70.0,98.0
0859.266,227.0,109.6,98.0,70.0,98.0
0859.298,216.86153846153846,105.6,97.0,70.0,98.0
0859.330,199.43333333333334,103.25,94.125,70.0,98.0
0859.362,183.49166666666667,99.56923076923077,93.0,70.0,98.0
0859.394,172.85,96.42307692307693,90.125,70.0,98.0
0859.427,173.35,93.28333333333333,90.0,70.0,98.0
0859.472,190.60000000000002,89.65833333333333,91.75,70.0,98.0
0859.498,211.6,91.76666666666667,96.5,70.0,98.0
0859.530,235.14999999999998,138.83846153846153,105.875,70.0,98.0
0859.562,255.40000000000003,182.07500000000002,118.125,70.0,98.0
0859.594,266.3333333333333,222.86666666666665,121.0,70.0,98.0
0859.640,265.7076923076923,224.35,116.5,70.0,98.0
0859.673,248.7125,211.175,112.375,70.0,98.0
0859.706,215.24999999999997,196.86923076923077,106.25,70.0,98.0
0859.732,192.2,188.63333333333333,103.0,70.0,98.0
0859.764,158.16153846153847,180.21666666666667,101.0,70.0,98.0
0859.796,138.25,173.65,99.0,69.99999999999999,98.0
0859.827,127.67500000000001,168.6846153846154,99.9375,70.0,98.0
0859.872,118.32500000000002,163.0888888888889,100.0,70.0,98.0
0859.897,112.14166666666667,160.1,99.0,70.0,98.0
0859.928,105.6,153.5,98.0,70.0,98.0
0859.960,98.04166666666666,144.3153846153846,95.75,70.0,98.0
0860.008,66.36666666666667,130.3,93.75,70.0,98.0
0860.025,44.37777777777777,127.80000000000001,92.70588235294117,70.0,98.0
0860.066,-8.66923076923077,114.81666666666666,92.0,70.0,98.0
0860.099,-50.325,104.42499999999998,92.0,70.0,98.0
0860.131,-74.725,90.7,91.0,70.0,98.0
0860.164,-100.14999999999999,77.78888888888888,92.0,70.0,98.0
0860.197,-116.63333333333334,56.43749999999999,92.0625,70.0,98.0
0860.229,-130.43333333333334,36.1,93.0,70.0,98.0
0860.262,-143.57500000000002,8.1,94.0,70.0,98.0
0860.295,-149.63333333333335,-20.066666666666666,94.1875,70.0,98.0
0860.328,-162.33333333333334,-45.09166666666666,95.0,70.0,98.0
0860.359,-163.2846153846154,-66.05,95.1875,70.0,98.0
0860.401,-174.9230769230769,-83.33333333333333,100.4375,70.0,98.0
0860.433,-184.375,-95.1076923076923,112.25,70.0,98.0
0860.465,-204.66666666666669,-108.175,118.625,70.0,98.0
0860.497,-228.1846153846154,-124.05,119.0,70.0,98.0
0860.529,-266.05833333333334,-142.64166666666665,113.5625,70.0,98.0
0860.561,-304.3538461538461,-162.8,109.375,70.0,98.0
0860.593,-349.90000000000003,-174.33333333333331,104.5,70.0,98.0
0860.632,-408.6538461538462,-189.35,100.8125,70.0,98.0
0860.665,-460.075,-193.68333333333334,98.75,70.0,98.0
0860.697,-509.9,-199.73333333333335,98.0,70.0,98.0
0860.729,-547.9625,-203.74999999999997,97.75,70.0,98.0
0860.761,-585.9000000000001,-207.22500000000002,96.75,70.0,98.0
0860.794,-619.6769230769231,-209.92499999999998,95.6875,70.0,98.0
0860.834,-654.8,-212.68333333333334,94.0,70.0,98.00000000000001
0860.867,-684.0,-215.1769230769231,93.125,70.0,98.0
0860.898,-705.5333333333333,-216.94615384615383,93.0,70.0,98.0
0860.930,-732.6461538461538,-217.73333333333332,94.0,70.0,98.0
0860.962,-757.4250000000001,-220.26666666666665,94.0,70.0,98.0
0860.994,-773.623076923077,-220.0125,95.0,70.0,98.0
0861.033,-787.876923076923,-219.23333333333335,96.0,70.0,98.0
0861.065,-793.85,-215.9,96.0,70.0,98.0
0861.098,-800.9,-211.9,95.0,70.0,98.0
0861.129,-805.2,-206.6875,95.0,70.0,98.0
0861.160,-800.2333333333333,-203.7875,96.0,70.0,98.0
0861.207,-778.7,-199.39166666666668,96.0,70.0,98.0
0861.232,-764.7166666666666,-196.93846153846155,96.0,70.0,98.0
0861.265,-744.3916666666667,-194.24615384615385,97.0,70.0,98.0
0861.297,-731.1,-188.08333333333334,101.4375,70.0,98.0
0861.329,-717.3,-183.76666666666665,110.4375,70.0,98.0
0861.361,-699.8384615384615,-178.4769230769231,114.8125,70.0,98.0
0861.393,-676.2333333333335,-171.05384615384617,113.1875,70.0,98.0
0861.434,-632.9,-161.76153846153846,109.25,70.0,98.0
0861.465,-596.6153846153846,-153.8,105.6875,70.0,98.00000000000001
0861.496,-553.8,-146.00833333333333,104.8,70.0,97.99999999999999
0861.529,-510.87499999999994,-137.61666666666667,103.6875,70.0,98.0
0861.561,-468.1333333333334,-128.51538461538462,103.0,70.0,98.00000000000001
0861.602,-420.0666666666667,-121.64999999999999,103.0,70.0,98.0
0861.626,-392.33076923076925,-118.5,101.625,70.0,98.0
0861.672,-345.0923076923077,-109.90833333333333,98.75,70.0,98.0
0861.699,-321.5875,-104.25555555555556,97.0625,70.0,98.0
0861.730,-300.05,-99.61538461538461,94.125,70.0,98.0
0861.763,-278.44444444444446,-92.63333333333333,94.0,70.0,98.0
0861.796,-252.14999999999998,-89.98333333333335,94.0,70.0,98.0
0861.828,-216.325,-83.125,95.0,70.0,98.0
0861.860,-174.325,-76.5846153846154,96.0,70.0,98.0
0861.901,-110.83333333333334,-67.375,97.0,70.0,98.0
0861.934,-73.81666666666666,-60.35,97.0,70.0,98.0
0861.965,-37.425,-57.25,97.0,70.0,98.0
0861.997,0.8333333333333326,-54.63333333333333,96.0,70.0,98.0
0862.028,59.16923076923077,-52.975,94.5,70.0,98.0
0862.061,130.9,-48.887499999999996,94.0,70.0,98.0
0862.100,208.3,-41.05,95.0,70.0,98.0
0862.132,245.0,-35.71111111111111,102.0,69.95238095238095,98.0
0862.164,268.0,-30.05,110.0,69.85714285714286,98.0
0862.196,284.67692307692306,-26.758333333333333,116.0,69.76190476190476,97.99999999999999
0862.229,294.05,-23.016666666666666,114.875,69.66369047619048,98.0
0862.261,303.2,-20.646153846153847,109.9375,69.56845238095238,98.0
0862.293,305.44166666666666,-18.515384615384615,106.9375,69.47321428571428,98.0
0862.334,302.87499999999994,-14.2,104.375,69.35119047619048,98.0
0862.366,297.59999999999997,-11.491666666666667,101.375,69.25595238095238,98.0
0862.399,286.2625,-7.792307692307691,101.0,69.1577380952381,98.0
0862.432,277.43749999999994,-7.366666666666666,101.0,69.05952380952381,98.0
0862.463,269.41538461538465,-6.175,100.0,69.0,98.0
0862.495,258.18333333333334,-5.9125,99.3125,69.0,98.0
0862.526,250.46923076923076,-5.6375,97.375,69.0,98.0
0862.566,240.85384615384615,-1.7307692307692308,96.0,69.0,98.0
0862.597,234.8,1.2249999999999999,94.93333333333334,69.0,98.0
0862.630,224.10769230769228,2.85,94.0,69.0,98.0
0862.663,212.18333333333334,2.6153846153846154,94.0,69.0,98.0
0862.694,201.7,3.1153846153846154,93.0,69.0,98.0
0862.738,185.95833333333334,5.95,94.0,69.0,98.0
0862.766,174.43076923076922,8.975,94.0,69.0,98.0
0862.800,162.0,10.850000000000001,94.0,69.0,98.0
0862.833,153.86666666666667,12.533333333333335,94.0,69.0,98.0
0862.865,157.525,12.153846153846153,93.23529411764706,69.0,98.0
0862.897,166.89999999999998,12.983333333333333,93.0,69.0,98.0
0862.928,179.45833333333331,15.683333333333334,93.75,69.0,98.0
0862.960,191.9,16.953846153846154,96.5,69.0,98.0
0863.000,197.775,20.855555555555558,109.0,69.0,98.0
0863.031,195.08461538461538,21.5,114.1875,69.0,98.0
0863.064,189.36153846153846,22.8,114.5,69.0,98.0
0863.095,180.76666666666665,23.46923076923077,111.8125,69.0,98.0
0863.127,177.9,22.138461538461538,109.8125,69.0,98.0
0863.171,188.05,24.715384615384618,109.0,69.0,98.0
0863.197,193.17692307692306,26.5,108.4375,69.0,98.0
0863.228,193.05,29.5,106.5,69.0,98.0
0863.259,183.3,31.976923076923075,104.5625,69.0,98.0
0863.301,153.95833333333334,30.23846153846154,100.9375,69.0,98.0
0863.333,130.1,28.40833333333333,98.9375,69.0,98.0
0863.365,110.3,24.06153846153846,98.0,69.0,98.0
0863.397,99.15,19.153846153846153,95.0,69.0,98.0
0863.428,87.7,14.561538461538461,95.0,69.0,98.0
0863.461,77.8,8.166666666666668,95.0,69.0,98.0
0863.501,58.74444444444444,0.525,95.5625,69.0,98.0
0863.534,37.475,-8.15,96.0,69.0,98.0
0863.566,9.9,-15.6,97.0,69.0,98.0
0863.600,-34.541666666666664,-28.233333333333334,96.25,69.0,98.0
0863.634,-94.21666666666667,-39.15,94.125,69.0,98.0
0863.666,-162.93333333333334,-48.66666666666667,92.125,69.0,98.0
0863.697,-222.9,-55.63846153846154,90.1875,69.0,98.0
0863.729,-268.80833333333334,-60.07692307692308,89.0,69.0,98.0
0863.761,-301.5888888888889,-62.98333333333332,89.0,69.0,98.0
0863.801,-341.4076923076923,-64.7,92.9375,69.0,98.0
0863.834,-372.45,-65.5,100.5,69.0,98.0
0863.866,-404.8416666666667,-63.34444444444444,112.5,69.0,98.0
0863.898,-436.4333333333334,-63.77777777777778,116.375,69.0,98.0
0863.929,-468.1692307692307,-65.875,116.375,69.0,98.0
0863.961,-501.3692307692308,-69.65,111.375,69.0,98.0
0863.995,-535.4083333333333,-75.58461538461539,107.5625,69.0,98.0
0864.027,-571.9166666666666,-77.82307692307694,103.5625,69.0,98.0
0864.073,-603.325,-80.26666666666668,100.6875,69.0,98.0
0864.105,-612.6833333333334,-81.075,100.3125,69.0,98.0
0864.131,-611.9153846153846,-80.16666666666667,101.0,69.0,98.0
0864.164,-601.1923076923076,-77.28333333333333,102.0,69.0,98.0
0864.197,-587.0666666666667,-74.29230769230769,101.0,69.0,98.0
0864.230,-555.4153846153846,-68.375,100.0,69.0,98.0
0864.263,-511.1461538461539,-64.725,97.8125,69.0,98.0
0864.296,-458.3583333333333,-59.099999999999994,96.75,69.0,98.0
0864.328,-411.0,-55.7625,95.75,69.0,98.0
0864.360,-366.73846153846154,-51.825,94.0,69.0,98.0
0864.394,-327.87777777777774,-47.0125,93.0,69.0,98.0
0864.427,-286.6625,-41.05833333333334,93.0,69.0,98.0
0864.461,-242.225,-32.199999999999996,93.5625,69.02678571428571,98.0
0864.494,-186.59999999999997,-22.650000000000002,94.0,69.125,98.0
0864.540,-80.0,-14.516666666666666,95.0,69.26190476190476,98.0
0864.573,15.76923076923077,-10.7,95.0,69.36011904761904,98.0
0864.606,96.55555555555556,-9.1,95.0,69.45833333333334,98.0
0864.631,149.0,-3.683333333333333,95.1875,69.5327380952381,98.0
0864.663,185.64166666666665,2.269230769230769,98.5625,69.62797619047619,98.0
0864.694,200.7,8.7,107.375,69.7202380952381,98.0
0864.733,211.1,13.65,112.0,69.83630952380953,98.0
0864.764,221.01666666666668,17.2,110.5,69.92857142857143,98.0
0864.797,237.86666666666667,17.561538461538465,108.4375,70.0,98.0
0864.829,250.24615384615385,18.0,106.4375,70.0,98.0
0864.860,258.0,19.533333333333335,104.5,70.0,98.0
0864.898,263.323076923077,22.9875,103.0,70.0,98.0
0864.930,257.2,24.75,102.0,70.0,98.0
0864.961,250.45555555555558,28.023076923076925,101.0,70.0,98.0
0864.993,240.9,32.1,100.125,70.0,98.0
0865.033,227.5111111111111,33.34166666666667,97.625,70.0,98.0
0865.065,218.4,35.7,95.625,70.0,98.0
0865.096,217.93076923076922,37.00769230769231,94.0,70.0,98.0
0865.127,216.03076923076924,38.725,93.0,70.0,98.00000000000001
0865.172,209.25384615384615,40.525000000000006,93.0,70.0,98.0
0865.206,200.81666666666666,40.800000000000004,93.0,70.0,98.0
0865.239,195.43333333333334,41.2,93.0,70.0,98.0
0865.264,186.10000000000002,43.125,93.0,70.0,98.0
0865.295,177.77692307692308,44.9,93.0,70.0,98.0
0865.327,167.3,48.625,93.0,70.0,98.0
0865.367,157.58333333333331,51.65384615384616,92.0,70.0,98.0
0865.398,155.16666666666666,54.323076923076925,91.8125,70.0,98.0
0865.429,163.95000000000002,53.8,91.0,70.0,98.0
0865.460,179.76153846153846,53.833333333333336,92.0,70.0,98.0
0865.500,206.6222222222222,54.83333333333333,93.5625,70.0,98.0
0865.532,215.9,57.15384615384615,98.6875,70.0,98.0
0865.564,215.7125,57.53846153846154,109.6875,70.0,98.0
0865.597,197.75555555555556,95.63333333333334,114.625,70.0,98.0
0865.628,188.675,121.80000000000001,115.0,70.0,98.0
0865.662,192.625,153.05,110.625,70.0,98.0
0865.694,201.76666666666668,160.43333333333334,108.3125,70.0,98.0
0865.734,207.55,158.25384615384615,103.8125,70.0,98.0
0865.764,204.3923076923077,160.95000000000002,102.0,70.0,98.0
0865.795,191.45833333333331,172.025,101.0,70.0,98.0
0865.826,192.87499999999997,188.75384615384615,101.9375,70.0,98.0
0865.872,221.16666666666669,210.89999999999998,102.0,70.0,98.0
0865.897,248.89230769230767,217.06666666666666,102.625,70.0,98.0
0865.927,279.35,217.7,101.75,70.0,98.0
0865.973,294.75,217.25833333333333,96.875,70.0,98.0
0866.008,284.375,213.38333333333333,94.6875,70.0,98.0
0866.024,271.11538461538464,210.725,93.6875,70.0,98.0
0866.065,240.26923076923077,201.65000000000003,91.125,70.0,98.0
0866.096,227.35,195.24166666666667,91.8125,70.0,98.0
0866.127,244.66666666666666,192.23333333333332,93.0,70.0,98.0
0866.167,288.8,199.2,95.25,70.0,98.0
0866.198,321.40000000000003,208.34999999999997,97.0,70.0,98.0
0866.229,329.6,215.92499999999998,95.875,70.0,98.0
0866.261,303.5,212.62307692307692,94.75,70.0,98.0
0866.293,265.48333333333335,197.9666666666667,90.875,70.0,98.0
0866.339,195.93333333333334,168.8076923076923,88.0,70.0,98.0
0866.367,149.26153846153846,152.7,88.0,70.0,98.0
0866.400,98.99230769230768,138.10000000000002,89.8125,70.0,98.0
0866.432,60.8,123.03846153846155,96.25,70.0,98.0
0866.464,41.31666666666667,107.44999999999999,111.0625,70.0,98.00000000000001
0866.497,27.476923076923075,89.33333333333331,117.625,70.0,98.00000000000001
0866.530,-5.5249999999999995,64.03333333333333,119.0,70.0,98.0
0866.563,-48.849999999999994,30.93333333333333,116.0,70.0,98.0
0866.596,-111.65,-6.45,110.875,70.0,98.0
0866.628,-190.96153846153845,-45.19166666666666,105.875,70.0,98.0
0866.661,-286.025,-81.55,101.75,70.0,98.0
0866.702,-414.125,-114.80000000000001,99.0,70.0,98.0
0866.734,-490.575,-131.5,100.0,70.0,98.0
0866.765,-525.6,-137.95,103.625,70.0,98.0
0866.798,-544.8,-140.94166666666666,105.0,70.0,98.0
0866.830,-547.4666666666667,-147.55,106.0,70.0,98.0
0866.861,-560.8333333333334,-155.14615384615388,103.375,70.0,98.0
0866.901,-584.4692307692308,-170.7,100.75,70.0,98.0
0866.934,-615.4769230769231,-179.0,94.8125,70.0,98.0
0866.973,-648.1076923076923,-187.3,91.3125,70.0,98.0
0866.999,-671.6750000000001,-190.09230769230766,89.0,70.0,98.00000000000001
0867.032,-688.9076923076924,-191.6,88.0,70.0,98.0
0867.064,-694.7333333333333,-191.1,89.375,70.0,98.0
0867.096,-687.6,-187.22500000000002,91.75,70.0,98.0
0867.128,-672.9000000000001,-180.66666666666666,94.35294117647058,70.0,98.0
0867.162,-648.15,-174.89999999999998,97.0,70.0,98.0
0867.196,-618.2666666666667,-168.86666666666667,97.0,70.0,98.0
0867.229,-597.275,-162.96666666666667,96.15625,70.0,98.0
0867.262,-564.9250000000001,-154.46666666666667,93.0,70.0,98.0
0867.294,-530.3125,-146.5,92.0,70.0,98.0
0867.340,-465.075,-132.3,100.5,70.0,98.0
0867.373,-422.34444444444443,-122.0,108.75,70.0,98.0
0867.407,-387.7,-107.5,114.8125,70.0,98.0
0867.439,-355.2833333333333,-94.82499999999999,114.0,70.0,98.0
0867.473,-315.4666666666667,-84.3923076923077,111.125,70.0,98.0
0867.499,-288.2153846153846,-79.63846153846154,107.875,70.0,98.0
0867.530,-257.5,-77.43333333333334,105.0,70.0,98.00000000000001
0867.561,-235.18333333333334,-74.6,100.5625,70.0,98.0
0867.608,-205.3,-72.00000000000001,99.0,70.0,98.0
0867.626,-195.16666666666666,-69.66666666666666,99.0,70.0,98.0
0867.666,-178.30769230769232,-65.575,99.0,70.0,98.0
0867.698,-163.4,-60.81666666666667,99.0,70.0,98.0
0867.730,-145.63333333333333,-55.46666666666667,99.0,70.0,98.0
0867.760,-106.7,-50.65384615384615,99.0,70.0,98.0
0867.799,-62.05,-46.95384615384616,99.0,70.0,98.0
0867.829,-35.1,-45.26666666666667,97.8235294117647,70.0,98.0
0867.862,-20.4,-42.766666666666666,96.75,70.0,98.0
0867.896,-20.9625,-40.449999999999996,93.625,70.0,98.0
0867.928,-32.1,-40.33076923076923,92.0,70.0,98.0
0867.961,-41.8,-39.425000000000004,92.0,70.0,98.0
0867.994,-36.430769230769236,-37.074999999999996,92.0,70.0,98.0
0868.039,-5.353846153846154,-30.425,94.0,70.0,98.0
0868.073,42.03333333333333,-27.46666666666667,95.0,70.0,98.0
0868.100,82.36666666666667,-25.77777777777778,95.0,70.0,98.0
0868.133,126.33076923076925,-22.474999999999998,95.0,70.0,98.0
0868.165,154.83333333333334,-18.549999999999997,95.0,70.0,98.0
0868.196,174.15,-15.2,99.375,70.0,98.0
0868.227,182.1,-12.133333333333333,105.1875,70.0,98.0
0868.272,191.63333333333335,-9.75,111.875,70.0,98.0
0868.299,198.18888888888893,-8.674999999999999,111.46666666666667,70.0,98.0
0868.332,210.425,-2.9000000000000004,109.39999999999999,70.0,98.0
0868.364,230.55,3.6333333333333333,108.0,70.0,98.0
0868.398,249.0,10.776923076923078,108.0,70.0,98.0
0868.432,261.36923076923074,20.533333333333335,107.125,70.0,98.0
0868.465,256.40000000000003,26.408333333333335,105.0625,70.0,98.0
0868.498,247.82500000000002,31.691666666666663,103.0,70.0,98.0
0868.531,231.22500000000002,35.27777777777778,99.9375,70.0,98.0
0868.563,215.04615384615386,34.849999999999994,97.875,70.0,98.0
0868.594,202.74615384615385,34.9875,95.0,70.0,98.0
0868.628,185.7153846153846,33.0,92.0,70.0,98.0
0868.662,175.05,31.78333333333333,91.0,70.0,98.0
0868.697,158.1875,31.400000000000002,91.4375,70.0,98.0
0868.730,148.6,67.03333333333333,93.5,70.0,98.0
0868.763,147.0,97.18333333333334,96.5625,70.0,98.0
0868.797,158.10833333333332,124.15384615384615,98.6875,70.0,98.0
0868.830,180.04166666666666,127.1,99.75,70.0,98.0
0868.862,197.34615384615384,118.25833333333333,99.0,70.0,98.0
0868.894,203.29999999999998,116.3,97.25,70.0,98.0
0868.934,212.1375,115.32499999999999,92.75,70.0,98.0
0868.965,227.59166666666664,112.5,91.8125,70.0,98.0
0868.997,263.6,136.86923076923077,91.0,70.0,98.0
0869.030,322.8,163.6,92.25,70.0,98.0
0869.063,375.575,192.39166666666668,96.9375,70.0,98.0
0869.095,415.8,209.0923076923077,109.25,70.0,98.0
0869.128,433.4,208.26666666666668,115.375,70.0,98.0
0869.161,439.53076923076924,211.625,115.5625,70.0,98.0
0869.195,436.4,214.2,112.875,70.0,98.0
0869.227,431.60833333333335,213.60000000000002,109.875,70.0,98.0
0869.273,418.91666666666663,206.7,105.5625,70.0,98.0
0869.299,411.10769230769233,203.10833333333332,103.9375,70.0,98.0
0869.332,398.0,198.64999999999998,102.0,70.0,98.0
0869.364,388.075,193.29166666666663,102.0,70.0,98.0
0869.396,372.82499999999993,186.83333333333334,100.875,70.0,98.0
0869.427,356.7,177.53846153846152,99.9375,70.0,98.0
0869.473,335.8833333333333,163.925,98.0625,70.0,98.0
0869.506,324.51111111111106,156.13333333333333,97.0,70.0,98.0
0869.539,313.3,151.50000000000003,98.0,70.0,98.0
0869.572,298.375,149.0666666666667,98.0,70.0,98.0
0869.598,281.91538461538465,144.83076923076922,98.0,70.0,98.0
0869.632,252.05384615384617,137.37692307692308,97.125,70.0,98.0
0869.666,203.7,122.23333333333335,94.0,70.0,98.0
0869.698,141.275,101.79166666666666,92.0,70.0,98.0
0869.730,65.49230769230769,71.65384615384616,89.0,70.0,98.0
0869.761,0.9307692307692284,36.43333333333333,88.0625,70.0,98.0
0869.794,-57.708333333333336,1.0333333333333328,88.0,70.0,98.0
0869.835,-97.17500000000001,-37.383333333333326,88.0,70.0,98.12852664576803
0869.872,-117.26666666666667,-54.68333333333333,89.0,70.0,98.24451410658308
0869.898,-135.2,-63.0,92.0,70.0,98.32601880877743
0869.930,-167.7,-76.425,97.5,70.0,98.42633228840126
0869.963,-218.86666666666667,-95.75,108.6875,70.0,98.52978056426332
0869.996,-298.23333333333335,-123.24615384615385,113.0,70.0,98.6332288401254
0870.030,-399.7307692307692,-150.23333333333332,112.1875,70.0,98.7398119122257
0870.063,-500.35,-167.83333333333334,105.25,70.0,98.84326018808778
0870.095,-581.2249999999999,-184.125,101.25,70.0,98.9435736677116
0870.127,-645.1,-195.15,98.1764705882353,69.99999999999999,99.0
0870.173,-717.1,-208.225,97.0,70.0,98.99999999999999
0870.191,-746.1384615384616,-210.85833333333332,97.875,70.0,99.0
0870.233,-805.9615384615385,-219.66666666666669,100.0,70.0,99.0
0870.266,-842.5000000000001,-223.89999999999998,101.0,70.0,99.0
0870.300,-869.7916666666665,-226.3,100.3125,70.0,99.0
0870.332,-883.4000000000001,-223.97692307692307,99.0,70.0,99.0
0870.365,-895.023076923077,-217.225,97.0,70.0,99.0
0870.398,-891.6083333333332,-212.20000000000002,96.0,70.0,99.0
0870.431,-879.0999999999999,-206.83846153846153,95.125,70.0,99.0
0870.464,-850.8,-197.83846153846153,95.0,70.0,99.0
0870.497,-813.0461538461539,-187.3,95.0,70.0,99.0
0870.530,-777.5555555555555,-176.8,96.0,70.0,99.0
0870.561,-745.5,-167.91666666666669,96.0,70.0,99.0
0870.593,-713.7666666666667,-160.18461538461537,96.0,70.0,99.0
0870.633,-673.55,-153.46153846153848,96.0,70.0,99.0
0870.665,-623.776923076923,-147.6153846153846,95.0,70.0,99.0
0870.696,-572.8666666666667,-142.18333333333334,95.0,70.0,99.0
0870.728,-518.05,-136.28333333333333,95.0,70.0,99.0
0870.760,-477.25,-132.9,97.875,70.0,99.0
0870.802,-447.1846153846154,-126.84615384615384,105.25,70.0,98.97470238095238
0870.839,-434.47499999999997,-120.25384615384615,113.375,70.0,98.91964285714286
0870.872,-426.6692307692308,-116.78461538461538,113.125,70.0,98.87053571428572
0870.898,-419.025,-115.6625,110.875,70.0,98.83184523809524
0870.929,-414.075,-113.42222222222222,106.0,70.0,98.78571428571429
0870.961,-403.0,-111.5,103.0,70.0,98.73809523809524
0870.993,-399.62500000000006,-109.2,101.0,70.0,98.69047619047619
0871.039,-392.3666666666667,-103.2625,100.0,70.0,98.62202380952381
0871.072,-387.30833333333334,-100.6875,101.0,70.0,98.57291666666666
0871.098,-381.9,-97.75384615384615,101.0,70.0,98.53422619047618
0871.129,-376.25,-97.19166666666666,100.0,70.0,98.48809523809524
0871.161,-368.5,-93.2,98.0,70.0,98.44047619047619
0871.201,-367.2875,-89.175,97.0,70.0,98.38095238095238
0871.239,-361.55,-84.83333333333334,96.0,70.0,98.32440476190476
0871.273,-356.4,-82.98461538461538,95.5,70.0,98.27380952380952
0871.306,-351.1333333333333,-81.5,95.0,70.0,98.22470238095238
0871.339,-346.06666666666666,-79.05,95.0,70.0,98.17559523809524
0871.371,-343.64166666666665,-76.73333333333333,95.0,70.0,98.12797619047619
0871.397,-335.7,-74.5,94.75,70.0,98.08928571428571
0871.428,-336.2625,-72.075,94.0,70.0,98.04315476190476
0871.461,-328.8625,-69.41666666666666,94.0,70.0,98.00000000000001
0871.500,-311.14166666666665,-64.49230769230769,94.0,70.0,98.0
0871.531,-287.24615384615385,-63.016666666666666,94.0,70.0,98.0
0871.565,-248.64444444444442,-61.358333333333334,94.0,70.0,98.0
0871.597,-216.4,-59.383333333333326,96.5,70.0,98.0
0871.630,-196.2,-55.16923076923077,102.25,70.0,98.0
0871.662,-186.48461538461538,-50.5923076923077,113.25,70.0,98.0
0871.695,-185.2,-48.06666666666667,116.875,70.0,98.0
0871.728,-180.3,-45.125,115.0625,70.0,98.0
0871.760,-180.79166666666666,-46.6625,112.0625,70.0,98.0
0871.806,-179.5,-47.18333333333333,108.1875,70.0,98.0
0871.839,-172.7,-47.98461538461538,106.125,70.0,98.0
0871.872,-165.26153846153846,-45.2125,105.0,70.0,98.0
0871.898,-150.2,-43.0,104.0,70.0,98.0
0871.932,-131.09166666666667,-38.8,103.3125,70.0,98.0
0871.964,-118.23076923076923,-35.33846153846154,101.3125,70.0,98.0
0871.998,-107.1,-33.7,99.1875,70.0,98.0
0872.030,-108.85,-32.80833333333333,97.1875,70.0,98.0
0872.065,-110.0875,-34.05,94.0,70.0,98.0
0872.097,-116.1,-33.416666666666664,92.0,70.0,98.0
0872.129,-119.42222222222223,-32.86923076923077,92.0,70.0,97.99999999999999
0872.161,-112.6,-33.108333333333334,91.0,70.0,98.0
0872.205,-94.14444444444445,-34.0,91.0,70.0,98.00000000000001
0872.231,-80.95833333333334,-34.587500000000006,92.0,70.0,98.0
0872.264,-78.9,-35.011111111111106,92.0,70.0,98.0
0872.297,-88.11538461538461,-33.824999999999996,92.0,70.0,98.0
0872.331,-107.2,-34.4,92.0,70.0,98.0
0872.365,-121.26666666666667,-35.349999999999994,91.0,70.0,98.0
0872.399,-132.06666666666666,-37.8,91.875,70.0,98.0
0872.432,-136.2923076923077,-39.900000000000006,92.9375,70.0,98.0
0872.466,-146.28461538461536,-40.675,100.19999999999999,70.0,98.00000000000001
0872.500,-152.0,-40.233333333333334,108.0,70.0,98.0
0872.531,-157.0,-36.95,114.1875,70.0,98.0
0872.565,-165.35000000000002,-31.299999999999997,113.6875,70.0,98.0
0872.598,-159.3076923076923,-26.03333333333333,109.625,70.0,98.0
0872.633,-137.0666666666667,-22.8,107.4375,70.0,98.0
0872.666,-111.46923076923078,-18.966666666666665,106.0,70.0,98.0
0872.697,-99.25384615384615,-16.3,103.5,70.0,98.0
0872.728,-92.86666666666667,-11.100000000000001,102.5625,70.0,98.0
0872.759,-86.75,-8.68888888888889,101.0,70.0,98.0
0872.798,-64.9,-4.425,100.1875,70.0,98.00000000000001
0872.829,-51.233333333333334,-3.125,100.0,70.0,98.0
0872.862,-38.50833333333333,-1.4083333333333332,98.0,70.0,98.0
0872.893,-35.324999999999996,-3.55,97.0,70.0,98.0
0872.940,-34.05833333333333,-8.3,96.6875,70.0,98.0
0872.966,-34.43846153846154,-10.708333333333334,97.0,70.0,98.0
0872.997,-38.069230769230764,-8.225000000000001,98.0,70.0,98.0
0873.029,-41.56666666666666,-7.0,98.0,70.0,98.0
0873.061,-45.233333333333334,-4.823076923076923,98.0,70.0,98.0
0873.093,-43.9,-4.2846153846153845,96.75,70.0,98.0
0873.134,-48.192307692307686,-1.7615384615384613,94.1875,70.0,98.00000000000001
0873.165,-43.375,-1.7833333333333332,91.25,70.0,98.0
0873.198,-22.55,-3.225,89.1875,70.0,98.0
0873.230,27.033333333333335,-4.607692307692308,89.0,70.0,98.0
0873.264,92.57777777777778,0.3999999999999999,92.8125,70.0,98.0
0873.296,147.65,6.625,99.75,70.0,98.0
0873.327,183.71666666666667,12.816666666666666,111.5,70.0,98.0
0873.360,217.4083333333333,16.692307692307693,114.9375,70.0,98.0
0873.405,253.1875,19.03333333333333,109.5,70.0,98.0
0873.438,271.7,19.366666666666667,106.1875,70.0,98.0
0873.465,276.3692307692308,19.333333333333336,105.0,70.0,98.0
0873.496,276.2,17.8,103.5625,70.0,98.0
0873.527,266.70000000000005,18.000000000000004,102.625,70.0,98.0
0873.566,260.6166666666667,15.774999999999999,101.0,70.0,98.0
0873.598,262.55,16.0,100.13333333333334,70.0,98.0
0873.631,280.84999999999997,16.166666666666668,99.0625,70.0,98.0
0873.662,304.70000000000005,19.76153846153846,96.125,70.0,98.0
0873.694,329.5333333333333,32.800000000000004,95.125,70.0,98.0
0873.740,329.2923076923077,61.22500000000001,95.0,70.0,98.0
0873.772,302.4333333333333,79.0,95.0,70.0,98.0
0873.797,279.4,87.53333333333333,95.0,70.0,98.0
0873.827,247.55384615384614,83.2,94.8125,70.0,98.0
0873.873,229.4777777777778,75.1888888888889,94.0,70.0,98.0
0873.899,229.6,72.35,94.0,70.0,98.0
0873.930,236.53333333333333,69.33333333333334,95.0,70.0,98.0
0873.961,240.89230769230767,67.78461538461539,94.47058823529412,70.0,98.0
0874.003,239.09230769230768,64.9,93.8125,70.0,98.0
0874.039,245.41538461538462,60.525,92.0,70.0,98.0
0874.065,256.85,56.333333333333336,92.0,70.0,98.0
0874.097,279.96666666666664,55.44444444444444,92.0625,70.0,98.0
0874.129,301.7769230769231,56.15,95.125,70.0,97.99999999999999
0874.162,313.72499999999997,58.875,100.5,70.0,97.99999999999999
0874.194,320.6,62.625,110.375,70.0,98.0
0874.238,319.7625,64.975,114.0,70.0,98.0
0874.264,314.77777777777777,66.15384615384616,112.0,70.0,98.0
0874.296,298.36923076923074,68.55000000000001,106.5,70.0,98.0
0874.328,278.09999999999997,70.16666666666666,104.5,70.0,98.0
0874.360,257.48333333333335,69.83333333333333,101.5,70.0,98.0
0874.402,229.57777777777778,70.79166666666666,101.0,70.0,98.0
0874.433,215.89230769230767,77.9,102.0,70.0,98.0
0874.464,196.53333333333333,89.56666666666666,102.0,70.02380952380952,97.99999999999999
0874.497,181.4,98.725,101.9375,70.07291666666667,98.0
0874.529,173.22499999999997,103.36666666666667,99.9375,70.12053571428572,98.0
0874.561,177.17692307692306,100.675,98.0,70.16815476190476,98.0
0874.594,190.2076923076923,99.57142857142857,96.0,70.2172619047619,98.0
0874.639,214.88333333333333,94.2,95.0,70.28422619047619,98.0
0874.665,230.0,91.48333333333332,95.0,70.32291666666667,98.0
0874.697,249.27499999999998,107.225,96.0,70.37053571428572,98.0
0874.730,267.7625,131.33076923076922,96.625,70.41964285714286,98.0
0874.762,267.7,153.675,98.0,70.4672619047619,98.0
0874.795,258.775,162.65,99.0,70.51636904761905,98.0
0874.828,239.75,151.3,99.0,70.56547619047619,98.0
0874.872,227.79999999999998,138.23333333333332,96.5,70.63095238095238,98.0
0874.899,237.39230769230767,133.2153846153846,95.0,70.67113095238095,98.0
0874.931,255.76666666666665,127.94999999999999,94.1875,70.71875,98.0
0874.964,266.8,123.2,96.5,70.76785714285714,98.0
0874.996,271.2916666666667,120.76666666666667,104.75,70.81547619047619,98.0
0875.028,257.33076923076925,117.23846153846155,110.5,70.86309523809524,98.0
0875.061,247.36666666666667,114.07500000000002,113.0,70.91220238095238,98.0
0875.093,237.4,111.13333333333333,109.6875,70.95982142857142,98.0
0875.134,242.58333333333331,106.35,106.125,71.0,98.0
0875.165,247.2,104.45,104.0,71.0,98.0
0875.198,257.48461538461544,99.79999999999998,103.0,71.0,98.0
0875.231,255.07692307692312,97.875,102.0,71.0,98.0
0875.264,250.3083333333333,98.725,101.0,71.0,98.0
0875.297,233.525,98.15,101.0,71.0,98.0
0875.331,216.33333333333334,97.13076923076923,99.8125,71.0,98.0
0875.364,218.94166666666666,93.1,97.75,71.0,98.0
0875.396,243.23333333333335,110.9,95.75,71.0,98.0
0875.428,269.27500000000003,159.175,95.0,71.0,98.0
0875.459,285.9230769230769,206.0076923076923,95.0,71.0,98.0
0875.498,271.16666666666663,253.9777777777778,97.0,71.0,98.0
0875.529,247.7,236.17499999999998,98.5625,71.0,98.0
0875.560,229.48333333333335,220.4,100.5,71.0,98.0
0875.602,207.875,201.35,100.875,71.0,98.0
0875.633,201.25,193.1,99.9375,71.0,98.0
0875.665,204.94615384615386,187.70833333333331,98.0,71.0,98.0
0875.696,217.9,182.98333333333332,97.0,71.0,98.0
0875.728,240.51666666666665,176.7,95.0,71.0,98.0
0875.760,259.56666666666666,172.83846153846153,96.0,71.0,98.0
0875.798,266.03076923076924,168.0769230769231,103.125,71.0,98.0
0875.829,265.7416666666666,165.48333333333335,108.625,71.0,98.0
0875.860,258.04999999999995,162.93333333333334,111.0,71.0,98.0
0875.900,248.8,152.8,107.25,71.0,98.0
0875.933,235.5888888888889,144.8,104.1875,71.0,98.0
0875.966,224.8125,138.6538461538462,101.125,71.0,98.0
0875.999,219.225,137.90833333333333,99.0625,71.0,98.0
0876.032,213.94166666666666,139.11666666666665,99.0,71.0,98.0
0876.065,205.83076923076925,134.77692307692305,99.0,71.0,98.0
0876.096,201.11538461538464,131.76923076923077,99.0,71.0,98.0
0876.127,196.03333333333333,123.05,98.0625,71.0,98.0
0876.170,199.28333333333333,116.6,97.0,71.0,98.0
0876.194,196.26666666666665,111.6076923076923,97.0,71.0,98.0
0876.227,193.94615384615383,107.33333333333334,97.0,71.0,98.0
0876.271,182.06923076923078,97.99166666666666,98.0,71.0,98.0
0876.295,168.13333333333333,95.61666666666667,98.0,71.0,98.0
0876.328,136.33333333333331,87.36923076923077,97.4375,71.0,98.0
0876.362,89.86666666666667,77.0,97.0,71.0,98.0
0876.395,25.625,61.5,95.29411764705881,71.0,98.0
0876.427,-30.35,40.9125,94.25,71.0,98.0
0876.467,-80.5,11.85,93.0,71.0,98.0
0876.499,-102.82499999999999,-10.1375,93.0,71.0,98.0
0876.533,-120.17777777777778,-32.66666666666667,93.375,71.0,98.0
0876.567,-149.36666666666667,-54.05,97.5,71.0,98.0
0876.600,-178.14999999999998,-72.05,104.25,71.0,98.0
0876.633,-218.88333333333333,-87.76666666666668,111.625,71.0,98.0
0876.665,-262.1,-108.45384615384616,111.375,71.0,98.0
0876.698,-313.46923076923076,-130.56666666666666,106.625,71.0,98.0
0876.732,-362.85,-156.09166666666664,104.1875,71.0,98.0
0876.765,-404.75,-177.55,102.125,71.0,98.0
0876.797,-440.3833333333333,-192.5846153846154,99.125,71.0,98.0
0876.828,-477.9923076923077,-201.9,99.0,71.0,98.0
0876.861,-505.2083333333333,-206.85000000000002,99.0,71.0,98.0
0876.893,-530.0,-207.15000000000003,100.0,71.0,98.0
0876.927,-543.8583333333333,-203.63846153846154,99.0,71.0,98.0
0876.973,-555.6833333333333,-198.20000000000002,96.125,71.0,98.0
0877.005,-554.1846153846154,-193.16153846153847,95.0,71.0,98.0
0877.040,-545.4307692307693,-187.02499999999998,93.0,71.0,98.0
0877.065,-536.9,-181.5,92.375,71.0,98.0
0877.097,-524.2,-175.16153846153847,92.0,71.0,98.0
0877.129,-514.275,-169.70833333333331,93.0,71.0,98.0
0877.161,-501.98333333333335,-164.5,93.0,71.0,98.0
0877.202,-479.2166666666667,-157.4,93.0,71.0,98.0
0877.239,-438.35,-150.9,93.0,71.0,98.0
0877.264,-403.4076923076923,-145.025,92.0,71.0,98.0
0877.295,-359.39166666666665,-139.975,93.0,71.0,98.0
0877.326,-328.23333333333335,-135.2,94.88235294117648,71.0,98.0
0877.366,-301.575,-129.48888888888888,105.5,71.0,98.0
0877.397,-291.6,-124.53333333333333,110.3125,71.0,98.0
0877.429,-286.2875,-120.24166666666666,110.6875,71.0,98.0
0877.462,-283.7,-118.35,107.625,71.00894187779434,98.0
0877.495,-282.94444444444446,-115.18461538461538,103.125,71.0581222056632,98.0
0877.529,-291.85,-114.675,100.4375,71.10879284649776,98.0
0877.561,-316.75,-114.35,99.0,71.15648286140089,98.0
0877.607,-357.55,-115.54166666666667,99.0,71.22503725782414,98.0
0877.625,-370.7333333333333,-118.59230769230771,99.0,71.25186289120715,98.0
0877.667,-391.88461538461536,-124.04615384615386,99.0,71.3144560357675,98.0
0877.700,-401.9,-126.1,97.75,71.36363636363637,98.0
0877.733,-414.0,-121.3,95.0,71.41281669150521,98.0
0877.765,-422.4583333333333,-114.50833333333333,94.0,71.46050670640835,98.0
0877.797,-431.3,-107.68461538461538,94.0,71.50819672131148,98.0
0877.828,-432.325,-100.775,94.26666666666667,71.55439642324887,98.0
0877.871,-434.12307692307695,-92.625,95.0,71.61847988077497,98.0
0877.896,-433.925,-88.03076923076922,96.0,71.65573770491804,98.0
0877.928,-424.05555555555554,-84.36923076923077,96.5625,71.70342771982116,98.0
0877.961,-407.46250000000003,-82.30000000000001,96.41176470588235,71.75260804769002,98.0
0878.007,-356.2,-77.23076923076923,96.0,71.82116244411327,98.0
0878.040,-318.4,-71.25,96.0,71.87034277198212,98.0
0878.065,-298.8,-67.78333333333335,98.125,71.90760059612518,98.0
0878.097,-274.8,-64.96923076923078,102.375,71.95529061102832,98.0
0878.130,-255.2,-61.35,112.375,72.009375,98.0
0878.161,-247.3,-57.7,115.0,72.10625,98.0
0878.193,-242.41538461538462,-53.06153846153846,113.75,72.20625,98.0
0878.239,-245.89999999999998,-47.5,108.0,72.35,98.0
0878.273,-239.17692307692306,-44.16666666666666,105.875,72.45625,98.0
0878.306,-220.8,-36.53333333333334,102.8125,72.55937499999999,98.0
0878.331,-207.03333333333336,-29.799999999999997,101.25,72.63749999999999,98.0
0878.363,-185.33333333333334,-18.3,101.0,72.73750000000001,98.0
0878.396,-174.3,-8.399999999999999,101.0,72.84062499999999,98.0
0878.427,-159.86923076923077,-0.9111111111111112,100.25,72.9375,98.0
0878.473,-135.975,5.7615384615384615,98.0,73.0,98.0
0878.507,-113.1076923076923,10.525,97.0,73.0,98.0
0878.539,-86.2076923076923,15.650000000000002,95.25,73.0,98.0
0878.564,-74.3,19.907692307692308,95.0,73.0,98.0
0878.595,-53.87777777777778,24.56153846153846,95.0,73.0,98.0
0878.628,-36.849999999999994,27.633333333333333,94.0,73.0,98.0
0878.662,-16.1,28.2,94.0,73.0,98.0
0878.694,6.824999999999999,29.124999999999996,94.0,73.0,98.0
0878.728,31.784615384615385,31.0,94.0,73.0,98.0
0878.760,59.3,31.85,94.0,73.0,98.0
0878.807,99.14615384615385,31.130769230769232,93.5625,73.07142857142858,98.0
0878.824,104.83333333333334,30.0,94.0,73.1220238095238,98.0
0878.866,124.70833333333334,30.516666666666662,102.0,73.24702380952381,98.0
0878.899,129.17692307692306,33.08461538461539,109.9375,73.3452380952381,98.0
0878.933,137.05384615384617,32.90833333333333,115.0,73.44642857142857,98.0
0878.966,134.5583333333333,30.4,113.5,73.54464285714286,98.0
0878.997,133.675,27.275,110.625,73.63690476190476,98.0
0879.030,141.4153846153846,24.428571428571427,107.52941176470588,73.73511904761905,98.0
0879.061,152.92499999999998,22.925,105.625,73.82738095238095,98.0
0879.092,164.8,24.275,102.6875,73.91964285714286,98.0
0879.132,170.04999999999998,25.5,101.0,74.0,98.00000000000001
0879.164,167.03333333333336,24.76153846153846,101.0,74.0,98.0
0879.196,157.85384615384615,22.5375,100.1875,74.0,98.0
0879.228,147.5,21.25,99.1875,74.0,98.0
0879.260,135.51666666666665,21.21666666666667,97.1875,74.0,98.0
0879.300,124.82500000000002,20.2,95.6875,74.0,98.0
0879.332,118.04166666666666,18.453846153846154,94.0,74.0,98.0
0879.366,112.92307692307692,15.477777777777778,94.0,74.0,98.0
0879.397,109.60833333333335,15.424999999999999,93.0,74.0,98.0
0879.430,100.43750000000001,14.350000000000001,93.0,74.0,98.0
0879.463,87.09166666666665,13.8,93.0,74.02388059701492,98.0
0879.495,69.75833333333333,15.992307692307694,93.0,74.11940298507463,98.0
0879.527,65.74615384615386,13.391666666666667,92.0,74.21492537313432,98.0
0879.571,74.4,13.233333333333334,91.0,74.34626865671642,98.0
0879.599,83.325,13.25,92.0,74.42985074626866,98.0
0879.631,94.0,15.8,93.125,74.52537313432836,98.0
0879.664,101.18461538461538,19.492307692307694,102.5,74.62388059701493,98.0
0879.697,99.24166666666667,20.455555555555556,109.5625,74.7223880597015,98.0
0879.730,86.9875,19.975,113.75,74.82089552238806,98.0
0879.762,68.27499999999999,35.4,111.5,74.91641791044776,98.0
0879.794,52.112500000000004,72.02307692307693,108.75,75.0,98.00000000000001
0879.827,40.353846153846156,103.6,104.6875,75.0,98.0
0879.872,32.12222222222223,127.5,101.875,75.0,98.0
0879.898,34.025,118.425,100.25,75.0,98.0
0879.930,34.55,114.66666666666669,100.0,75.0,98.0
0879.962,39.8,107.24615384615385,100.0,75.0,98.0
0879.995,38.815384615384616,102.43333333333334,99.0,75.0,98.0
0880.027,33.30833333333333,97.19999999999999,98.0,75.0,98.0
0880.061,32.95,92.60000000000001,96.0,75.0,98.0
0880.093,29.674999999999997,89.4,95.0,75.0,98.0
0880.140,24.258333333333333,86.05,94.0,75.0,98.0
0880.172,19.55,85.2,93.1875,75.0,98.0
0880.197,15.712499999999999,82.86153846153847,93.0,75.0,98.0
0880.227,13.35,78.76666666666667,94.0,75.0,98.0
0880.261,9.35,76.25,94.0,75.0,98.0
0880.294,2.4,73.025,94.0,75.0,98.0
0880.340,3.3923076923076922,71.44999999999999,93.0,75.0,98.0
0880.372,17.46666666666667,67.58461538461538,92.66666666666667,75.0,98.0
0880.400,33.525000000000006,65.91666666666667,92.0,75.0,98.0
0880.433,51.575,64.95833333333334,93.1875,75.0,98.0
0880.467,64.66666666666667,65.9,99.9375,75.0625,98.0
0880.498,73.64615384615384,67.28333333333333,107.0,75.15476190476191,98.0
0880.531,85.01666666666667,67.95833333333333,114.0,75.25297619047619,98.0
0880.563,97.8,70.48333333333332,113.6875,75.34821428571428,98.0
0880.595,103.56153846153846,96.8375,110.6875,75.44345238095238,98.0
0880.627,114.3375,137.76923076923077,106.6875,75.53869047619048,98.0
0880.673,123.0,190.06666666666666,104.0,75.67559523809524,98.0
0880.705,126.075,196.8625,101.8125,75.77083333333334,98.0
0880.739,121.1,185.36666666666665,101.0,75.87202380952381,98.0
0880.772,118.6,178.075,101.0,75.9702380952381,98.0
0880.797,114.24999999999999,172.21666666666667,100.0625,76.0,98.0
0880.828,109.74166666666666,166.6,99.125,76.0,98.00000000000001
0880.860,103.57692307692307,160.16666666666669,98.0,76.0,98.0
0880.901,97.2,152.2,96.0,76.0,98.0
0880.932,94.57777777777778,146.34615384615384,94.625,76.0,98.0
0880.964,92.0,140.78333333333333,94.0,76.0,98.0
0880.998,93.71666666666665,137.975,93.0,76.0,98.0
0881.030,94.23333333333335,130.86666666666667,94.5,76.0,98.0
0881.062,107.975,126.23333333333332,96.0,76.0,98.0
0881.094,119.43846153846154,121.58461538461539,98.5,76.0,98.0
0881.138,125.50769230769231,117.5,100.0,76.0,98.0
0881.164,112.39166666666665,112.5625,100.0,76.0,98.0
0881.196,90.2,100.4,99.125,76.0,98.0
0881.228,62.892307692307696,80.4,98.0,76.0,98.00000000000001
0881.261,40.5,62.4,96.0,76.0,98.0
0881.300,13.5,45.55,96.375,76.0,98.0
0881.333,-15.5,35.900000000000006,103.75,76.0,98.0
0881.365,-38.400000000000006,31.03076923076923,111.3125,76.0,98.0
0881.397,-60.887499999999996,23.20769230769231,115.0,76.0,98.0
0881.429,-77.3,17.984615384615385,113.19999999999999,76.0,98.0
0881.461,-90.2,13.5,109.625,76.00000000000001,98.0
0881.506,-111.3625,12.03076923076923,104.76470588235293,76.0,98.0
0881.532,-117.91666666666666,12.25,103.13333333333333,76.0,98.0
0881.565,-125.73076923076923,10.7,101.06666666666666,76.0,98.0
0881.597,-129.01666666666665,11.655555555555555,99.06666666666668,76.0,98.0
0881.629,-125.925,12.25,99.0,76.0,98.0
0881.662,-114.875,13.966666666666667,98.0,76.0,98.0
0881.694,-104.1076923076923,19.333333333333336,97.0,76.0,98.0
0881.728,-80.25,23.153846153846153,97.0,76.0,98.0
0881.761,-53.900000000000006,30.900000000000002,97.0,76.0,98.0
0881.793,-22.4875,34.975,98.0,76.0,98.0
0881.838,11.124999999999998,40.324999999999996,97.0,76.00000000000001,98.0
0881.871,23.961538461538463,39.625,95.9375,76.0,98.0
0881.895,27.0,41.815384615384616,94.0,76.0,98.0
0881.927,29.166666666666664,43.25,92.4375,76.0,98.0
0881.972,28.4,46.25,91.625,76.0,98.0
0881.997,26.2,47.349999999999994,91.0,76.0,98.0
0882.031,28.5,46.6,92.0,76.0,98.0
0882.063,41.112500000000004,46.81250000000001,93.0,76.0,98.0
0882.095,55.3,46.45,94.0,76.0,98.0
0882.127,75.9,44.78333333333333,95.0625,75.996875,98.0
0882.171,82.35384615384615,43.3,99.4375,75.859375,98.0
0882.196,71.15,40.0,104.125,75.78125,98.0
0882.228,48.4,35.16666666666667,112.375,75.68125,98.0
0882.261,21.45,27.9,112.5625,75.578125,98.0
0882.293,-3.0153846153846153,21.946153846153848,108.125,75.478125,98.0
0882.339,-21.683333333333334,17.107692307692307,104.6875,75.334375,98.0
0882.371,-29.123076923076923,10.566666666666666,103.0,75.234375,98.0
0882.398,-36.25,5.3,103.0,75.15,98.0
0882.429,-44.975,-6.1,102.0,75.05312500000001,98.0
0882.461,-59.03333333333333,-18.1,102.0,75.00000000000001,98.0
0882.501,-68.36923076923077,-39.725,101.5625,75.0,98.00000000000001
0882.533,-85.83333333333333,-59.8,98.5625,75.0,98.0
0882.565,-111.98333333333332,-78.45,95.5625,75.0,98.0
0882.597,-147.6769230769231,-92.9,93.5625,75.0,98.0
0882.629,-176.93076923076922,-103.0,93.0,75.0,98.0
0882.661,-197.24615384615385,-109.69230769230771,93.0,75.0,98.0
0882.693,-218.14166666666665,-114.94999999999999,94.0,75.0,98.0
0882.733,-252.23076923076923,-123.79999999999998,94.0,75.0,98.0
0882.764,-290.23333333333335,-136.93076923076924,94.0,75.0,98.0
0882.797,-332.575,-152.73333333333335,93.0625,74.97767857142857,98.0
0882.830,-372.3333333333333,-168.63333333333335,93.0,74.92857142857143,98.0
0882.862,-411.0230769230769,-178.20000000000002,92.0,74.88095238095238,98.0
0882.894,-435.35,-182.29999999999998,92.0,74.83333333333333,98.0
0882.926,-445.35,-187.16666666666666,92.0,74.78571428571429,98.00000000000001
0882.972,-443.13846153846146,-190.41666666666669,92.875,74.7172619047619,98.0
0882.999,-433.29999999999995,-188.925,93.5625,74.67708333333333,98.0
0883.030,-429.75,-185.17499999999998,101.0,74.63095238095238,98.0
0883.061,-427.925,-185.75833333333333,108.75,74.58482142857143,98.0
0883.093,-430.95384615384614,-187.2,115.4375,74.53720238095238,98.0
0883.133,-435.65555555555557,-188.56153846153845,114.0625,74.47767857142857,98.0
0883.165,-439.875,-189.425,109.1875,74.43005952380952,98.0
0883.197,-444.8,-186.6,106.0625,74.38244047619048,98.0
0883.230,-451.8,-185.05,104.0,74.33333333333333,98.0
0883.264,-447.0923076923077,-177.86153846153846,101.875,74.28273809523809,98.0
0883.295,-450.2,-173.73076923076923,101.0,74.23660714285714,98.0
0883.328,-440.4,-169.25,101.0,74.1875,98.0
0883.360,-430.3111111111111,-166.01666666666665,101.0,74.13988095238095,98.0
0883.401,-403.1769230769231,-155.97499999999997,99.3125,74.07886904761904,98.0
0883.434,-378.5111111111111,-147.51538461538462,97.25,74.02976190476191,98.0
0883.467,-348.5,-138.61666666666667,95.1875,74.00000000000001,98.0
0883.497,-318.0666666666666,-132.05,94.0,74.0,98.0
0883.529,-282.33333333333337,-126.35,94.0,74.0,98.0
0883.561,-248.7,-120.71538461538461,94.0,74.0,98.0
0883.595,-209.79999999999998,-114.65,94.0,74.0,98.0
0883.626,-182.225,-109.26666666666665,94.75,74.0,98.0
0883.667,-146.28181818181818,-97.4,95.0,74.0,98.0
0883.697,-116.79999999999998,-89.35000000000001,95.0,74.0,98.0
0883.729,-82.75384615384615,-85.91538461538462,95.0,74.0,98.0
0883.761,-37.866666666666674,-82.48333333333333,94.0,74.0,98.0
0883.794,9.166666666666668,-81.15,94.0,74.00000000000001,98.0
0883.838,54.574999999999996,-69.975,95.1875,74.0,98.0
0883.871,65.5,-63.0,101.5,74.0,98.0
0883.898,73.33846153846153,-56.753846153846155,111.4375,74.0,98.0
0883.929,75.36666666666667,-53.016666666666666,114.75,74.0,98.0
0883.960,80.1,-50.83333333333333,114.3125,74.0,98.0
0884.002,78.39999999999999,-48.1375,108.70588235294117,74.0,98.0
0884.034,70.53333333333333,-47.65384615384616,105.75,74.0,98.0
0884.066,65.68333333333334,-47.55384615384615,102.75,74.0,98.0
0884.099,52.008333333333326,-47.175,100.6875,74.0,98.0
0884.131,39.96153846153847,-49.76923076923077,100.0,74.0,98.0
0884.163,19.4,-51.583333333333336,100.0,73.99999999999999,98.0
0884.196,-0.8999999999999997,-54.38333333333333,100.0,74.0,98.0
0884.228,-29.50769230769231,-56.641666666666666,99.0,74.0,98.0
0884.261,-75.8,-59.107692307692304,97.5,74.0,98.0
0884.293,-119.85833333333335,-63.974999999999994,95.5,74.0,98.0
0884.338,-194.06666666666666,-70.81666666666666,94.0,74.0,98.0
0884.366,-237.15000000000003,-74.45,94.0,74.0,98.0
0884.399,-283.2230769230769,-78.25555555555556,94.0,74.0,98.0
0884.432,-325.47499999999997,-81.925,94.0,74.0,98.0
0884.465,-362.63846153846146,-84.65454545454546,94.0,73.99999999999999,98.0
0884.497,-394.1,-84.66666666666667,94.0,74.0,98.0
0884.531,-416.45384615384614,-82.56923076923077,94.0,74.0,98.0
0884.564,-427.58461538461535,-84.22307692307693,94.0,74.0,98.0
0884.597,-432.0,-85.52307692307693,93.0,74.0,98.0
0884.630,-434.3,-88.1,93.0,74.0,98.0
0884.663,-433.6,-87.9,94.5625,74.0,98.0
0884.695,-431.03846153846155,-86.83333333333333,100.6875,74.0,98.0
0884.726,-431.6,-85.19999999999999,108.11764705882352,74.0,98.0
0884.765,-429.24444444444447,-84.13333333333334,116.0,74.0,98.0
0884.798,-428.45000000000005,-81.65,115.875,73.94940476190476,97.99999999999999
0884.830,-419.15000000000003,-81.5625,111.875,73.85416666666666,98.0
0884.864,-404.4666666666667,-79.22500000000001,106.8125,73.75297619047619,98.0
0884.897,-384.13076923076926,-77.36153846153846,104.75,73.65476190476191,98.0
0884.929,-360.0,-72.34615384615384,101.75,73.5595238095238,98.0
0884.962,-336.83333333333337,-67.8,101.0,73.46130952380952,98.0
0884.994,-315.3,-63.258333333333326,101.0,73.36607142857143,98.0
0885.033,-290.1307692307692,-56.55384615384615,101.0,73.25,98.0
0885.066,-263.2166666666667,-53.36923076923077,100.0,73.15178571428571,98.0
0885.099,-238.04999999999998,-48.6,98.0,73.05357142857143,98.0
0885.131,-212.0625,-43.33333333333333,96.125,73.00000000000001,98.0
0885.163,-186.55,-40.974999999999994,95.125,73.0,98.00000000000001
0885.197,-153.05,-35.7,94.0,73.0,97.99999999999999
0885.230,-114.32499999999999,-32.7,94.0,73.0,98.0
0885.263,-80.15,-28.4,94.0,73.0,98.0
0885.295,-47.858333333333334,-24.446153846153848,94.0,73.0,98.0
0885.329,-17.692307692307693,-20.1,95.0,73.0,98.0
0885.362,16.758333333333333,-16.125,94.0,73.0,98.0
0885.394,62.1,-14.666666666666668,94.0,73.0,98.0
0885.439,137.55,-11.4,94.0,73.0,98.0
0885.472,176.5181818181818,-5.5,94.4,73.0,98.0
0885.497,196.44285714285712,-1.3333333333333333,99.29411764705883,73.0,98.0
0885.530,209.46153846153845,3.5,106.4375,73.0,98.0
0885.561,209.72500000000002,5.641666666666667,112.5,73.0,98.0
0885.595,203.77499999999998,8.3,115.0,73.0,98.0
0885.628,201.35000000000002,9.9,112.0625,73.0,98.0
0885.661,197.5,11.9,107.0,73.0,98.0
0885.701,189.4923076923077,12.215384615384615,104.5,73.0,98.0
0885.732,179.6,10.6,101.5625,73.0,98.0
0885.763,166.4,9.066666666666666,101.0,73.0,98.0
0885.795,163.52307692307693,9.123076923076923,101.375,73.0,98.0
0885.827,159.65,12.825,103.0,73.0,97.99999999999999
0885.871,163.7,17.038461538461537,102.875,73.0,98.0
0885.897,158.65,19.175,100.25,73.0,98.0
0885.928,151.8846153846154,18.808333333333334,98.3125,73.0,98.0
0885.961,137.79999999999998,18.38333333333333,95.25,73.0,98.0
0885.995,121.38461538461539,16.453846153846154,92.125,73.0,98.0
0886.028,106.74166666666666,16.35,92.0,73.0,98.0
0886.060,92.6,17.033333333333335,92.0,73.0,98.0
0886.101,85.93333333333334,20.083333333333336,93.5,73.0,98.0
0886.132,80.91538461538462,20.1,95.0,73.0,98.0
0886.163,76.7,20.915384615384617,95.0,73.0,98.0
0886.197,76.0,18.200000000000003,95.0,73.0,98.0
0886.229,83.3625,14.6125,94.0,73.0,98.0
0886.259,89.5,15.844444444444445,93.0,73.0,98.0
0886.299,99.6,15.992307692307694,92.875,73.0,98.0
0886.331,101.375,19.191666666666663,97.625,73.0,98.0
0886.362,104.975,21.824999999999996,104.25,73.0,98.0
0886.395,113.90769230769232,23.775,113.75,73.0,98.0
0886.427,116.75,25.584615384615383,115.0,73.0,98.0
0886.460,123.32499999999999,26.199999999999996,111.125,73.0,98.0
0886.493,122.17500000000001,26.866666666666664,109.0,73.0,98.0
0886.539,115.63333333333335,25.75,103.25,73.0,98.0
0886.572,106.03333333333335,25.85,100.125,73.0,98.0
0886.606,98.93076923076923,26.816666666666663,98.0,73.0,98.0
0886.640,94.9,25.26923076923077,98.0,73.0,98.0
0886.673,89.75833333333333,25.0,98.0,73.0,98.0
0886.699,86.2,24.15,97.0,73.0,98.0
0886.731,77.8,25.223076923076924,96.0,73.0,98.0
0886.761,75.2375,25.333333333333336,95.0,73.0,98.0
0886.793,65.96666666666667,24.95,94.0,73.0,98.0
0886.833,57.65,25.037499999999998,93.0,73.0,97.99999999999999
0886.866,51.4,22.646153846153844,93.0,73.0,98.0
0886.898,41.833333333333336,19.849999999999998,93.0,73.0,98.0
0886.931,31.853846153846156,16.166666666666668,93.41176470588235,73.0,98.0
0886.963,18.291666666666668,11.4,94.0,73.0,98.0
0886.994,-1.2999999999999996,5.612500000000001,94.0,73.0,98.0
0887.038,-28.799999999999997,-3.433333333333333,93.0,73.0,98.0
0887.063,-39.0,-7.300000000000001,93.0,73.0,98.0
0887.095,-45.776923076923076,-11.075000000000001,93.0,73.0,98.0
0887.127,-55.233333333333334,-15.530769230769232,93.6875,72.96726190476191,98.0
0887.167,-84.68461538461538,-19.35,101.75,72.84821428571428,98.0
0887.200,-130.25,-24.15,109.75,72.75,98.0
0887.232,-184.375,-29.175,113.25,72.65476190476191,98.0
0887.265,-237.73333333333335,-37.01538461538462,112.375,72.55654761904762,98.0
0887.297,-292.76250000000005,-43.0,109.375,72.46130952380952,98.0
0887.330,-340.84999999999997,-48.75,105.625,72.36309523809524,98.0
0887.361,-381.4769230769231,-52.891666666666666,103.6875,72.27083333333334,98.0
0887.401,-428.3666666666667,-57.06666666666666,102.0,72.15178571428572,98.0
0887.432,-461.2625,-58.95384615384616,101.0,72.05952380952381,98.0
0887.464,-491.85,-62.35,101.0,72.0,98.0
0887.496,-519.675,-65.19166666666666,100.0,72.0,98.0
0887.529,-551.4615384615385,-66.19999999999999,99.1875,72.0,98.0
0887.562,-576.0333333333334,-68.27777777777777,98.0,72.0,98.0
0887.594,-591.7272727272726,-68.78750000000001,96.0,72.0,98.0
0887.634,-598.7333333333333,-74.6,94.625,72.0,98.0
0887.667,-603.4538461538461,-80.03333333333333,94.0,72.0,98.0
0887.699,-603.9307692307693,-86.45384615384614,94.0,72.0,98.0
0887.733,-603.1333333333333,-88.80000000000001,94.0,72.0,98.0
0887.764,-589.8,-87.16666666666666,94.0,72.0,98.0
0887.795,-568.3,-83.14166666666665,94.0,72.0,98.0
0887.828,-542.6222222222223,-79.11538461538461,94.0,72.0,98.0
0887.874,-471.5,-71.45,94.0,72.0,98.0
0887.905,-408.06666666666666,-65.38461538461539,93.0,72.0,98.0
0887.929,-344.95000000000005,-57.53333333333333,93.0,72.0,98.0
0887.961,-269.65,-51.38333333333333,94.0,72.0,98.0
0888.001,-193.6,-43.15,102.25,72.0,98.0
0888.032,-141.0769230769231,-38.2,109.75,72.0,98.0
0888.064,-94.98333333333333,-31.0,114.0,72.0,98.0
0888.096,-43.725,-27.175,112.75,72.0,98.0
0888.129,5.930769230769233,-22.7,107.6875,72.0,98.0
0888.162,57.516666666666666,-20.225,105.625,72.0,97.99999999999999
0888.195,99.96666666666667,-15.3,103.5625,72.0,98.0
0888.228,132.7,-11.566666666666666,101.0,72.0,98.0
0888.261,160.1846153846154,-8.466666666666667,101.0,72.0,98.0
0888.293,176.10000000000002,-5.946153846153846,101.0,72.0,98.0
0888.327,194.48749999999998,-2.1,101.0,72.0,98.0
0888.374,200.4,3.041666666666667,99.375,72.0,98.0
0888.392,199.22499999999997,5.2666666666666675,98.0,72.0,98.0
0888.435,190.5,9.7,96.0,72.0,98.0
0888.472,180.4,11.384615384615385,95.0,72.0,98.0
0888.499,174.3125,11.741666666666665,94.5625,72.0,98.0
0888.532,171.32500000000002,13.258333333333333,95.0,72.0,98.0
0888.566,169.53333333333336,14.399999999999999,95.0,72.0,98.0
0888.599,168.31538461538463,18.599999999999998,95.0,72.0,98.0
0888.632,161.31666666666666,18.133333333333333,94.0,72.0,98.0
0888.666,152.1,19.0,94.0,72.0,98.0
0888.705,155.6,19.400000000000002,93.0,72.0,98.0
0888.732,165.4923076923077,21.933333333333337,93.0,72.0,98.0
0888.764,187.72307692307695,25.46153846153846,93.0,72.0,98.0
0888.798,209.21666666666667,28.8,97.375,72.05373134328357,98.0
0888.831,216.2,31.758333333333333,104.75,72.15223880597014,98.0
0888.864,212.72307692307692,33.008333333333326,114.25,72.25074626865673,98.0
0888.897,204.53333333333336,34.315384615384616,115.0,72.34925373134328,98.0
0888.928,198.14999999999998,35.233333333333334,112.75,72.44179104477612,98.0
0888.960,195.28750000000002,35.0,108.75,72.53731343283582,98.0
0889.005,197.4083333333333,32.7,105.9375,72.67164179104478,98.0
0889.038,189.1076923076923,31.200000000000003,102.86666666666666,72.77014925373135,98.0
0889.071,167.14615384615385,27.65,101.75,72.86865671641792,98.0
0889.096,147.95,24.6,101.0,72.94328358208955,98.0
0889.129,127.05,18.333333333333336,101.0,73.00000000000001,98.0
0889.162,99.45384615384614,8.466666666666669,100.0,73.0,98.0
0889.196,64.8,-1.5769230769230769,97.9375,73.0,98.0
0889.229,13.400000000000002,-11.399999999999999,96.0,73.0,98.0
0889.262,-45.9,-21.200000000000003,94.0,73.0,98.0
0889.295,-108.85384615384615,-29.176923076923075,93.75,73.0,98.0
0889.328,-167.02499999999998,-38.4,93.0,73.0,98.0
0889.362,-217.51666666666665,-44.56666666666667,93.0,73.0,98.0
0889.396,-271.1083333333333,-49.699999999999996,93.5625,73.0,98.0
0889.430,-320.1,-52.325,94.0,73.0,98.0
0889.463,-356.5230769230769,-53.41111111111111,93.0,73.0,98.0
0889.495,-378.6,-52.761538461538464,93.0,73.0,98.00000000000001
0889.527,-381.5375,-54.041666666666664,92.0,73.0,98.0
0889.560,-382.23333333333335,-55.16666666666666,92.0,73.0,98.0
0889.594,-373.0153846153846,-54.3,93.0,73.0,98.0
0889.641,-360.93333333333334,-48.5,99.4375,73.0,98.0
0889.659,-356.9307692307692,-46.25,103.75,73.0,98.0
0889.699,-355.23333333333335,-40.7,112.4375,73.0,98.0
0889.732,-351.175,-36.92307692307692,112.5,73.0,98.0
0889.762,-337.3,-33.93333333333333,108.625,73.0,98.0
0889.794,-316.723076923077,-29.4,106.625,73.0,98.0
0889.826,-292.77500000000003,-26.933333333333334,104.625,73.00000000000001,98.00000000000001
0889.872,-254.9,-22.315384615384616,102.75,73.0,98.0
0889.899,-225.35,-21.5,102.0,73.0,98.0
0889.930,-187.66666666666669,-17.116666666666664,102.875,73.0,98.0
0889.963,-139.84615384615387,-14.115384615384617,103.9375,73.0,98.0
0889.997,-99.3,-11.0,103.9375,73.0,98.0
0890.029,-71.60833333333333,-7.284615384615384,101.88235294117646,73.0,98.0
0890.061,-60.7,-4.6,98.9375,73.0,98.0
0890.101,-49.2375,-0.5375000000000001,96.375,73.0,98.0
0890.139,-28.830769230769235,1.1,94.0,73.0,98.0
0890.164,-3.5250000000000004,1.5923076923076922,94.0,73.0,98.0
0890.196,27.400000000000002,4.666666666666667,94.0,73.0,98.0
0890.227,56.43333333333333,9.2,94.0,73.0,98.0
0890.272,86.675,18.4,94.0,73.0,98.0
0890.298,103.1,22.107692307692307,94.0,73.0,98.0
0890.329,130.25,25.892307692307696,93.0,73.0,98.0
0890.360,155.9,26.53333333333333,93.0,73.0,98.0
0890.402,192.40833333333333,32.88333333333333,93.4375,73.0,98.0
0890.438,215.38461538461542,39.43333333333334,96.375,73.0,98.0
0890.471,224.95,42.46153846153845,106.25,73.0,98.0
0890.497,227.7,42.25,110.75,73.0,98.0
0890.529,220.73333333333335,40.5125,112.625,73.0,98.0
0890.561,216.975,37.93333333333334,109.625,73.0,98.0
0890.593,212.75,38.03846153846153,107.625,73.0,98.0
0890.626,210.16666666666669,36.0,104.5625,73.0,98.0
0890.671,199.56666666666666,36.150000000000006,101.75,73.0,98.0
0890.698,191.72307692307692,34.96666666666667,101.0,73.0,98.0
0890.729,183.87692307692308,35.60769230769231,100.0,73.0,98.0
0890.760,168.56666666666666,32.40833333333333,100.0,73.0,98.0
0890.802,145.10000000000002,29.883333333333333,98.5625,73.0,98.0
0890.833,126.68333333333334,25.2,97.625,73.0,98.0
0890.865,95.33076923076922,22.02222222222222,95.625,73.0,98.0
0890.898,57.583333333333336,12.2,95.0,73.0,98.0
0890.930,2.1416666666666666,5.4624999999999995,94.0,73.0,98.0
0890.963,-63.86666666666666,-7.9875,93.53333333333333,73.0,98.0
0890.995,-128.9,-17.2,93.0,73.0,98.0
0891.028,-198.8,-28.75,93.0,73.0,98.0
0891.060,-268.5,-38.150000000000006,93.0,73.0,98.0
0891.100,-330.70000000000005,-43.8,93.0,73.0,98.0
0891.132,-377.11111111111114,-46.87692307692308,93.0,73.0,97.95223880597014
0891.165,-402.6333333333333,-48.6,93.0,73.0,97.85373134328358
0891.197,-414.54999999999995,-50.9,92.0,73.0,97.75820895522388
0891.229,-416.1875,-53.45833333333333,92.125,73.0,97.66268656716417
0891.261,-411.5,-53.0,96.375,73.0,97.56716417910448
0891.293,-404.0,-53.06666666666667,102.375,73.0,97.47164179104477
0891.334,-390.20000000000005,-50.45384615384615,109.375,73.0,97.34925373134328
0891.366,-368.725,-48.3,111.0,73.0,97.25373134328359
0891.397,-347.92499999999995,-42.25,108.375,73.0,97.16119402985075
0891.428,-327.7615384615384,-34.84615384615385,104.4375,73.0,97.0686567164179
0891.460,-310.0,-29.85,102.4375,73.0,97.0
0891.506,-290.5,-25.9,99.5625,73.0,97.0
0891.539,-268.33333333333337,-24.550000000000004,99.0,73.0,97.0
0891.567,-246.63076923076923,-22.216666666666665,99.0,73.0,97.0
0891.599,-220.59166666666667,-19.13846153846154,99.0,73.0,97.0
0891.632,-189.86666666666667,-19.407692307692308,98.0,73.0,97.0
0891.666,-164.975,-16.06923076923077,97.0,73.0,97.0
0891.699,-141.55555555555554,-14.216666666666667,97.0,73.0,97.0
0891.730,-116.0,-9.600000000000001,97.0,73.0,97.0
0891.761,-87.7,-6.166666666666667,97.0,73.0,97.0
0891.793,-60.14999999999999,-3.0500000000000003,97.3125,73.0,97.0
0891.833,-31.18333333333333,-1.45,97.0,73.0,97.0
0891.865,-12.546153846153846,-0.475,96.125,73.0,97.0
0891.897,2.349999999999999,0.6000000000000001,95.0625,73.0,97.0
0891.929,18.93333333333333,2.583333333333333,94.0,73.0,97.0
0891.962,50.4,5.983333333333333,93.0625,73.0,97.0
0891.996,98.22307692307692,9.725000000000001,93.0,73.0,97.0
0892.030,148.79166666666666,15.492307692307694,93.0,73.0,97.0
0892.063,194.39166666666665,23.341666666666665,94.5,73.0,97.0
0892.096,217.9416666666667,33.06666666666666,99.25,73.0,97.0
0892.130,236.5,41.1,106.75,73.0,97.0
0892.163,241.56923076923078,44.9,113.5,73.0,97.0
0892.195,239.9,44.41111111111111,112.5,73.0,97.0
0892.229,241.30833333333334,42.3875,107.75,73.0,97.0
0892.263,228.46666666666667,40.8,104.5,73.0,97.0
0892.294,218.39230769230767,40.55,102.3125,73.0,96.99999999999999
0892.327,202.37499999999997,41.275000000000006,100.25,73.0,97.0
0892.372,186.7,41.05,99.5625,73.0,97.0
0892.398,179.4076923076923,38.56153846153846,100.0,73.0,97.0
0892.430,170.80769230769232,38.06666666666666,100.0,73.0,97.0
0892.462,160.6923076923077,36.525,99.0,73.0,97.0
0892.494,153.5,35.150000000000006,98.0,73.0,97.0
0892.540,143.66666666666666,31.025,95.9375,73.0,97.0
0892.558,139.1375,31.269230769230774,95.0,73.0,97.0
0892.600,126.06666666666666,29.261538461538457,94.1875,73.0,97.0
0892.634,119.45,26.624999999999996,94.0,73.0,97.0
0892.666,111.91538461538462,25.483333333333334,94.0,73.0,97.0
0892.698,109.96666666666667,24.20833333333333,94.0,73.0,97.0
0892.731,100.73333333333333,23.73846153846154,94.0,73.0,97.0
0892.762,90.25,23.8,94.0,73.0,97.0
0892.795,76.93333333333334,21.8,94.0,73.0,97.04776119402985
0892.826,69.6625,21.592307692307692,94.0,73.0,97.14029850746269
0892.867,73.56666666666666,19.833333333333336,93.4375,73.0,97.26268656716417
0892.900,91.175,19.875,93.0,73.0,97.36119402985074
0892.934,105.44999999999999,21.950000000000003,94.75,73.0,97.46268656716418
0892.967,114.36923076923077,24.26666666666667,101.4375,73.0,97.56119402985075
0892.999,113.21666666666667,24.869230769230768,108.4375,73.0,97.65671641791045
0893.032,104.58333333333333,24.79230769230769,113.875,73.0,97.75522388059701
0893.066,97.99166666666666,24.433333333333334,112.0,73.0,97.85671641791045
0893.099,93.9,22.75,107.9375,73.0,97.95522388059702
0893.131,87.39166666666668,23.6,106.0,73.0,97.99999999999999
0893.163,83.46666666666667,23.253846153846155,104.0,73.0,98.0
0893.198,81.6,25.2,103.0,73.0,98.0
0893.232,79.325,23.53333333333333,103.0,73.0,98.0
0893.264,76.69230769230771,23.075,103.0,73.0,98.0
0893.296,73.0,22.7,102.625,73.0,98.0
0893.329,65.2,19.576923076923077,101.5625,73.0,98.0
0893.360,56.275000000000006,19.5,97.625,73.0,98.0
0893.406,42.4375,17.2,94.75,73.0,98.0
0893.438,38.3,17.5,93.0,73.0,98.0
0893.465,30.0375,14.446153846153845,93.0,73.0,98.0
0893.497,16.9,9.8,93.0,73.0,98.0
0893.530,-0.9,3.7,94.0,73.0,98.0
0893.561,-29.153846153846153,-3.966666666666667,94.0,73.0,98.0
0893.595,-78.9,-14.008333333333333,94.0,73.0,98.0
0893.628,-155.7,-26.012500000000003,93.93333333333334,73.0,98.0
0893.661,-243.0,-37.025,93.0,73.0,98.0
0893.694,-334.9,-47.8,92.0,73.0,98.0
0893.726,-399.4,-55.875,92.0,73.0,98.0
0893.766,-455.75,-63.56666666666666,92.0,73.0,98.0
0893.796,-486.23846153846154,-66.93333333333334,93.0,73.0,98.0
0893.828,-513.9333333333333,-68.02307692307693,97.6875,73.0,98.0
0893.871,-567.5416666666666,-69.83333333333333,107.0,73.0,98.0
0893.896,-589.4666666666667,-70.50833333333333,111.625,73.0,98.0
0893.929,-616.6374999999999,-71.56666666666666,114.0,73.0,98.0
0893.962,-624.0250000000001,-72.06923076923077,111.0625,73.0,98.0
0893.996,-627.2,-73.65,105.875,73.0,98.0
0894.029,-627.875,-73.9375,103.875,73.0,98.0
0894.062,-631.05,-73.875,101.8125,73.0,98.0
0894.094,-632.3923076923077,-73.6,101.0,73.0,98.0
0894.127,-633.575,-74.4875,101.0,73.0,98.0
0894.171,-623.6500000000001,-73.74615384615385,102.0,73.0,98.0
0894.196,-619.3,-74.53333333333333,101.375,73.0,98.0
0894.228,-606.9461538461538,-72.80833333333334,100.4375,73.0,98.0
0894.260,-593.9833333333332,-70.88461538461539,99.0,73.0,98.0
0894.293,-574.625,-67.60833333333333,98.0,73.0,98.0
0894.327,-544.1999999999999,-62.5,97.0,73.0,98.0
0894.372,-495.35,-53.0,97.0,73.0,98.0
0894.397,-469.675,-49.0,97.0,73.0,98.0
0894.430,-443.2625,-43.353846153846156,97.00000000000001,73.0,98.0
0894.462,-428.2,-42.1,96.0,73.0,97.98750000000001
0894.493,-418.46153846153845,-40.425,94.8125,73.0,97.890625
0894.539,-388.0333333333333,-39.61666666666667,93.0,73.0,97.74687499999999
0894.572,-324.1,-35.175,94.125,73.0,97.64375000000001
0894.605,-225.675,-26.8,96.1875,73.0,97.540625
0894.631,-142.79999999999998,-18.3,99.625,73.0,97.459375
0894.662,-43.06923076923077,-8.575000000000001,103.5,73.0,97.36250000000001
0894.694,25.35,-2.0846153846153848,109.25,73.0,97.2625
0894.727,54.6,-0.025000000000000012,116.8125,73.0,97.159375
0894.772,32.675,-1.7249999999999999,114.125,73.0,97.01875
0894.799,10.275,-2.0666666666666664,106.375,73.0,97.0
0894.830,-6.569230769230769,-0.3249999999999999,102.75,73.0,97.0
0894.863,-9.149999999999999,4.538461538461538,100.0,73.0,97.0
0894.895,3.7,12.0,100.0,73.0,97.0
0894.928,24.923076923076923,19.75,100.0,73.0,97.0
0894.959,52.53333333333333,27.33076923076923,102.3125,73.0,97.0
0894.999,92.675,38.58888888888889,103.8125,73.0,97.0
0895.029,108.9,45.3,102.3125,73.0,97.0
0895.062,121.0,50.49999999999999,100.25,73.0,97.0
0895.094,117.8,51.7,97.25,73.0,97.0
0895.139,105.5,51.2125,93.4375,73.0,97.0
0895.166,94.5,50.233333333333334,91.75,73.0,97.0
0895.199,88.85,50.63333333333333,90.0,73.0,97.0
0895.231,98.97692307692307,53.08333333333333,90.0,73.0,97.0
0895.264,134.65,60.15384615384615,92.375,73.0,97.0
0895.299,175.9,88.11666666666667,94.5625,73.0,97.0
0895.332,209.2,108.51666666666665,96.625,73.0,97.0
0895.363,228.06153846153845,126.73333333333332,97.0,73.0,97.0
0895.397,249.16666666666669,119.83333333333334,96.3125,73.0,97.0
0895.430,271.73333333333335,114.475,94.25,73.0,97.0
0895.463,288.76666666666665,109.775,92.1875,73.0,97.0
0895.494,291.9,108.13333333333334,92.0,73.0,97.0
0895.527,284.575,104.15,95.625,73.0,97.0
0895.572,280.2375,117.75384615384615,106.5,73.0,97.0
0895.599,290.02500000000003,136.54166666666666,114.3125,73.0,97.0
0895.630,316.4153846153846,165.525,115.0,73.0,97.0
0895.662,345.65,194.9,113.75,73.0,97.0
0895.695,366.85,198.3076923076923,111.71428571428571,73.0,97.0
0895.728,378.58333333333337,195.5,109.58823529411765,73.0,97.0
0895.762,377.0,188.51666666666668,105.06666666666666,73.0,97.0
0895.794,364.74615384615385,181.8769230769231,102.5,73.0,97.0
0895.832,351.8,173.13333333333333,100.0,73.0,97.0
0895.863,350.625,166.9,99.0,73.0,97.0
0895.895,360.6333333333333,160.7,98.1875,73.0,97.0
0895.927,380.79999999999995,187.35,98.0,73.0,97.0
0895.961,406.05555555555554,226.6,98.0,73.0,97.0
0895.994,424.1,262.2,98.0,73.0,97.0
0896.027,416.9375,271.53846153846155,97.9375,73.0,97.0
0896.060,375.74999999999994,250.29999999999998,96.0,73.0,97.0
0896.100,310.55,218.85,95.0,73.0,97.0
0896.133,251.05,194.4,93.3125,73.00000000000001,97.0
0896.166,188.7,168.03333333333333,92.0,73.0,97.0
0896.196,132.9,139.74615384615385,92.0,73.0,97.0
0896.229,72.7,105.5,92.0,73.0,97.0
0896.261,40.02307692307693,67.65,92.0,73.0,97.0
0896.305,13.861538461538462,25.3,94.46666666666667,73.0,97.0
0896.331,10.833333333333334,7.8538461538461535,96.13333333333333,73.0,97.0
0896.361,1.6666666666666665,-5.300000000000001,101.0,73.0,97.0
0896.395,-17.6,-21.733333333333334,111.35294117647058,73.0,97.0
0896.428,-48.815384615384616,-39.70909090909091,116.1875,73.0,97.0
0896.462,-89.7,-54.025,114.11764705882354,73.0,97.0
0896.494,-131.29166666666669,-62.44444444444444,108.7741935483871,73.0,97.0
0896.527,-161.18333333333334,-62.99166666666667,104.25,73.0,97.0
0896.559,-181.2166666666667,-64.2,100.625,73.0,97.0
0896.600,-192.55,-64.53333333333333,98.0625,73.0,97.0
0896.634,-192.3,-60.54615384615385,99.0,73.0,97.0
0896.666,-178.2875,-49.169230769230765,100.0625,73.0,97.0
0896.699,-153.13750000000002,-35.5,102.125,73.0,97.0
0896.732,-129.66666666666666,-22.675,102.8125,73.0,97.0
0896.764,-114.58333333333333,-11.315384615384614,101.0,73.0,97.0
0896.796,-108.69999999999999,-3.2384615384615385,97.8125,73.0,97.0
0896.828,-112.73333333333332,2.45,95.8125,73.0,97.0
0896.861,-123.17692307692306,4.7875,93.75,73.0,97.0
0896.906,-131.96666666666667,6.625,93.0,73.0,97.0
0896.940,-124.01666666666665,10.0,94.0,73.0,97.0
0896.972,-104.85,14.633333333333335,95.0,73.0,97.0
0897.005,-70.8,19.799999999999997,95.25,73.0,97.0
0897.031,-43.7,23.675,96.0,73.0,97.0
0897.063,-3.375,25.492307692307694,96.0,73.0,97.0
0897.094,35.483333333333334,28.76153846153846,96.0,73.0,97.0
0897.127,83.7875,33.30909090909091,96.0,73.00000000000001,97.00000000000001
0897.174,137.1125,40.275000000000006,98.625,73.0,97.0
0897.191,149.85000000000002,44.45,103.625,73.0,97.0
0897.234,169.125,51.275000000000006,111.125,73.0,97.0
0897.273,178.9,59.82307692307692,112.0,73.0,97.0
0897.298,185.6,62.25,109.875,73.0,97.0
0897.329,200.14615384615385,65.1,107.5,73.0,97.0
0897.362,221.10833333333335,63.2,105.4375,73.0,97.0
0897.394,237.05,64.16666666666666,104.0,73.0,97.0
0897.428,242.03333333333333,61.95,103.0,73.0,97.0
0897.461,235.01538461538462,61.275000000000006,103.0,73.0,97.0
0897.494,220.5,57.6,103.0,73.0,97.0
0897.528,208.52307692307693,55.65384615384615,101.0625,73.0,97.0
0897.562,182.18333333333334,50.8,99.0,73.0,97.00000000000001
0897.596,149.175,44.02307692307692,97.0,73.0,97.0
0897.630,112.43333333333334,32.516666666666666,96.0,73.0,97.0
0897.664,81.8888888888889,20.075000000000003,96.0,73.0,97.0
0897.696,49.1875,9.799999999999999,96.0,73.0,97.0
0897.729,13.7125,-5.307692307692308,95.0,73.0,97.0
0897.760,-33.60769230769231,-20.191666666666666,95.0,73.0,97.0
0897.798,-89.47692307692309,-39.95,95.0,73.0,97.0
0897.829,-145.77499999999998,-56.800000000000004,95.0,73.0,97.0
0897.863,-210.36666666666667,-71.45555555555556,94.0,73.0,97.0
0897.895,-260.17499999999995,-84.5875,93.125,73.0,97.0
0897.926,-297.66923076923075,-99.26666666666667,93.0,73.0,97.0
0897.972,-340.075,-119.56666666666668,93.0,73.0,97.0
0898.006,-383.35,-131.475,98.4375,73.0,97.0
0898.024,-406.525,-135.63333333333333,102.75,73.0,97.0
0898.063,-450.92857142857144,-141.58333333333331,112.75,73.0,97.0
0898.094,-482.9076923076923,-145.2,113.6875,73.0,97.0
0898.126,-509.4625,-150.5076923076923,111.375,73.00000000000001,97.0
0898.171,-568.45,-155.58333333333334,105.875,73.0,97.0
0898.206,-608.925,-163.60769230769233,104.0,73.0,96.99999999999999
0898.239,-644.05,-170.35,102.0,73.0,97.0
0898.271,-665.2153846153847,-174.56666666666666,102.0,73.0,97.0
0898.297,-681.6333333333333,-178.0,102.0,73.0,96.99999999999999
0898.329,-699.9749999999999,-177.7375,102.0,73.0,97.0
0898.362,-717.1692307692308,-178.95,101.9375,73.0,97.0
0898.395,-729.3666666666667,-180.25833333333333,99.875,73.0,97.0
0898.428,-739.1384615384616,-179.39999999999998,98.8125,73.0,97.0
0898.461,-746.7923076923078,-177.34999999999997,97.0,73.0,97.0
0898.493,-750.075,-174.20000000000002,96.0,73.0,97.0
0898.538,-740.075,-168.56666666666666,96.0,73.0,97.0
0898.571,-723.2333333333333,-164.3,96.0,73.0,97.0
0898.599,-702.5333333333333,-157.7,96.0,73.0,97.0
0898.630,-674.1846153846154,-150.54999999999998,96.0,73.0,97.0
0898.662,-636.5,-143.23076923076923,96.0,73.0,97.0
0898.693,-595.875,-138.16666666666669,96.0,73.0,97.0
0898.733,-539.0583333333333,-131.25,95.0,73.0,97.0
0898.766,-495.1625,-125.35000000000001,95.0,73.0,97.0
0898.797,-458.2,-118.1846153846154,97.5,73.0,97.05952380952381
0898.830,-427.4,-111.07692307692307,102.9375,73.0,97.15773809523809
0898.862,-402.34615384615387,-106.925,110.625,73.0,97.25297619047618
0898.895,-383.9846153846154,-103.1,113.0,73.0,97.35119047619048
0898.927,-372.64166666666665,-100.43333333333334,111.625,73.0,97.44642857142858
0898.960,-363.67692307692306,-97.97692307692307,107.5625,73.0,97.54464285714286
0899.006,-356.5,-92.0,104.6875,73.0,97.68154761904762
0899.038,-345.93333333333334,-89.225,102.6875,73.0,97.77678571428571
0899.063,-340.2846153846154,-87.10833333333332,102.0,73.0,97.85119047619048
0899.095,-329.7,-84.7,102.0,73.0,97.94642857142857
0899.127,-323.7666666666667,-82.8,102.0,73.0,98.0
0899.172,-309.11666666666673,-77.9,101.0,73.0,98.00000000000001
0899.199,-305.32500000000005,-76.44615384615385,98.625,73.0,98.0
0899.231,-301.6333333333333,-74.25,96.625,73.0,98.0
0899.263,-298.9923076923077,-72.4,95.0,73.0,98.0
0899.296,-295.7538461538462,-68.8375,95.0,73.0,98.0
0899.328,-288.8125,-67.4,94.0,73.0,98.0
0899.362,-283.6,-66.45384615384616,94.0,73.0,98.0
0899.395,-273.5666666666667,-66.1,94.0,73.0,98.0
0899.427,-270.8769230769231,-63.70833333333333,94.0,73.0,98.0
0899.472,-265.9111111111111,-59.416666666666664,94.0,73.0,98.0
0899.497,-265.5,-56.64615384615385,94.0,73.0,98.0
0899.529,-255.4666666666667,-55.98333333333332,93.9375,73.0,98.0
0899.560,-236.73846153846154,-51.75,93.0,73.0,98.0
0899.602,-208.75384615384615,-48.1,94.625,73.0,98.0
0899.634,-192.85000000000002,-43.607692307692304,98.875,73.0,98.0
0899.666,-176.61666666666665,-38.387499999999996,109.5,73.0,98.0
0899.697,-159.05555555555557,-32.7375,114.125,73.0,98.0
0899.731,-136.42307692307693,-28.9,116.0,73.0,98.0
0899.763,-125.3,-23.975,112.3125,73.0,98.0
0899.796,-121.2,-24.553846153846155,110.25,73.0,98.0
0899.829,-114.3,-23.200000000000003,107.1875,73.0,98.0
0899.861,-101.82222222222222,-23.21666666666667,106.0,73.0,98.0
0899.901,-83.34615384615384,-20.8,104.0,73.0,98.0
0899.932,-66.96923076923078,-19.223076923076924,103.0,73.0,98.0
0899.966,-48.7,-20.1,102.625,73.0,98.0
0899.999,-35.699999999999996,-19.2,100.5625,73.0,98.0
0900.033,-26.884615384615383,-19.40833333333333,99.4375,73.0,98.0
0900.066,-23.633333333333333,-17.40833333333333,97.375,73.0,98.0
0900.099,-16.533333333333335,-13.815384615384616,95.0,73.0,98.0
0900.130,-5.9,-12.9,94.0,73.0,98.0
0900.162,-0.06153846153846154,-13.012500000000001,94.0,73.0,98.0
0900.195,10.316666666666666,-13.112499999999999,94.0,73.0,98.0
0900.227,4.808333333333334,-12.437500000000002,93.3125,73.0,98.0
0900.272,-0.19166666666666665,-7.933333333333334,93.0,73.0,98.0
0900.299,-5.466666666666667,-6.8,92.8235294117647,73.0,98.0
0900.332,10.816666666666668,-5.7,93.0,73.0,98.0
0900.363,30.75,-3.169230769230769,94.0,73.0,98.0
0900.397,57.7,1.4,95.0,73.0,98.0
0900.430,77.075,6.3,96.3125,73.0,98.0
0900.463,90.13333333333333,11.1,99.125,73.0,98.0
0900.495,111.025,10.6,108.2,73.0,98.00000000000001
0900.528,125.89999999999999,11.1,113.47058823529412,73.0,97.99999999999999
0900.561,136.9875,11.0,112.875,73.0,98.0
0900.593,136.25,9.9,109.875,73.0,98.0
0900.635,128.99166666666667,9.292307692307691,105.8125,73.0,98.0
0900.673,120.03333333333333,7.566666666666666,103.4375,73.0,98.0
0900.699,117.42500000000001,7.5875,101.8125,73.0,98.0
0900.732,116.63333333333333,6.9375,100.0,73.0,98.0
0900.763,118.83333333333333,5.6000000000000005,100.0,73.0,98.0
0900.795,121.0,7.469230769230769,100.0,73.0,98.0
0900.827,121.24615384615385,8.6,99.0,73.0,98.0
0900.872,111.29230769230769,8.4,97.0,73.0,98.0
0900.898,100.8,7.884615384615385,94.375,73.0,98.0
0900.930,94.24166666666667,7.191666666666666,93.0,73.0,98.0
0900.961,85.5,7.1000000000000005,92.0,73.0,98.0
0901.001,72.75555555555556,6.466666666666667,92.0,73.0,98.0
0901.031,63.4,5.061538461538461,92.9375,73.0,98.0
0901.064,57.416666666666664,5.0,93.0,73.0,98.0
0901.097,63.20769230769231,5.199999999999999,93.0,73.0,98.0
0901.128,68.975,7.4,93.0,73.0,98.0
0901.160,74.96666666666667,10.88888888888889,92.0,73.0,98.0
0901.200,79.21428571428571,10.261538461538462,91.0,73.0,98.0
0901.231,97.16153846153847,11.1,91.0,73.0,98.0
0901.262,125.55,10.833333333333332,91.0,73.0,98.0
0901.293,164.98333333333335,13.825000000000001,93.625,73.0,98.0
0901.334,197.64999999999998,32.89230769230769,100.625,73.0,98.0
0901.365,207.03333333333336,47.93333333333333,111.4375,73.0,98.0
0901.397,201.45000000000002,60.87692307692307,114.8125,73.0,98.0
0901.430,192.3769230769231,61.275,114.125,73.0,98.0
0901.464,178.85833333333332,55.06923076923077,109.0,73.0,98.0
0901.496,166.2,50.5,107.0,73.0,98.0
0901.529,144.3,47.37499999999999,103.9375,73.0,98.0
0901.561,126.9,44.7125,102.9375,73.0,98.0
0901.606,102.2,42.7125,102.0,73.0,98.0
0901.631,98.16666666666669,41.21666666666666,102.0,73.0,98.0
0901.663,98.075,41.275,100.5625,73.0,98.0
0901.696,103.53846153846155,41.325,99.0,73.0,98.0
0901.729,108.46666666666667,42.82307692307692,97.4375,73.0,98.0
0901.762,104.36666666666667,43.46923076923077,95.375,73.0,98.0
0901.795,101.83333333333334,46.05,94.3125,73.0,98.0
0901.827,88.61538461538461,49.1,94.0,73.0,98.0
0901.872,85.875,54.58461538461539,93.0,73.0,98.0
0901.896,87.2,57.8,93.0,73.0,98.0
0901.929,89.21666666666667,61.1,93.0,73.0,98.0
0901.961,96.92500000000001,59.53333333333333,93.0,73.0,98.0
0901.994,87.55,60.733333333333334,92.875,73.0,98.0
0902.028,83.2625,57.824999999999996,92.0,73.0,98.0
0902.060,75.23333333333332,58.33333333333333,92.0,73.0,98.0
0902.105,84.7923076923077,57.9,92.0,73.0,98.0
0902.130,98.625,58.31111111111111,91.375,73.0,98.0
0902.161,127.33333333333331,56.90833333333333,92.0,73.0,98.0
0902.193,157.0846153846154,54.14999999999999,95.125,73.0,98.0
0902.234,185.9,50.900000000000006,106.5,73.0,98.0
0902.266,208.9923076923077,46.975,113.125,73.0,98.0
0902.297,223.16666666666666,44.125,115.0,73.0,98.0
0902.329,228.70000000000002,44.030769230769224,112.875,73.0,98.0
0902.362,209.95000000000002,42.875,109.875,73.0,98.0
0902.396,192.36666666666667,42.63333333333334,105.75,73.0,98.0
0902.429,180.05,44.0,103.6875,73.0,98.0
0902.462,181.78333333333336,48.5,102.0,73.0,98.0
0902.495,176.59166666666667,53.45555555555555,101.0,73.0,98.0
0902.527,171.4111111111111,54.8,101.0,73.0,98.0
0902.560,163.07500000000002,54.6,99.5,73.0,98.0
0902.593,157.625,57.4,98.0,73.0,98.0
0902.625,147.35,58.0,97.4375,73.0,98.0
0902.667,147.35,59.35000000000001,96.0,73.0,98.0
0902.698,153.45000000000002,77.58333333333333,95.0,73.0,98.0
0902.730,164.0125,106.9,95.0,73.0,98.0
0902.761,166.61666666666665,129.4923076923077,95.0,73.0,98.0
0902.806,160.27692307692308,138.7,95.0,73.0,98.0
0902.838,149.36923076923077,128.96666666666667,94.0,73.0,98.0
0902.864,142.33333333333334,125.03333333333333,94.0,73.0,98.0
0902.896,123.225,121.0625,93.5,73.0,98.0
0902.928,114.9,115.6,93.0,73.0,98.0
0902.961,116.79230769230767,110.15,93.0,73.0,98.0
0902.994,129.22307692307692,104.5,93.0,73.0,98.0
0903.026,143.76666666666668,101.83333333333334,94.0,73.0,98.0
0903.071,181.13076923076923,96.0,100.3125,73.0,98.0
0903.098,209.23333333333335,94.4,106.375,73.0,98.0
0903.130,245.7923076923077,131.42499999999998,114.125,72.94642857142857,98.0
0903.161,269.3222222222222,166.31666666666666,114.9375,72.85416666666666,98.0
0903.194,287.05,200.88333333333333,109.875,72.75595238095238,98.0
0903.240,299.925,202.3846153846154,106.0,72.61904761904762,98.0
0903.273,295.85,194.44615384615386,102.9375,72.52083333333334,98.0
0903.306,286.0,186.45,101.875,72.42261904761905,98.0
0903.330,276.85833333333335,182.6,101.0,72.35119047619048,98.0
0903.363,265.1083333333333,172.8,101.0,72.25297619047619,98.0
0903.396,248.58333333333334,157.8615384615385,101.0,72.1547619047619,98.0
0903.429,227.36153846153846,138.85,100.0,72.05654761904762,98.0
0903.462,189.96666666666667,113.28333333333333,98.0,72.0,98.0
0903.495,153.05,91.16923076923077,96.0625,72.0,98.0
0903.529,103.125,62.70833333333333,95.0,72.0,98.0
0903.562,46.666666666666664,36.39166666666667,94.0,72.0,98.0
0903.596,-21.775000000000002,8.0,94.0,72.0,98.0
0903.628,-83.15,-21.400000000000002,94.0,72.0,98.0
0903.661,-154.8,-53.5,94.0,72.0,98.0
0903.695,-243.95000000000002,-78.10769230769232,94.0,72.0,98.0
0903.729,-333.63076923076926,-100.60000000000001,94.0,72.0,98.0
0903.762,-419.63076923076926,-115.25,94.0,72.0,98.0
0903.795,-462.075,-131.31666666666666,93.3125,72.0,98.0
0903.827,-494.6,-142.36153846153846,93.0,72.0,98.0
0903.871,-532.175,-153.08461538461538,93.4375,72.0,98.00000000000001
0903.898,-567.3923076923077,-155.35,95.375,72.0,98.0
0903.932,-606.553846153846,-160.45,105.0,72.0,98.0
0903.965,-637.25,-166.55555555555557,111.625,72.0,98.0
0903.999,-651.3000000000001,-169.55384615384617,113.06666666666666,72.0,98.0
0904.032,-653.4153846153846,-170.9,109.875,72.0,98.0
0904.064,-651.2333333333333,-170.39999999999998,106.4375,72.0,98.0
0904.096,-635.875,-166.56153846153848,103.0,72.0,98.0
0904.128,-615.1,-160.76666666666668,101.4375,72.0,98.0
0904.161,-583.85,-152.46666666666667,100.0,72.0,98.0
0904.193,-548.1833333333333,-143.77499999999998,101.0,72.0,98.0
0904.233,-492.12857142857143,-135.26923076923077,101.0,72.0,98.0
0904.266,-435.6125,-126.8777777777778,99.8125,72.0,98.0
0904.298,-381.03333333333336,-117.82499999999999,97.8125,72.0,98.0
0904.331,-327.4384615384615,-111.225,95.75,72.0,98.0
0904.363,-284.9666666666667,-103.9875,94.75,72.0,98.0
0904.397,-240.325,-97.80000000000001,94.0,72.0,98.0
0904.428,-207.625,-93.5,94.0,72.0,98.0
0904.461,-180.10000000000002,-85.80833333333334,94.0,72.0,98.0
0904.494,-150.9,-80.38333333333333,94.0,72.0,98.0
0904.528,-114.0,-71.58461538461538,94.0,72.0,98.0
0904.561,-61.291666666666664,-64.99166666666666,94.0,72.0,98.0
0904.594,7.338461538461539,-57.233333333333334,93.3125,72.0,98.0
0904.628,87.25833333333333,-52.733333333333334,93.0,72.0,98.0
0904.661,154.925,-44.784615384615385,93.875,72.0,98.0
0904.692,199.875,-37.93333333333333,97.4375,72.0,98.0
0904.739,235.7,-28.692307692307693,109.25,72.0,98.0
0904.765,243.35384615384615,-25.416666666666668,112.0,72.0,98.0
0904.798,252.55,-22.28333333333333,110.5625,71.97812499999999,98.0
0904.831,255.95000000000002,-18.1,107.0,71.875,98.0
0904.862,251.2,-16.675,104.5625,71.778125,98.0
0904.893,250.36153846153846,-13.833333333333334,101.625,71.68125,98.0
0904.933,242.2,-12.283333333333335,100.0,71.55625,98.0
0904.965,234.8,-10.625000000000002,100.0,71.45625,98.0
0904.997,225.25,-11.7,100.875,71.35625,98.0
0905.031,216.1,-11.244444444444444,100.0,71.25,98.0
0905.062,212.69230769230768,-11.5,99.0,71.153125,98.0
0905.093,201.54999999999998,-8.033333333333333,97.125,71.05624999999999,98.0
0905.134,190.21666666666664,-3.8499999999999996,95.0,71.0,98.0
0905.165,178.12500000000003,-1.2153846153846155,94.625,71.0,98.0
0905.198,171.24615384615385,0.5249999999999999,94.0,71.0,98.0
0905.230,168.2076923076923,-0.6,94.0,71.0,98.0
0905.263,157.175,-1.4333333333333336,94.0,71.0,98.0
0905.295,150.78333333333333,-0.0076923076923077205,94.0,71.0,98.0
0905.328,138.35384615384615,1.1,94.0,71.0,98.0
0905.361,127.575,1.8,93.0,71.0,98.0
0905.400,126.32307692307694,0.9500000000000001,92.0,71.0,98.0
0905.431,130.75,0.43333333333333335,92.0,71.0,98.0
0905.463,140.26666666666665,0.0,93.0,71.0,98.0
0905.495,146.92499999999998,0.45,96.0,71.0,98.0
0905.528,154.08461538461538,1.375,107.1875,71.0,98.0
0905.560,158.38333333333333,1.6,113.125,71.0,98.0
0905.600,157.7,4.625,113.875,71.0,98.0
0905.633,152.16666666666669,6.666666666666667,110.75,71.0,98.0
0905.666,147.53076923076924,8.183333333333334,108.3125,71.0,98.0
0905.699,146.75,6.4,105.25,71.0,98.0
0905.732,143.625,7.43076923076923,103.1875,71.0,98.0
0905.764,136.26666666666668,6.949999999999999,101.1875,71.0,98.0
0905.798,123.13333333333333,5.35,101.0,71.0,98.0
0905.830,112.825,2.9692307692307693,101.0,71.0,98.0
0905.863,97.66666666666666,-2.0461538461538464,100.0,71.0,98.0
0905.895,80.19999999999999,-5.792307692307691,98.0,71.0,98.0
0905.928,55.95555555555555,-10.149999999999999,95.9375,71.0,98.0
0905.960,35.13333333333334,-15.599999999999998,94.93333333333334,71.0,98.0
0906.003,-2.725,-21.975,94.0,71.0,98.0
0906.040,-47.05,-29.576923076923077,94.0,71.0,98.0
0906.073,-98.15,-37.5,94.0,71.0,98.0
0906.106,-159.93076923076922,-44.36666666666666,94.0,71.0,98.0
0906.140,-224.63333333333333,-50.449999999999996,94.0,71.0,98.0
0906.166,-268.45,-52.5,94.0,71.0,98.0
0906.197,-311.9384615384616,-54.761538461538464,93.0,71.0,98.0
0906.228,-341.775,-58.137499999999996,93.0,71.0,98.0
0906.260,-364.75,-59.3,93.0,71.0,98.0
0906.307,-393.2666666666667,-62.5,94.8125,71.0,98.0
0906.340,-409.5083333333333,-64.1,101.625,71.0,98.0
0906.373,-434.60833333333335,-66.71538461538461,109.75,71.0,98.0
0906.408,-461.3,-69.28333333333333,115.0,71.0,98.0
0906.426,-479.76666666666665,-70.46153846153847,114.75,71.0,98.0
0906.472,-526.2,-72.7076923076923,108.875,71.05357142857143,98.0
0906.498,-544.4124999999999,-74.7,107.25,71.13095238095238,98.0
0906.531,-557.8666666666667,-76.775,105.1875,71.22916666666667,98.0
0906.565,-566.55,-78.1,103.0625,71.33035714285714,98.0
0906.598,-566.6,-77.16923076923078,102.05882352941177,71.42857142857143,98.0
0906.631,-566.625,-75.96923076923078,102.0,71.52678571428572,98.0
0906.663,-559.2076923076922,-71.53333333333333,102.0,71.62202380952381,98.0
0906.697,-541.0,-67.9625,100.8125,71.72321428571428,98.0
0906.730,-513.4333333333334,-64.9375,98.75,71.82142857142857,98.0
0906.762,-484.97499999999997,-60.55384615384616,97.0,71.91666666666667,98.0
0906.797,-444.3153846153846,-56.75,95.5625,72.0,98.0
0906.829,-403.75,-49.5,95.0,72.0,98.0
0906.862,-362.13750000000005,-46.15,95.0,72.0,98.0
0906.895,-321.9125,-39.57692307692307,95.0,72.0,98.0
0906.929,-289.65000000000003,-34.43333333333334,95.0,72.0,98.0
0906.962,-267.70000000000005,-28.6,94.25,72.0,98.0
0906.994,-248.43333333333334,-22.3,94.0,72.0,98.0
0907.039,-200.95,-17.45,93.4375,72.0,98.0
0907.072,-162.72500000000002,-11.623076923076924,93.625,72.0,98.0
0907.099,-126.63333333333333,-8.425,94.0,72.0,98.0
0907.131,-97.79230769230769,-3.675,98.9375,72.0,98.0
0907.164,-81.30000000000001,-1.275,105.125,72.0,98.0
0907.198,-73.375,2.05,113.5,72.0,98.0
0907.231,-54.025,6.444444444444445,113.4375,72.0,98.0
0907.265,-29.469230769230773,15.166666666666666,111.3125,72.0,98.0
0907.299,-8.43076923076923,20.025000000000002,107.1875,72.0,98.0
0907.331,4.5875,22.5,105.1875,72.0,98.0
0907.363,16.575,24.707692307692305,103.0,72.0,98.0
0907.395,47.333333333333336,29.549999999999997,102.0,72.0,98.0
0907.427,86.45,36.099999999999994,102.0,72.0,98.0
0907.472,132.66153846153847,40.35,101.375,72.0,98.0
0907.497,144.17499999999998,41.07692307692308,100.0,72.0,98.0
0907.528,148.05,41.8,97.875,72.0,98.0
0907.560,145.74615384615385,45.233333333333334,96.875,72.0,98.0
0907.608,137.16666666666666,50.95,95.0,72.0,98.0
0907.626,135.51666666666665,53.1,95.0,72.0,98.0
0907.672,133.9,53.91538461538461,94.0,72.0,98.0
0907.699,143.33333333333334,54.3,94.0,72.0,98.0
0907.731,153.72307692307695,53.18333333333334,94.0,72.0,98.0
0907.762,161.5,55.875,94.0,72.0,98.0
0907.795,169.0,76.36923076923077,94.0,72.00000000000001,98.00000000000001
0907.828,165.9,92.86666666666667,94.0,72.0,98.00000000000001
0907.873,185.6,110.6,94.0,72.0,98.0
0907.906,210.2,103.33333333333333,94.0,72.0,98.0
0907.939,253.31666666666663,101.89999999999999,94.8125,72.0,98.0
0907.966,278.7375,100.1923076923077,95.5,72.0,98.0
0907.999,299.72222222222223,99.03333333333333,103.25,72.0,98.0
0908.033,304.98888888888894,113.05000000000001,111.0625,72.0,98.0
0908.066,294.15,140.39999999999998,115.75,72.0,98.0
0908.099,278.3125,163.925,114.1875,72.0,98.0
0908.132,269.21666666666664,185.3375,111.125,72.02083333333333,98.0
0908.164,259.2785714285714,182.04285714285714,108.13333333333334,72.06845238095238,98.0
0908.196,258.57500000000005,179.79999999999998,106.1875,72.11607142857142,98.0
0908.229,259.225,179.4,105.0,72.16517857142857,98.0
0908.262,264.22499999999997,203.26923076923077,103.0625,72.21428571428572,98.00000000000001
0908.295,271.13076923076926,232.5583333333333,103.0,72.26339285714286,98.0
0908.328,267.91538461538465,259.3333333333333,102.9375,72.3125,98.0
0908.363,264.35,263.75,101.6875,72.36458333333334,98.0
0908.395,259.125,254.53846153846155,99.73333333333335,72.41220238095238,98.0
0908.428,254.25833333333333,243.8,98.0,72.46130952380952,98.0
0908.461,252.64999999999998,236.37500000000003,97.0,72.51041666666666,98.0
0908.494,253.39999999999998,229.425,96.0,72.55952380952381,98.0
0908.527,246.29999999999998,221.8,96.0,72.60863095238095,98.0
0908.572,240.65,208.76153846153846,95.0,72.67559523809524,98.0
0908.597,236.56923076923076,201.8,95.0,72.71279761904762,98.0
0908.628,234.0583333333333,193.89999999999998,95.0,72.75892857142858,98.0
0908.662,233.95,181.3,94.0,72.80952380952381,98.0
0908.696,228.43333333333334,166.95833333333331,93.0,72.86011904761905,98.0
0908.729,212.56666666666666,147.45833333333331,92.8125,72.90922619047619,98.0
0908.761,188.49166666666667,126.63846153846154,92.0,72.95684523809524,98.0
0908.803,138.06666666666666,94.5,91.1875,73.0,98.0
0908.828,99.5,73.75,91.0,73.0,98.0
0908.872,30.96923076923077,26.35833333333333,91.125,73.0,98.0
0908.897,-17.0,-2.707692307692308,92.6875,73.0,98.0
0908.929,-85.15384615384616,-43.425,98.0625,73.0,98.0
0908.961,-165.87500000000003,-80.2,109.0625,73.0,98.0
0908.994,-258.8375,-116.25,113.75,73.0,98.0
0909.026,-341.15000000000003,-149.5,113.0,73.0,98.0
0909.072,-422.23333333333335,-184.05,107.375,73.0,98.0
0909.096,-453.23846153846154,-194.76666666666668,105.875,73.0,98.0
0909.128,-480.7076923076923,-203.225,103.875,73.0,98.0
0909.160,-506.25,-208.65,101.875,73.0,98.0
0909.207,-554.3499999999999,-214.3,101.0,73.0,98.0
0909.225,-568.5769230769231,-214.06153846153848,101.0,73.0,98.0
0909.268,-597.9384615384615,-209.40000000000003,100.0,73.0,98.0
0909.301,-607.7,-202.66666666666669,98.0625,73.0,98.0
0909.333,-600.55,-196.15000000000003,97.0,73.0,98.0
0909.364,-587.6333333333333,-189.24615384615385,95.0,73.0,98.0
0909.396,-571.9538461538461,-182.16666666666666,94.06666666666666,73.0,98.0
0909.428,-559.825,-175.7,94.0,73.0,98.0
0909.460,-547.6833333333334,-172.23846153846154,94.0,73.0,98.0
0909.501,-532.6833333333334,-168.02222222222224,94.0,73.0,98.0
0909.533,-518.776923076923,-163.6625,94.0,73.0,98.0
0909.566,-504.95,-157.6,94.0,73.0,98.0
0909.598,-492.125,-150.91666666666669,94.0,73.0,98.0
0909.632,-477.75000000000006,-142.975,94.0,73.0,98.0
0909.666,-460.6875,-135.51538461538462,94.0,73.0,98.0
0909.698,-441.4777777777778,-127.45384615384614,94.0,73.0,98.0
0909.732,-403.6,-119.275,94.0,73.0,98.0
0909.766,-354.9916666666666,-110.94999999999999,94.0,73.0,98.0
0909.799,-305.85,-103.43846153846154,94.0,72.94642857142857,98.0
0909.831,-258.36153846153843,-94.45,95.125,72.85119047619047,97.99999999999999
0909.864,-224.57500000000002,-85.35,98.5625,72.75297619047619,98.0
0909.896,-202.86666666666667,-78.31249999999999,104.75,72.65773809523809,98.0
0909.929,-180.8,-70.37777777777777,114.25,72.5595238095238,98.0
0909.962,-162.74615384615385,-64.725,114.6875,72.46130952380952,98.0
0909.996,-147.7,-57.7375,110.5625,72.36011904761905,98.0
0910.028,-137.325,-53.85,107.5625,72.26488095238095,98.0
0910.061,-130.1125,-49.175000000000004,105.5,72.16666666666666,98.0
0910.095,-122.53333333333335,-45.95384615384616,103.0,72.06547619047619,98.0
0910.129,-122.21111111111111,-42.63076923076923,102.0,72.0,98.0
0910.162,-120.4,-39.175,103.0,72.0,98.0
0910.195,-117.73333333333333,-35.81666666666666,103.0,72.0,98.0
0910.228,-113.3,-34.03076923076923,102.0,72.0,98.0
0910.260,-105.22307692307692,-30.566666666666666,99.0625,72.0,98.0
0910.300,-97.56666666666666,-27.8,97.5625,72.0,98.0
0910.331,-92.17500000000001,-25.28333333333333,96.0,72.0,98.0
0910.365,-96.6,-23.544444444444444,96.0,72.0,98.0
0910.398,-97.7,-21.1,95.0,72.0,98.0
0910.430,-100.26153846153846,-19.575,95.0,72.0,98.0
0910.462,-97.95833333333333,-16.5,95.0,72.0,98.0
0910.494,-90.5,-13.100000000000001,95.0,72.0,98.0
0910.526,-81.1,0.49999999999999956,94.0,72.0,98.0
0910.571,-52.46153846153846,33.45,94.0,72.0,98.0
0910.598,-31.63333333333333,47.45,93.0,72.0,98.0
0910.624,-5.949999999999999,62.69230769230769,93.0,72.0,98.0
0910.667,18.299999999999997,69.5,93.0,72.0,98.0
0910.699,22.633333333333333,92.59230769230768,93.0,72.0,98.0
0910.732,18.65555555555556,119.06666666666666,93.0,72.0,98.0
0910.766,6.387499999999999,137.53333333333333,94.0,72.0,98.0
0910.798,3.433333333333333,145.93333333333334,94.0,71.95,98.0
0910.832,13.075,147.07692307692307,94.0,71.73750000000001,98.0
0910.865,65.43333333333334,161.85,94.0,71.53125,98.0
0910.897,123.04999999999998,188.18333333333334,94.6875,71.33125000000001,98.0
0910.930,171.25833333333333,220.5307692307692,98.25,71.125,98.0
0910.963,199.6583333333333,249.05833333333334,110.0625,70.91874999999999,98.0
0910.995,207.88461538461542,248.88333333333333,117.4375,70.71875,98.0
0911.027,212.0,243.45000000000002,119.8125,70.51875,98.0
0911.058,211.43333333333334,234.7153846153846,115.5,70.325,98.0
0911.100,198.35833333333335,225.06666666666666,111.25,70.0625,98.0
0911.132,193.4923076923077,216.36923076923077,108.625,70.0,98.0
0911.163,185.2,213.78333333333333,106.6875,70.0,98.0
0911.196,176.325,217.85000000000002,103.625,70.0,98.0
0911.229,166.75,224.86666666666667,102.5625,70.0,98.0
0911.262,162.25,230.3076923076923,101.5,70.0,98.0
0911.295,156.57500000000002,228.05,100.0,70.0,98.0
0911.329,151.95,223.8,98.29411764705883,70.0,98.0
0911.361,145.64999999999998,210.83076923076925,95.3125,70.0,98.0
0911.393,130.55454545454546,200.55,94.0,70.0,98.0
0911.439,116.28750000000001,175.96666666666667,93.0,70.0,98.0
0911.472,104.54166666666666,165.7,93.0,70.0,98.0
0911.497,94.8923076923077,154.4,92.0,70.0,98.0
0911.529,77.69166666666666,143.9,91.75,70.0,98.0
0911.560,63.875,134.45,91.0,70.0,98.0
0911.607,52.75,116.50000000000001,89.875,70.0,98.0
0911.624,51.184615384615384,108.66923076923078,89.0,70.0,98.0
0911.666,47.16666666666667,86.96666666666667,89.0,70.0,98.0
0911.701,42.93846153846154,63.9,88.0,70.0,98.0
0911.727,32.8,46.475,89.0,70.0,98.0
0911.761,13.158333333333331,13.133333333333335,89.75,70.0,98.0
0911.793,-8.461538461538462,-24.65,91.0,69.92857142857143,98.0
0911.835,-53.5,-74.25833333333333,92.375,69.67857142857143,98.0
0911.872,-109.88461538461539,-119.5625,94.6875,69.45833333333334,98.0
0911.899,-162.8,-146.85,95.75,69.29761904761905,98.0
0911.931,-232.2625,-177.33333333333334,104.5,69.10714285714286,98.0
0911.964,-302.8538461538462,-196.67499999999998,113.1875,68.91071428571429,98.0
0911.997,-384.6,-211.275,121.0,68.71428571428571,98.0
0912.030,-460.86666666666673,-219.4,123.4375,68.51785714285714,98.0
0912.064,-535.075,-225.35384615384618,120.625,68.31547619047619,98.0
0912.096,-595.7230769230769,-227.41666666666666,117.3125,68.125,98.0
0912.129,-645.5,-227.03333333333333,115.25,67.99999999999999,98.0
0912.162,-688.2583333333332,-226.45000000000002,113.1875,68.0,98.0
0912.193,-714.4461538461537,-224.24444444444447,112.0,68.0,98.0
0912.239,-713.1,-219.075,112.0,68.0,98.0
0912.272,-691.3666666666667,-210.74999999999997,111.0,68.0,98.0
0912.299,-651.4583333333334,-204.2,109.625,68.0,98.0
0912.332,-607.9333333333333,-194.3,106.5625,68.0,98.0
0912.366,-557.6,-187.79999999999998,104.4375,68.0,98.0
0912.399,-524.6,-182.5769230769231,102.35294117647058,68.0,98.0
0912.432,-494.125,-175.65,101.0,68.0,98.0
0912.464,-463.5666666666667,-169.30833333333334,100.25,68.0,98.0
0912.496,-432.6916666666666,-159.9,99.25,68.0,98.0
0912.527,-409.4846153846154,-155.61249999999998,98.3125,68.0,98.0
0912.571,-382.31111111111113,-146.90769230769232,96.0,68.0,98.0
0912.596,-368.5,-143.0666666666667,95.0,68.0,98.0
0912.627,-352.0333333333333,-138.2,94.0625,68.0,98.0
0912.661,-336.86153846153843,-133.45,92.9375,68.0,98.0
0912.693,-326.6846153846154,-127.95000000000002,92.0,68.0,98.0
0912.733,-311.9846153846154,-120.1,91.0,68.0,98.0
0912.766,-290.40000000000003,-115.4,91.0,68.0,98.0
0912.801,-255.5,-111.07777777777778,91.0,67.96142433234421,98.0
0912.840,-212.31666666666666,-105.72307692307693,91.25,67.84569732937685,98.0
0912.873,-176.76666666666668,-99.075,93.625,67.74777448071217,98.0
0912.899,-158.3875,-93.35,99.8125,67.6706231454006,98.0
0912.932,-137.28333333333333,-87.39999999999999,107.0,67.5727002967359,98.0
0912.966,-119.9,-82.30769230769229,108.875,67.47181008902078,98.0
0912.998,-114.67777777777779,-79.925,106.75,67.37685459940653,98.0
0913.030,-115.18888888888888,-76.2,102.875,67.28189910979228,98.0
0913.062,-120.94615384615385,-71.83333333333334,99.9375,67.18694362017804,98.0
0913.093,-119.13846153846154,-68.825,98.0,67.09495548961425,98.0
0913.132,-108.25384615384615,-68.15,97.0,67.0,98.0
0913.163,-95.08333333333334,-66.7625,98.0,67.0,98.0
0913.196,-78.26666666666668,-64.2875,99.0,67.0,98.0
0913.229,-69.53333333333335,-58.46666666666667,99.0,67.0,98.0
0913.263,-69.35384615384615,-54.85,97.375,67.0,98.0
0913.296,-77.50769230769231,-51.95,94.3125,67.0,98.0
0913.328,-81.4,-52.233333333333334,93.0,67.0,98.0
0913.361,-78.77499999999999,-51.62307692307693,92.0,67.0,98.0
0913.405,-73.4,-49.41111111111111,92.0,67.0,98.0
0913.431,-71.88888888888889,-47.3,92.125,67.0,98.0
0913.462,-71.85000000000001,-47.45833333333333,93.0,67.0,97.99999999999999
0913.494,-74.0625,-46.20769230769231,93.0,67.0,98.0
0913.526,-71.2,-46.12307692307692,93.0,67.0,98.0
0913.571,-73.46666666666667,-43.89230769230769,92.125,67.0,98.0
0913.596,-73.7625,-42.724999999999994,92.0,67.0,98.0
0913.629,-72.71666666666667,-41.05,91.0,67.0,98.0
0913.662,-74.08333333333333,-38.58888888888889,91.0,67.0,98.0
0913.694,-70.78461538461539,-36.625,91.5625,67.0,98.0
0913.727,-61.80833333333332,-34.150000000000006,92.0,67.0,98.0
0913.760,-38.025,-31.0,93.0,67.0,98.0
0913.800,4.5,-28.53333333333333,93.0,66.8865671641791,97.94328358208955
0913.831,39.56153846153846,-22.692307692307693,93.0,66.70149253731343,97.8507462686567
0913.862,68.425,-15.183333333333334,94.0625,66.51641791044777,97.75820895522388
0913.894,82.15,-8.975000000000001,97.1875,66.32537313432836,97.66268656716417
0913.927,87.55,-3.4230769230769234,107.375,66.12835820895522,97.5641791044776
0913.972,94.6,25.474999999999998,112.9375,65.85970149253731,97.42985074626866
0913.997,114.6,41.97692307692307,112.5,65.71044776119403,97.35522388059701
0914.029,144.36666666666665,62.974999999999994,109.5,65.51940298507463,97.25970149253732
0914.060,172.05,76.05,107.5625,65.33432835820895,97.16716417910447
0914.105,192.5,92.5125,104.73333333333333,65.06567164179104,97.03283582089553
0914.130,184.29166666666666,99.8,104.0,65.0,96.99999999999999
0914.162,174.46666666666667,107.24999999999999,103.0,65.0,97.0
0914.195,159.36666666666667,111.95384615384614,102.0,65.0,97.0
0914.227,150.53076923076924,119.675,102.0,65.0,97.0
0914.272,139.15384615384613,143.41666666666666,100.25,65.0,97.0
0914.297,143.16666666666669,152.4,99.6875,65.0,97.0
0914.329,146.42499999999998,157.4,98.0,65.0,97.0
0914.361,157.2,152.76153846153844,97.0,65.0,97.0
0914.394,180.20769230769233,146.63333333333333,97.0,65.0,97.0
0914.427,203.63076923076923,151.8,97.0,65.0,97.0
0914.461,231.9,163.70000000000002,97.0,65.0,97.0
0914.495,239.875,175.2111111111111,97.0,65.0,97.0
0914.529,252.6,179.38888888888889,96.1875,65.0,97.0
0914.562,249.925,172.9,96.0,65.0,97.0
0914.595,252.9625,164.25,95.9375,65.0,97.0
0914.628,257.3625,160.64999999999998,96.0,65.0,97.0
0914.660,256.6,159.44615384615383,96.0,65.0,97.0
0914.706,272.62500000000006,155.33333333333334,96.0,65.0,97.0
0914.738,282.1666666666667,151.63333333333335,96.0,65.0,97.0
0914.771,303.125,147.63333333333335,96.0,65.0,97.0
0914.798,313.14166666666665,148.7076923076923,98.25,64.97023809523809,97.0
0914.829,324.10769230769233,182.825,106.125,64.87797619047619,97.0
0914.862,331.95,215.65833333333333,110.625,64.7797619047619,97.0
0914.896,336.6333333333333,247.5,111.25,64.67857142857143,97.0
0914.928,335.9,252.97777777777776,109.25,64.58333333333333,97.0
0914.962,328.5230769230769,241.875,107.0,64.48214285714286,97.0
0914.994,318.875,231.14999999999998,105.0,64.38690476190476,97.0
0915.027,314.2125,220.4666666666667,104.0,64.28869047619048,97.0
0915.060,315.775,210.83333333333334,102.0,64.19047619047619,97.0
0915.100,328.00000000000006,200.09230769230768,102.0,64.07142857142857,97.0
0915.133,340.0076923076923,193.8,101.4375,64.0,97.00000000000001
0915.166,345.4583333333333,190.6,100.0,64.0,97.0
0915.200,335.8,187.4625,98.25,64.0,96.99999999999999
0915.233,318.9,184.8,96.1875,64.0,97.0
0915.267,302.95,180.73333333333335,95.0625,64.0,97.0
0915.300,295.1384615384615,177.34999999999997,95.0,64.0,97.0
0915.334,293.3692307692308,174.3,95.0,64.0,97.0
0915.372,294.0333333333333,175.025,96.0,64.0,97.0
0915.406,295.34999999999997,180.23076923076923,97.0,64.0,97.0
0915.439,289.33846153846156,195.11666666666665,97.0,64.0,97.0
0915.472,282.23333333333335,211.84166666666667,96.25,64.0,96.99999999999999
0915.506,268.2846153846154,217.14615384615382,95.125,64.0,97.0
0915.539,255.6,217.8,94.0,64.0,97.0
0915.566,250.8583333333333,210.92857142857144,94.0,64.0,97.0
0915.599,249.63333333333333,205.45,93.0,64.0,97.0
0915.632,251.95000000000002,198.60000000000002,94.75,64.0,97.0
0915.664,259.1333333333333,192.7153846153846,98.5,64.0,97.0
0915.696,263.6,184.45833333333331,107.25,64.0,97.0
0915.728,273.5,178.0,111.75,64.0,97.0
0915.759,272.2769230769231,171.76666666666665,113.0,64.0,97.0
0915.799,284.61538461538464,168.35,109.8125,64.0,97.0
0915.830,296.28461538461534,166.73333333333335,108.0,64.0,97.0
0915.862,319.1166666666667,162.975,106.0,64.0,97.0
0915.895,325.6833333333334,156.96923076923076,104.8125,64.0,97.0
0915.927,316.82307692307694,149.43076923076922,103.0,64.0,97.0
0915.959,287.9076923076923,138.51666666666668,103.1875,64.0,97.0
0916.007,221.62307692307692,116.19166666666666,102.8125,64.0,97.0
0916.024,189.1,105.32307692307693,102.0,64.0,97.0
0916.066,122.63749999999999,74.94615384615385,100.125,64.0,97.0
0916.100,58.0875,43.400000000000006,99.0,64.0,97.0
0916.134,-12.3,7.250000000000002,98.0,64.0,97.0
0916.173,-98.25,-35.275,98.0,64.0,96.99999999999999
0916.207,-182.41666666666669,-74.15,97.0,64.0,97.0
0916.225,-222.2,-93.76153846153846,97.0,64.0,97.0
0916.267,-337.6153846153846,-137.43076923076922,97.0,64.0,97.0
0916.299,-426.65,-165.35,97.0,64.0,97.0
0916.331,-499.5333333333333,-189.2,96.0,64.0,97.0
0916.363,-553.9666666666667,-209.4,96.0,64.0,97.0
0916.397,-604.6846153846153,-233.36666666666665,95.4375,64.0,97.0
0916.429,-653.3846153846154,-251.4375,95.0,64.0,97.0
0916.462,-693.2,-265.725,95.625,64.0,97.0
0916.495,-727.0666666666667,-275.8833333333333,100.375,64.0,97.0
0916.529,-751.8249999999999,-280.53846153846155,105.4375,64.0,97.0
0916.562,-768.5615384615385,-282.375,109.75,64.0,97.0
0916.595,-780.325,-281.325,110.0625,64.0,97.0
0916.627,-781.8,-277.05,108.0625,64.0,97.0
0916.659,-767.4,-271.03846153846155,106.0625,64.0,97.0
0916.705,-722.8625,-256.7923076923077,104.1875,64.0,97.0
0916.738,-676.9000000000001,-244.66153846153844,102.0,64.0,97.0
0916.766,-636.3000000000001,-234.35,101.0,64.0,97.0
0916.798,-589.6,-223.55833333333334,101.0,64.0,97.0
0916.830,-538.9230769230769,-211.0,100.0,64.0,97.0
0916.863,-486.4,-198.01666666666668,99.26666666666667,64.0,97.0
0916.895,-429.3166666666667,-187.5,97.26666666666667,64.0,97.0
0916.926,-370.9,-178.8153846153846,96.3125,64.0,97.0
0916.971,-290.2,-164.88888888888889,95.0,64.0,97.0
0916.995,-248.94615384615383,-159.23333333333332,95.0,64.0,97.0
0917.026,-206.98333333333332,-149.36666666666667,95.0,64.0,97.0
0917.072,-157.2,-138.35000000000002,94.0,64.0,97.0
0917.098,-131.475,-130.69230769230768,94.0,64.0,97.0
0917.129,-103.53846153846155,-124.18333333333334,94.0,64.0375,96.99999999999999
0917.162,-73.93333333333334,-117.21666666666667,93.0,64.24375,97.00000000000001
0917.196,-29.866666666666667,-112.53333333333335,93.0,64.45625,97.0
0917.227,12.592307692307692,-105.1076923076923,93.0,64.65,97.0
0917.260,68.5,-97.84615384615384,94.0,64.85624999999999,97.0
0917.301,132.2,-87.05,99.375,65.1125,97.0
0917.333,158.56666666666666,-81.8,105.25,65.3125,97.0
0917.364,178.0,-77.675,110.0,65.50625,97.0
0917.395,183.56923076923078,-73.42222222222222,109.0,65.7,97.0
0917.426,184.65000000000003,-70.38333333333333,108.0625,65.89375,97.0
0917.466,189.675,-68.10000000000001,105.5625,66.0,97.0
0917.496,196.4,-67.65,103.6875,66.0,97.0
0917.528,198.39166666666665,-64.53333333333333,101.0,66.0,97.0
0917.573,191.4083333333333,-59.866666666666674,100.0,66.0,97.0
0917.600,179.7,-58.525,100.0,66.0,97.0
0917.633,171.1,-56.525,100.0,66.0,97.0
0917.665,161.875,-55.792307692307695,99.0,66.0,97.0
0917.697,152.49230769230766,-54.333333333333336,97.125,66.0,97.0
0917.729,147.29999999999998,-52.108333333333334,96.125,66.0,97.0
0917.760,134.7,-52.516666666666666,96.0,66.0,97.0
0917.799,124.85,-49.39230769230769,95.0,66.0,97.0
0917.830,110.8,-49.13333333333333,95.0,66.0,97.0
0917.861,108.1,-46.900000000000006,95.0,66.0,97.0
0917.900,97.03750000000001,-46.583333333333336,95.0,66.0,97.0
0917.931,87.78333333333333,-43.666666666666664,94.0,66.0,97.0
0917.963,72.7076923076923,-41.53846153846154,94.0,66.0,97.0
0917.995,61.43333333333333,-41.8,94.0,66.0,97.0
0918.026,55.06666666666666,-41.233333333333334,94.0,66.0,97.0
0918.066,57.9125,-42.5,94.0,66.0,97.0
0918.097,65.34166666666665,-40.88333333333333,94.0,66.0,97.0
0918.129,73.5,-39.03846153846153,95.875,66.04166666666667,97.04166666666667
0918.161,66.6,-36.425,99.75,66.13690476190476,97.13690476190477
0918.206,52.276923076923076,-42.25,110.375,66.27083333333334,97.27083333333334
0918.238,26.633333333333333,-45.63333333333333,112.0,66.36607142857143,97.36607142857142
0918.263,4.669230769230769,-48.761538461538464,110.75,66.44047619047619,97.44047619047618
0918.294,-33.12307692307692,-50.6,109.0,66.5327380952381,97.5327380952381
0918.334,-77.72500000000001,-55.275000000000006,107.3125,66.65178571428572,97.65178571428572
0918.366,-114.95,-59.8,105.3125,66.74702380952381,97.7470238095238
0918.400,-158.9125,-64.60000000000001,103.1875,66.84821428571428,97.84821428571428
0918.433,-212.76666666666668,-68.96666666666667,102.0,66.94642857142857,97.94642857142857
0918.466,-264.375,-72.7375,101.0,67.0,98.0
0918.497,-303.70000000000005,-76.58333333333333,100.125,67.0,98.00000000000001
0918.530,-344.6333333333333,-79.65,99.0625,67.0,98.0
0918.562,-385.54999999999995,-83.56153846153846,98.0,67.0,98.0
0918.596,-429.05384615384617,-85.76923076923077,96.0,67.0,98.0
0918.628,-468.3666666666667,-88.83333333333333,95.0,67.0,98.0
0918.673,-502.1333333333334,-91.05833333333332,95.0,67.0,98.0
0918.706,-518.9333333333334,-92.25,95.0,67.0,98.0
0918.739,-522.5,-91.39166666666667,95.0,67.0,98.0
0918.768,-521.2,-91.05,95.0,67.0,98.0
0918.800,-515.1,-90.025,94.0,67.0,98.0
0918.834,-501.06666666666666,-92.4,94.0,67.0,98.0
0918.873,-484.4833333333333,-90.9,94.0,67.0,98.0
0918.906,-458.5153846153846,-88.47777777777779,94.0,67.0,98.0
0918.924,-446.15,-84.78333333333335,94.0,67.0,98.0
0918.966,-389.4166666666667,-74.43333333333334,94.0,67.0,98.0
0918.997,-339.6666666666667,-67.84166666666667,94.0,67.0,98.0
0919.028,-289.6692307692307,-61.63076923076923,94.0625,67.0,98.0
0919.059,-242.84166666666667,-56.45454545454545,97.0,67.0,98.0
0919.105,-201.95,-50.425,104.8125,67.0,98.0
0919.131,-177.75833333333333,-46.03333333333333,110.5,67.0,98.0
0919.162,-152.8923076923077,-43.3,111.74193548387096,67.0,98.0
0919.196,-128.7,-40.1,110.375,67.0,98.0
0919.228,-102.1,-37.925,108.375,67.0,98.0
0919.261,-78.42500000000001,-37.35,107.3125,67.0,98.0
0919.293,-54.666666666666664,-35.69230769230769,105.3125,67.0,98.0
0919.340,-24.153846153846153,-31.3,103.0,67.0,98.0
0919.372,-4.576923076923077,-27.97777777777778,102.0,67.0,98.0
0919.398,13.166666666666668,-26.075,102.00000000000001,67.0,98.0
0919.429,30.316666666666666,-22.824999999999996,101.0,67.0,98.0
0919.461,50.276923076923076,-19.253846153846155,100.0,67.0,98.0
0919.501,87.94999999999999,-6.133333333333333,98.3125,67.0,98.0
0919.538,139.34615384615387,9.392307692307693,97.0,67.0,98.00000000000001
0919.565,166.4125,19.4,96.0,67.0,98.0
0919.599,196.25,26.433333333333334,95.1875,67.0,98.0
0919.631,207.62499999999997,28.1,95.0,67.0,98.0
0919.663,215.66923076923075,29.6,94.1875,67.0,98.0
0919.695,217.13333333333333,31.53333333333333,94.0,67.0,98.0
0919.727,217.68333333333334,34.25,94.0,67.0,98.0
0919.761,212.78333333333333,38.09230769230769,93.0,67.0,98.0
0919.806,211.91666666666666,37.01111111111111,93.0,67.04160475482912,98.0
0919.830,207.64999999999998,36.80833333333333,93.0,67.07726597325409,98.0
0919.861,202.15384615384616,36.925,93.0,67.12332838038633,98.0
0919.893,187.28461538461536,39.276923076923076,93.0,67.17087667161961,98.0
0919.938,179.325,39.43076923076923,93.0,67.23774145616642,98.0
0919.966,184.9375,39.97692307692308,93.0,67.27934621099554,98.0
0920.000,206.3,41.400000000000006,94.0,67.32986627043091,98.0
0920.032,216.9125,42.66666666666667,96.75,67.37741456166418,98.0
0920.066,224.63333333333333,45.916666666666664,102.0,67.42793462109955,98.0
0920.098,224.4083333333333,47.7,111.0,67.47548291233284,98.0
0920.130,224.32307692307694,48.449999999999996,113.0,67.52303120356612,98.0
0920.161,219.55,49.55,111.11764705882352,67.56909361069836,98.0
0920.205,209.2,49.025,109.0,67.63447251114412,98.0
0920.230,204.5,49.45,108.0,67.67161961367013,98.0
0920.261,205.04615384615386,47.8,105.8125,67.71768202080237,98.0
0920.293,197.89999999999998,47.983333333333334,103.8125,67.76523031203567,98.0
0920.338,190.0,44.79166666666667,101.0,67.83209509658246,98.0
0920.365,182.3,44.753846153846155,100.3125,67.87221396731056,98.0
0920.398,177.5,44.41666666666666,100.0,67.92124814264487,98.0
0920.432,174.30833333333334,44.05,98.1875,67.97176820208023,98.0
0920.467,161.72500000000002,44.7,97.0,68.0,98.0
0920.499,150.46666666666667,44.53846153846153,96.0,68.0,98.0
0920.530,145.775,47.2,95.0,68.0,98.0
0920.561,136.73333333333335,60.766666666666666,95.0,68.0,98.0
0920.593,131.0,83.71538461538462,94.0,68.0,98.0
0920.638,123.175,111.475,94.0,68.0,98.0
0920.672,121.0888888888889,117.53846153846155,93.1875,68.0,98.0
0920.698,117.50833333333333,110.0,93.0,68.0,98.0
0920.730,110.3,105.175,93.0,68.0,98.0
0920.763,106.0,101.90833333333333,93.0,68.0,98.0
0920.796,103.8,98.0,93.6,68.0,98.0
0920.827,103.6,97.29999999999998,95.5625,68.0,98.0
0920.859,103.24166666666667,97.10000000000001,96.5625,68.0,98.00000000000001
0920.905,96.8,94.5,98.0,68.0,98.0
0920.938,96.3,88.33333333333333,97.5,68.0,98.0
0920.971,100.49285714285715,82.81666666666666,97.0,68.0,98.0
0920.997,111.3,79.26666666666667,96.0,68.0,98.0
0921.029,119.06153846153846,72.0,97.1875,68.0,98.0
0921.060,121.05833333333334,64.05,102.1875,68.0,98.0
0921.092,106.06923076923076,52.4,107.1875,68.0,98.0
0921.133,78.5,38.05384615384615,112.0,67.96865203761756,98.0
0921.165,64.4,28.369230769230768,110.375,67.86833855799372,98.0
0921.199,52.55,12.416666666666668,109.25,67.76175548589342,98.0
0921.232,35.58181818181818,-2.9461538461538463,109.0,67.65830721003135,98.0
0921.265,5.949999999999999,-19.2,108.0,67.55485893416927,98.0
0921.296,-35.7,-35.31666666666666,105.125,67.45768025078371,98.0
0921.328,-92.125,-47.6,103.125,67.35736677115987,98.0
0921.361,-164.35,-59.26666666666667,101.0625,67.25391849529781,98.0
0921.394,-242.34166666666664,-65.79230769230769,100.0,67.15047021943573,98.0
0921.438,-331.93333333333334,-71.61538461538461,97.25,67.01253918495297,98.0
0921.463,-376.92499999999995,-74.92307692307693,96.0,67.0,98.0
0921.495,-413.8,-86.02499999999999,95.0,67.0,98.0
0921.528,-450.43333333333334,-94.2,95.0,67.0,98.0
0921.560,-475.76666666666665,-104.54615384615384,95.0,67.0,98.0
0921.594,-514.775,-108.44999999999999,95.0,67.0,98.0
0921.628,-548.25,-110.63333333333333,95.0,67.0,98.0
0921.660,-578.9,-114.61666666666667,95.0,67.0,98.0
0921.700,-603.4,-119.73333333333335,94.0,67.0,98.0
0921.732,-618.5615384615386,-122.50769230769231,93.86666666666667,67.0,98.0
0921.763,-624.8166666666667,-123.77692307692308,93.0,67.0,98.0
0921.796,-629.2615384615385,-123.56666666666666,93.0,67.0,98.0
0921.827,-629.1333333333334,-123.5,93.0625,67.0,98.0
0921.859,-625.6615384615384,-121.6,94.0,67.0,98.0
0921.905,-619.7,-119.6923076923077,94.9375,67.0,98.0
0921.939,-605.1615384615384,-116.05384615384615,95.0,67.0,98.0
0921.972,-582.775,-113.88333333333334,95.0,67.0,98.0
0922.000,-554.2,-108.7,95.0,67.0,98.0
0922.032,-522.6846153846154,-103.27777777777777,97.75,67.0,98.0
0922.065,-491.4,-95.66666666666666,102.8125,67.0,98.0
0922.099,-456.29999999999995,-86.25,111.0625,67.0,98.0
0922.132,-416.9833333333333,-78.7,112.875,66.97321428571428,98.0
0922.163,-378.10769230769233,-72.80000000000001,109.9375,66.92708333333334,98.0
0922.195,-337.975,-68.36666666666667,107.9375,66.87946428571428,98.0
0922.238,-270.3,-62.56666666666667,106.25,66.81547619047619,98.0
0922.264,-235.45,-58.85000000000001,104.625,66.77678571428572,98.0
0922.295,-200.1,-54.35,102.6875,66.73065476190476,97.99999999999999
0922.327,-167.0,-47.875,101.0,66.68303571428572,98.0
0922.372,-140.2,-40.599999999999994,101.0,66.61607142857143,98.0
0922.407,-121.70000000000002,-35.291666666666664,100.0,66.5639880952381,98.0
0922.439,-116.05833333333332,-30.8,98.6875,66.51636904761905,98.0
0922.464,-111.4,-29.0,98.0,66.47916666666666,98.0
0922.495,-105.73333333333335,-26.4375,96.1875,66.43303571428571,98.0
0922.527,-93.64999999999999,-23.200000000000003,96.0,66.38541666666666,98.0
0922.571,-71.64999999999999,-16.141666666666666,95.4375,66.31994047619048,98.0
0922.596,-64.78461538461539,-14.366666666666667,95.0,66.2827380952381,98.0
0922.628,-56.4,-11.241666666666667,95.0,66.23511904761905,98.0
0922.661,-36.875,-11.733333333333334,95.0,66.1860119047619,98.0
0922.695,-8.2375,-11.715384615384615,95.3125,66.13541666666666,98.0
0922.727,29.9,-9.5,97.0,66.08779761904762,98.0
0922.772,65.13846153846154,-1.4153846153846155,98.0,66.02083333333334,98.0
0922.798,82.6,3.6249999999999996,98.0,66.0,98.0
0922.830,92.775,8.7,96.25,66.0,98.0
0922.862,122.1846153846154,11.3,95.25,66.0,98.0
0922.895,165.98333333333335,13.0,93.1875,66.0,98.0
0922.928,215.75,19.0,93.0,66.0,98.0
0922.973,268.85,54.3,96.375,66.0,98.0
0923.006,294.60833333333335,76.9,102.25,66.0,98.0
0923.031,306.4,90.3,107.9375,66.0,98.0
0923.062,313.7666666666667,91.53333333333333,114.0,66.0,98.0
0923.094,323.95,88.88333333333334,112.75,66.0,98.0
0923.139,319.90000000000003,87.53333333333333,107.9375,65.94670846394985,98.0
0923.167,315.0230769230769,85.64615384615385,107.0,65.858934169279,98.0
0923.200,302.2538461538462,83.15,105.125,65.75548589341693,98.0
0923.234,288.95000000000005,80.23333333333335,101.0,65.64890282131661,98.0
0923.267,272.5,74.85833333333333,99.0,65.54545454545455,98.0
0923.300,253.82500000000002,70.18461538461537,99.0,65.44200626959248,98.0
0923.331,241.3,61.3,99.0,65.34482758620689,98.0
0923.364,227.73333333333332,51.175000000000004,98.0,65.24137931034483,98.0
0923.396,201.2,39.45,97.0,65.141065830721,98.0
0923.428,160.26923076923077,22.9,96.0,65.04075235109718,98.0
0923.461,100.2,5.2,95.0,65.0,98.0
0923.493,32.266666666666666,-11.4,95.0,65.0,98.0
0923.539,-69.3,-31.6,94.0,65.0,98.0
0923.567,-132.20833333333334,-41.166666666666664,93.17647058823529,65.0,98.0
0923.599,-197.30769230769232,-49.761538461538464,93.0,65.0,98.0
0923.632,-249.875,-54.16666666666667,93.9375,65.0,98.0
0923.666,-289.4666666666667,-61.1,94.0,65.0,98.0
0923.699,-322.3666666666667,-66.15,94.0,65.0,98.0
0923.731,-346.15,-69.21538461538462,95.0,65.0,98.0
0923.764,-367.41111111111115,-67.1,95.0,65.0,98.0
0923.796,-366.325,-59.85,95.0,64.94345238095238,98.0
0923.828,-339.4,-53.3875,95.0,64.84821428571428,98.0
0923.860,-292.61249999999995,-46.150000000000006,95.0,64.75297619047619,98.0
0923.901,-215.44615384615383,-33.51666666666667,96.0,64.63095238095238,98.0
0923.934,-160.6,-20.938461538461535,98.8125,64.5327380952381,98.0
0923.966,-114.3,-9.766666666666666,108.4375,64.4375,98.0
0923.998,-78.03333333333333,-1.1500000000000001,114.4375,64.3422619047619,98.0
0924.032,-42.184615384615384,6.292307692307692,114.0625,64.24107142857143,98.0
0924.065,-19.583333333333332,12.341666666666665,111.0,64.14285714285714,98.0
0924.098,-3.8833333333333333,17.43333333333333,107.9375,64.04464285714286,98.0
0924.131,12.5,19.016666666666666,106.0,64.0,98.0
0924.164,25.76153846153846,19.123076923076923,104.8125,64.0,98.0
0924.197,35.775,19.8,103.0,64.0,98.0
0924.231,48.2,23.525,102.0,64.0,98.0
0924.264,65.9,25.091666666666665,101.0,64.0,98.0
0924.297,79.2,27.575,100.5,64.0,98.0
0924.330,92.7,27.384615384615383,99.4375,64.0,98.0
0924.363,100.35,28.799999999999997,98.0,64.0,98.0
0924.396,110.54999999999998,27.416666666666664,97.0,64.0,98.0
0924.429,126.00000000000001,28.766666666666666,97.0,64.0,98.0
0924.463,142.45384615384617,29.42307692307692,98.0,64.0,98.0
0924.496,155.05384615384614,33.192307692307686,98.0,64.0,98.0
0924.528,162.0333333333333,36.95833333333333,97.0,64.0,98.0
0924.561,161.43333333333334,40.51666666666667,97.0,64.0,98.0
0924.594,156.58333333333331,44.166666666666664,95.9375,64.0,98.0
0924.628,146.93333333333334,54.0,95.0,64.0,98.0
0924.661,129.7,78.6846153846154,95.0,64.0,98.0
0924.706,101.4,102.63076923076923,95.0,64.0,98.0
0924.731,86.06666666666666,112.97500000000001,95.0,64.0,98.0
0924.763,75.475,105.5,94.375,64.0,98.0
0924.796,79.02307692307693,102.33333333333333,94.0,64.0,98.0
0924.829,92.86666666666667,100.18749999999999,95.0,64.0,98.0
0924.862,112.66666666666667,100.2625,96.8125,64.0,98.0
0924.893,131.84615384615384,115.88461538461539,102.25,64.0,98.0
0924.934,163.76666666666665,148.52307692307693,112.3125,64.0,98.0
0924.967,172.2625,172.93076923076922,113.625,64.0,98.0
0924.999,171.5,183.825,110.625,64.0,98.0
0925.031,176.14999999999998,179.35,108.625,64.0,98.0
0925.062,190.025,175.06666666666666,106.6875,64.0,98.0
0925.094,216.68461538461537,171.6,105.0,64.0,98.0
0925.126,228.91666666666669,170.9,103.6875,64.0,98.0
0925.172,240.14999999999998,168.4,102.0,64.0,98.0
0925.197,243.125,167.4,102.0,64.0,98.0
0925.230,249.0,168.3923076923077,101.1875,64.0,98.0
0925.263,247.6888888888889,192.83333333333331,100.0,64.0,98.0
0925.294,243.25000000000003,219.4,99.0,64.0,98.0
0925.338,244.62307692307695,247.48461538461538,97.4375,64.0,98.0
0925.365,251.20833333333334,245.0333333333333,97.0,64.0,98.0
0925.397,255.8,232.08333333333331,96.0,64.0,98.0
0925.429,254.875,222.0,96.0,64.0,98.0
0925.460,247.6,211.46153846153848,96.0,64.0,98.0
0925.504,237.66923076923075,200.25555555555556,96.0,64.0,98.0
0925.530,235.09999999999997,194.92499999999998,96.0,64.0,98.0
0925.562,230.39166666666665,188.96666666666667,97.0,64.0,98.0
0925.594,217.66923076923078,183.93846153846155,97.5625,64.0,98.0
0925.627,208.70833333333334,179.3,98.0,64.0,98.0
0925.673,212.33333333333331,172.75,97.0,64.0,98.0
0925.698,224.2,167.40833333333333,96.9375,64.0,98.0
0925.730,243.41538461538462,163.2,96.0625,64.0,98.0
0925.763,255.6,160.20000000000002,97.25,64.0,98.0
0925.795,259.7833333333333,163.6,105.375,64.0,98.0
0925.826,262.7625,171.2,111.125,64.0,97.99999999999999
0925.867,276.1916666666666,182.125,113.375,64.0,98.0
0925.899,288.4555555555556,183.46666666666664,110.375,64.0,98.0
0925.932,296.32222222222225,179.35384615384615,107.3125,64.0,98.0
0925.966,293.95,171.775,105.0,64.0,97.99999999999999
0925.999,290.0,167.85,103.125,64.0,98.0
0926.034,281.85,164.16666666666666,100.9375,64.0,98.0
0926.073,276.03333333333336,159.97692307692307,100.0,64.0,98.0
0926.099,275.55,156.175,100.0,64.0,98.0
0926.134,272.825,150.35,99.6875,64.0,98.0
0926.165,266.1666666666667,147.0583333333333,98.0,64.0,98.0
0926.198,256.16923076923075,145.2846153846154,95.84375,64.0,98.0
0926.231,245.81666666666666,143.425,95.0,64.0,98.0
0926.264,238.475,141.0,93.5625,64.0,98.0
0926.296,228.13333333333333,137.86666666666665,93.0,64.0,98.0
0926.328,216.04999999999998,130.9,93.0,64.0,98.0
0926.360,195.6846153846154,122.0,93.0,64.0,98.0
0926.402,155.0,111.07499999999999,93.0,64.0,98.0
0926.426,108.42499999999998,102.5,93.0,64.0,98.0
0926.473,10.049999999999999,83.88333333333333,93.5625,64.0,98.00000000000001
0926.506,-54.607692307692304,57.91666666666667,94.0,64.0,98.0
0926.539,-88.72500000000001,24.09230769230769,93.375,64.0,98.0
0926.572,-104.975,-16.15,93.0,64.0,98.0
0926.606,-123.6,-55.50000000000001,93.0,64.0,98.0
0926.631,-141.85384615384615,-78.57777777777778,94.375,64.0,98.0
0926.662,-174.05,-104.9875,100.9375,64.0,98.0
0926.695,-221.7,-130.325,107.3125,64.0,98.0
0926.726,-264.56666666666666,-149.74166666666665,112.375,64.0,98.0
0926.771,-337.95,-175.75,110.8125,64.0,98.0
0926.797,-373.0333333333333,-189.34615384615384,108.375,64.0,98.00000000000001
0926.829,-410.425,-204.15,105.1875,64.0,98.0
0926.861,-446.56666666666666,-214.925,103.1875,64.0,98.0
0926.895,-482.21538461538466,-222.60000000000002,101.0625,64.0,98.0
0926.928,-518.25,-231.43846153846152,100.0,64.0,98.0
0926.962,-546.1999999999999,-243.26666666666665,100.0,64.0,98.0
0926.994,-569.8,-252.2875,100.0,64.0,98.0
0927.027,-586.7777777777777,-259.4125,99.0,64.0,98.0
0927.067,-604.7461538461539,-260.51666666666665,97.0,64.0,98.0
0927.099,-618.6222222222221,-260.2692307692308,96.0,64.0,98.0
0927.130,-639.5333333333334,-259.8,95.0,64.0,98.0
0927.163,-666.6333333333333,-258.8333333333333,94.0,64.0,98.0
0927.197,-691.1,-256.4846153846154,94.0,64.0,98.0
0927.230,-707.9230769230769,-254.01538461538462,94.0,64.0,98.0
0927.262,-712.9,-253.2,94.875,64.0,98.0
0927.295,-715.4,-252.0,94.0625,64.0,98.0
0927.327,-710.8000000000001,-250.53846153846155,94.0,64.0,98.0
0927.372,-695.5692307692308,-241.73333333333335,94.0,64.0,98.0
0927.399,-670.65,-235.1384615384615,94.0,64.0,98.0
0927.432,-637.55,-226.22500000000002,93.0,64.0,98.0
0927.465,-599.05,-216.625,94.0,64.028125,98.0
0927.498,-561.1615384615384,-206.175,97.25,64.13125,98.0
0927.531,-523.7,-193.7923076923077,103.66666666666667,64.234375,98.0
0927.563,-492.4444444444444,-183.675,111.6875,64.334375,98.0
0927.596,-458.2,-174.575,112.25,64.4375,98.0
0927.630,-425.4625,-167.8,108.125,64.54375,98.0
0927.662,-398.8666666666667,-162.5,105.125,64.64375,98.0
0927.693,-374.4625,-155.75,103.1875,64.740625,98.0
0927.740,-344.475,-148.56153846153848,100.25,64.8875,98.0
0927.766,-327.23333333333335,-143.3375,100.0,64.96875,98.0
0927.800,-303.875,-136.45,100.0,65.0,98.0
0927.833,-285.2230769230769,-127.30000000000001,100.0,65.0,98.0
0927.866,-267.5769230769231,-117.26923076923077,99.375,65.0,98.0
0927.899,-254.05,-107.75833333333333,98.3125,65.0,98.0
0927.931,-242.675,-101.25,97.0,65.0,98.0
0927.964,-234.13076923076923,-96.25,96.0,65.0,98.0
0927.997,-220.1230769230769,-91.88461538461539,96.0,65.0,98.0
0928.030,-205.20000000000002,-88.875,96.0,65.0,98.0
0928.062,-190.42499999999998,-85.0,96.0,65.0,98.0
0928.094,-184.5,-81.85000000000001,96.875,65.0,98.0
0928.127,-181.9111111111111,-79.6125,96.0,65.0,98.0
0928.161,-168.45,-73.23076923076923,96.0,65.0,98.0
0928.193,-147.92499999999998,-70.7,96.0,65.0,98.0
0928.239,-93.25000000000001,-62.0125,95.0625,65.0,98.0
0928.273,-56.0125,-55.75,97.125,65.0,98.0
0928.307,-24.2,-46.41666666666666,101.5625,65.0,98.0
0928.325,-15.15,-41.80769230769231,104.9375,65.0,98.0
0928.365,4.691666666666666,-34.983333333333334,113.8125,65.0,98.0
0928.400,3.675,-32.3,113.0,65.0,98.0
0928.434,-0.5999999999999999,-31.666666666666664,107.875,65.0,98.0
0928.467,-2.0846153846153848,-29.916666666666664,105.8125,65.0,98.0
0928.499,14.333333333333334,-29.8,103.0,65.0,98.0
0928.533,36.608333333333334,-27.28333333333333,101.6875,65.0,98.0
0928.565,55.63333333333334,-27.249999999999996,101.0,65.0,98.0
0928.600,67.52307692307691,-26.47692307692308,101.0,65.0,98.0
0928.633,77.85833333333333,-26.0,102.0,65.0,98.0
0928.665,87.9,-25.633333333333336,101.0,65.0,98.0
0928.706,96.1,-20.25,98.875,65.0,98.0
0928.740,98.15,-18.200000000000003,97.0,65.0,98.0
0928.772,101.26153846153846,-15.133333333333333,96.0,65.0,98.0
0928.800,106.2,-15.825000000000001,96.0,65.0,98.0
0928.832,111.26666666666667,-15.833333333333332,96.0,65.0,98.0
0928.863,116.625,-14.8,96.0,65.0,98.0
0928.894,113.07272727272728,-11.325,96.0,65.0,98.0
0928.927,110.81666666666666,-9.549999999999999,95.0625,65.0,98.0
0928.972,99.13333333333334,-5.45,95.0,65.0,98.0
0928.997,105.1,-4.116666666666667,94.0,65.0,98.0
0929.031,126.98333333333335,-4.4,94.0,65.0,98.0
0929.063,167.6,-8.2,93.4375,65.0,98.0
0929.096,198.4375,-9.3,96.0,65.0,98.0
0929.129,216.57777777777778,-10.5,100.6875,65.02743902439025,98.0
0929.160,213.02499999999998,-10.966666666666669,110.5,65.12195121951218,97.99999999999999
0929.207,194.85,-9.9,112.5625,65.26524390243902,98.00000000000001
0929.224,189.0,-10.215384615384615,110.5,65.31707317073172,98.0
0929.266,175.525,-9.169230769230769,106.875,65.44512195121952,98.0
0929.298,166.9,-8.95,104.875,65.54268292682927,98.0
0929.331,156.4,-8.4,102.8125,65.64329268292684,98.0
0929.364,143.96153846153845,-7.25,100.75,65.7439024390244,98.0
0929.397,127.025,-7.8307692307692305,100.0,65.84451219512195,98.0
0929.429,109.4,-9.266666666666666,100.0,65.94207317073172,98.0
0929.461,89.39166666666665,-8.1,99.6875,66.03963414634147,98.0
0929.493,68.61538461538461,-7.9,98.6875,66.13719512195121,98.0
0929.538,39.92307692307692,-6.374999999999999,96.875,66.27439024390245,98.0
0929.571,13.841666666666667,-6.1000000000000005,95.0,66.375,98.0
0929.599,-4.416666666666667,-6.5625,94.0625,66.46036585365853,98.0
0929.632,-21.516666666666666,-8.283333333333333,94.0,66.5609756097561,98.0
0929.665,-32.83333333333333,-10.683333333333334,94.0,66.66158536585365,98.0
0929.698,-32.29230769230769,-12.184615384615386,94.0,66.76219512195122,98.0
0929.731,-25.633333333333333,-10.600000000000001,94.0,66.86280487804878,98.0
0929.766,-16.0625,-9.333333333333332,94.0,66.96951219512195,98.0
0929.798,10.0,-8.1,93.625,67.06547619047619,98.0
0929.830,30.2,-11.26923076923077,93.0,67.16071428571429,98.0
0929.862,40.141666666666666,-14.600000000000001,94.375,67.25595238095238,98.0
0929.892,32.333333333333336,-19.662499999999998,96.75,67.3452380952381,98.0
0929.933,-14.1,-29.049999999999997,105.25,67.46726190476191,98.0
0929.967,-68.56666666666666,-38.71666666666667,112.875,67.56845238095238,98.0
0930.002,-137.53333333333333,-46.392307692307696,111.875,67.67261904761905,98.0
0930.039,-222.6,-57.05,107.5625,67.78273809523809,98.0
0930.072,-293.0,-64.4,105.5,67.88095238095238,98.0
0930.097,-347.4307692307692,-71.61538461538461,102.9375,67.95535714285714,98.0
0930.129,-420.5692307692308,-78.56923076923077,101.0,68.05067064083457,98.00000000000001
0930.160,-496.7846153846154,-86.35,100.0,68.14307004470939,98.0
0930.205,-606.85,-96.29166666666667,100.0,68.27719821162444,98.0
0930.238,-665.2166666666668,-102.89166666666667,100.0,68.37555886736214,98.0
0930.271,-704.4666666666667,-106.05833333333334,99.0,68.47391952309985,98.0
0930.297,-712.25,-107.2,98.0,68.55141579731745,98.00000000000001
0930.330,-708.15,-104.0923076923077,97.0,68.64977645305514,98.0
0930.362,-688.5153846153846,-97.6,96.0,68.7451564828614,98.0
0930.394,-658.2666666666668,-90.91666666666666,95.0,68.84053651266765,98.0
0930.427,-630.7230769230769,-87.03076923076922,95.0,68.93889716840536,98.0
0930.459,-605.4666666666667,-84.36666666666667,96.0,69.03427719821161,98.0
0930.505,-554.6375,-80.5,96.0,69.17138599105812,98.0
0930.538,-515.725,-75.8,96.0,69.26974664679582,98.0
0930.564,-481.7153846153846,-73.63333333333334,96.0,69.34724292101342,98.0
0930.595,-444.89166666666665,-68.1,96.0,69.43964232488823,98.0
0930.628,-409.0153846153846,-66.0,97.3125,69.53800298062593,98.0
0930.660,-377.75,-61.96666666666666,103.9375,69.6333830104322,98.0
0930.701,-343.0,-57.875,110.75,69.75558867362146,98.0
0930.734,-322.7692307692307,-54.116666666666674,112.0,69.85394932935917,98.0
0930.765,-302.7666666666666,-50.34615384615385,108.125,69.94634873323398,98.0
0930.798,-280.89166666666665,-50.0,105.0625,70.0,98.0
0930.830,-258.0,-49.875,101.125,70.0,98.0
0930.861,-237.85555555555555,-49.53076923076923,100.0,70.0,98.0
0930.893,-231.16666666666669,-47.269230769230774,99.0,70.0,98.0
0930.933,-234.31249999999997,-43.425,100.0,70.0,98.0
0930.965,-240.1,-40.3875,100.0,70.0,98.0
0930.997,-245.33846153846153,-40.7,99.0,70.0,98.0
0931.029,-244.5076923076923,-41.425,97.625,70.0,98.0
0931.061,-240.08333333333331,-41.06923076923077,95.625,70.0,98.0
0931.093,-237.27500000000003,-41.733333333333334,95.0,70.0,98.0
0931.139,-227.39999999999998,-38.625,95.0,69.99999999999999,98.0
0931.171,-227.8,-34.41666666666667,95.0,70.0,98.0
0931.199,-220.25384615384615,-28.599999999999998,95.0,70.0,98.0
0931.232,-213.46666666666667,-24.133333333333333,95.0,70.0,98.0
0931.266,-194.1,-18.750000000000004,95.0,70.0,98.0
0931.299,-159.75,-17.8125,94.75,70.0,98.0
0931.330,-128.60769230769233,-14.0,94.1875,70.0,98.0
0931.361,-101.375,-12.26153846153846,95.11764705882354,70.0,98.0
0931.393,-88.64999999999999,-9.307692307692307,100.25,70.0,98.0
0931.438,-85.41666666666666,-7.1,109.625,70.0,98.0
0931.471,-86.73333333333335,-4.6,114.0,70.04702194357367,98.0
0931.498,-86.69999999999999,-3.875,112.75,70.13166144200628,98.0
0931.531,-80.9625,-4.569230769230769,110.25,70.23510971786834,98.0
0931.564,-74.65833333333333,-3.5666666666666664,106.1875,70.3385579937304,98.0
0931.598,-62.8,-3.625,105.0625,70.44514106583073,98.0
0931.629,-46.86666666666667,-1.3000000000000003,102.125,70.5423197492163,98.0
0931.661,-33.5,1.15,101.0,70.64263322884013,98.0
0931.700,-19.483333333333334,1.3615384615384614,100.0,70.76489028213166,98.0
0931.732,-20.95,2.766666666666667,100.00000000000001,70.86520376175548,98.0
0931.764,-24.433333333333334,3.325,99.0,70.96551724137932,98.0
0931.796,-28.138461538461538,4.866666666666666,97.0,71.0,98.0
0931.828,-32.391666666666666,5.2,96.0,71.0,98.0
0931.871,-35.975,5.866666666666667,95.0,71.0,98.0
0931.896,-37.38333333333333,6.376923076923077,95.0,71.0,98.0
0931.928,-40.6625,8.75,95.0,71.0,98.0
0931.959,-41.5375,9.3,95.0,71.0,98.0
0932.000,-42.74999999999999,12.100000000000001,94.9375,71.0,98.0
0932.032,-35.60769230769231,11.775,94.0,71.0,98.0
0932.064,-22.316666666666666,12.553846153846154,94.0,71.0,98.0
0932.095,4.433333333333333,12.075,94.0,71.0,98.0
0932.127,36.758333333333326,12.3,95.0,71.0952380952381,98.0
0932.160,59.430769230769236,30.4,100.1875,71.29166666666666,98.0
0932.193,70.03333333333333,46.13846153846154,110.25,71.48809523809524,98.0
0932.226,70.83333333333333,59.63846153846154,112.0,71.68452380952381,98.0
0932.272,69.67500000000001,55.723076923076924,108.875,71.95833333333334,98.0
0932.299,63.55,53.55,106.25,72.11904761904762,98.0
0932.332,58.42307692307693,47.8,104.1875,72.31547619047619,98.0
0932.365,55.099999999999994,45.55555555555556,102.125,72.51190476190476,98.0
0932.399,52.791666666666664,43.75,100.0,72.71428571428572,98.0
0932.432,54.099999999999994,44.05,99.0,72.91071428571429,98.0
0932.465,56.64615384615385,46.0,99.0,73.0,98.0
0932.499,58.70909090909091,45.7,98.75,73.0,97.99999999999999
0932.531,61.95,48.583333333333336,97.0,73.0,98.0
0932.563,59.824999999999996,49.05,96.0,73.0,98.0
0932.596,57.949999999999996,52.35,94.66666666666666,73.0,98.0
0932.629,46.5,55.292307692307695,94.0,73.0,98.0
0932.663,38.15,64.55555555555556,94.0,73.0,98.0
0932.696,40.975,78.95,93.0,73.0,98.0
0932.728,47.75,94.325,93.0,73.0,98.0
0932.761,55.715384615384615,109.525,93.0,73.0,98.0
0932.802,67.94615384615385,121.30000000000001,93.0,73.05934718100889,98.0
0932.840,100.96666666666667,124.77777777777777,93.0,73.17210682492582,98.0
0932.873,144.85,123.7125,93.0,73.2700296735905,98.0
0932.906,192.075,120.0,93.6875,73.3679525222552,98.0
0932.939,237.50000000000003,128.7923076923077,96.5,73.46587537091989,98.0
0932.972,269.6666666666667,144.65,103.25,73.56379821958457,98.0
0933.000,286.01250000000005,158.5,112.125,73.64688427299703,98.0
0933.033,293.2,172.1,114.375,73.74480712166172,98.0
0933.064,281.45,165.125,110.875,73.83679525222553,98.0
0933.097,269.3,158.525,107.375,73.93471810089021,98.0
0933.129,260.9833333333333,153.575,105.375,74.0,97.99999999999999
0933.162,266.9076923076923,145.9,103.3125,74.0,98.0
0933.195,276.15,141.575,102.25,74.0,97.99999999999999
0933.228,290.0923076923077,143.75,102.875,74.0,98.0
0933.262,306.8333333333333,152.7923076923077,103.0,74.0,98.0
0933.295,315.93333333333334,162.92499999999998,102.0,74.0,98.0
0933.327,319.20833333333337,172.8,101.0,74.0,98.0
0933.373,303.33333333333337,179.125,100.0,74.0,98.0
0933.399,291.2307692307692,189.51666666666668,98.4375,74.0,98.0
0933.433,287.45384615384614,205.27692307692308,97.3125,74.0,98.0
0933.466,283.925,223.06923076923078,96.29411764705881,74.0,98.0
0933.499,284.075,230.06666666666666,96.0,74.0,98.0
0933.532,277.8,227.8,96.0,74.0,98.0
0933.565,267.5615384615385,222.53333333333336,95.0,74.0,98.0
0933.598,266.1,217.6,95.0,74.0,98.0
0933.632,264.475,238.82500000000002,94.875,74.0,98.0
0933.666,277.09999999999997,286.75,94.0,74.0,98.0
0933.700,290.2,327.45,94.0,74.0,98.0
0933.734,304.5153846153846,350.9375,93.0,74.0,98.0
0933.772,315.51666666666665,333.6615384615385,93.875,74.0,98.0
0933.799,324.4333333333334,325.275,100.25,74.03720238095238,98.0
0933.832,332.93333333333334,318.64166666666665,107.5,74.08630952380953,97.99999999999999
0933.865,341.7416666666666,345.61538461538464,113.0,74.13541666666667,98.0
0933.899,355.5,392.75,110.47058823529412,74.1860119047619,98.0
0933.933,369.0,433.5333333333333,107.125,74.23660714285714,98.0
0933.967,376.7846153846154,451.625,103.9375,74.28720238095238,98.0
0934.000,378.0923076923077,440.12307692307695,101.875,74.33630952380952,98.0
0934.032,371.7692307692308,429.0,99.0,74.38392857142857,98.0
0934.064,358.54166666666663,418.0111111111111,99.0,74.43154761904762,98.0
0934.095,344.6166666666667,407.84999999999997,99.0,74.47767857142857,98.0
0934.126,336.0076923076923,399.8,99.0,74.52380952380952,98.0
0934.167,333.4222222222222,390.3,98.0,74.58482142857143,98.0
0934.198,332.0,378.5230769230769,95.75,74.63095238095238,98.0
0934.230,329.05,369.04999999999995,95.0,74.67857142857143,98.0
0934.262,321.3666666666667,357.875,94.0,74.72619047619048,98.0
0934.294,313.0692307692308,343.6,94.0,74.77380952380952,98.0
0934.340,295.0888888888889,311.9916666666667,94.0,74.8422619047619,98.0
0934.373,261.21666666666664,273.1,94.4375,74.89136904761905,98.0
0934.407,195.25,209.55,95.0,74.94196428571429,98.0
0934.425,144.23846153846154,166.4666666666667,95.0,74.96875,98.0
0934.466,15.8,67.8,95.0,75.0,98.0
0934.499,-95.2,-22.284615384615385,94.0,75.0,98.0
0934.533,-205.05833333333334,-99.16153846153846,94.0,75.0,98.0
0934.565,-289.9,-156.5,94.0,75.0,98.0
0934.597,-354.5444444444444,-201.0,94.4375,75.0,98.0
0934.629,-403.35,-226.15384615384613,97.875,75.0,98.0
0934.661,-437.275,-241.89166666666665,107.3125,75.0,98.0
0934.705,-461.17499999999995,-249.85,114.0,75.0,98.0
0934.730,-462.26666666666665,-250.04999999999998,114.0,75.0,98.0
0934.763,-455.03333333333336,-243.25384615384615,109.375,75.0,98.0
0934.794,-444.1333333333333,-229.925,105.5,75.0,98.0
0934.827,-427.5,-218.62499999999997,102.1875,75.0,98.0
0934.860,-411.8461538461538,-205.475,100.125,75.0,98.0
0934.902,-386.2076923076923,-186.1,99.0,75.0,98.0
0934.939,-362.8833333333333,-167.01538461538462,100.0,75.0,98.0
0934.973,-336.2833333333333,-149.53846153846155,100.0,75.0,98.0
0934.991,-319.66666666666663,-140.0,98.9375,75.0,98.0
0935.032,-279.93333333333334,-125.26666666666667,97.375,75.0,98.0
0935.063,-235.46153846153845,-113.05,96.0,75.0,98.0
0935.097,-174.26666666666668,-104.26666666666667,95.0,75.0,98.0
0935.128,-126.26666666666667,-91.05833333333334,94.0,75.0,98.0
0935.159,-74.8,-81.28461538461539,93.4375,75.0,98.0
0935.200,-45.52307692307693,-70.18333333333334,93.125,75.0,98.0
0935.232,-40.32222222222222,-63.96666666666667,94.0,75.0,98.0
0935.265,-32.7,-58.33636363636364,94.0,75.0,98.0
0935.298,-26.049999999999997,-54.608333333333334,94.0,75.0,98.0
0935.331,-5.666666666666666,-50.7,93.6875,75.0,98.0
0935.363,20.35,-47.738461538461536,93.0,75.0,98.0
0935.395,43.775,-46.2,93.3125,75.0,98.0
0935.427,61.86666666666667,-42.5,96.9375,75.0,98.0
0935.473,72.825,-43.1,109.375,74.99999999999999,97.99999999999999
0935.498,71.86153846153847,-41.5,111.75,75.0,98.0
0935.531,64.76923076923077,-42.422222222222224,112.0,75.0,98.0
0935.563,59.65833333333333,-39.25,107.1875,75.0,98.0
0935.596,57.55833333333334,-38.46666666666667,104.125,75.0,98.0
0935.628,54.55384615384615,-36.599999999999994,102.0,75.0,98.0
0935.673,43.07692307692308,-35.825,99.0,75.0,98.0
0935.698,35.6,-32.830769230769235,99.0,75.0,98.0
0935.729,32.2125,-30.950000000000003,100.25,75.0,98.0
0935.762,24.666666666666664,-28.799999999999997,101.0,75.0,98.0
0935.795,18.575000000000003,-24.576923076923077,99.625,75.0,98.0
0935.828,9.299999999999999,-22.784615384615385,97.5625,75.0,98.0
0935.861,0.1499999999999999,-18.0375,96.0,75.0,98.0
0935.901,-7.725,-14.266666666666666,95.0,75.0,98.0
0935.933,-13.9,-6.533333333333333,94.0,75.0,98.0
0935.965,-12.825000000000001,-4.1,94.9375,75.0,98.0
0936.000,-14.100000000000001,1.8666666666666667,95.0,75.0,98.0
0936.033,-10.46923076923077,4.707692307692307,95.0,75.0,98.0
0936.065,-5.9,6.623076923076923,95.0,75.0,98.0
0936.097,12.0,8.1,95.0,75.0,98.0
0936.130,34.1,8.125,94.0,75.0,98.0
0936.164,73.33846153846153,11.146153846153846,94.0,75.0,98.0
0936.197,102.36923076923077,16.453846153846154,95.875,75.0,98.0
0936.229,122.725,20.650000000000002,101.3125,75.0,98.0
0936.261,131.9,27.0,107.75,75.0,98.0
0936.306,127.8,28.425,113.75,75.0,98.0
0936.333,130.46666666666667,30.950000000000003,112.0625,75.0,98.0
0936.367,126.55000000000001,32.176923076923075,106.9375,75.0,98.0
0936.401,123.85,34.4,104.0,75.0,98.0
0936.432,122.25,37.800000000000004,101.875,75.0,98.0
0936.463,124.32222222222222,37.75384615384615,100.0,75.0,97.99999999999999
0936.497,128.02307692307693,42.5,100.0,75.0,98.0
0936.530,134.775,80.3,101.0,75.0,98.0
0936.563,131.025,167.5,100.6875,75.0,98.0
0936.597,124.56153846153848,248.73846153846154,98.5625,75.0,98.0
0936.630,113.65833333333333,312.55833333333334,97.5,75.0,98.0
0936.661,109.1,297.3,96.0,75.0,98.0
0936.693,105.60000000000001,285.06666666666666,95.0,75.0,98.0
0936.733,111.0,272.70000000000005,94.0625,75.0,98.0
0936.766,115.75,266.1,95.0,75.0,98.0
0936.798,119.425,257.68888888888887,95.0,75.0,98.0
0936.832,120.25,263.6,95.0,75.0,97.99999999999999
0936.864,122.1375,283.925,95.0,75.0,98.0
0936.897,127.70000000000002,303.32500000000005,94.75,75.0,98.0
0936.928,142.20000000000002,324.06666666666666,94.0,75.0,98.0
0936.960,161.35,318.8,94.1875,75.0,98.0
0937.006,190.05,308.25555555555553,103.0,75.0,98.0
0937.033,197.63333333333333,297.5916666666667,108.0625,75.0,98.0
0937.064,198.2846153846154,289.14166666666665,112.625,75.0,98.0
0937.095,189.54615384615386,277.15,111.875,75.0,98.0
0937.126,174.71666666666664,269.6923076923077,109.0,75.0,98.0
0937.166,168.6,259.67499999999995,104.0,75.0,98.0
0937.200,161.63333333333333,250.95,102.875,75.0,98.0
0937.233,156.28333333333333,240.39999999999998,100.8125,75.0,98.0
0937.267,123.43846153846154,216.9888888888889,100.0,75.0,98.0
0937.299,89.78333333333335,183.9875,100.33333333333333,75.0,98.0
0937.332,33.9,140.9125,100.5625,75.0,98.0
0937.365,-26.825,100.3375,100.0,75.0,98.0
0937.398,-82.96666666666665,56.81111111111111,98.0,75.0,98.0
0937.431,-142.76666666666665,10.133333333333333,97.0,75.0,98.0
0937.465,-206.5,-49.55,96.0,75.0,98.0
0937.498,-280.3,-119.92500000000001,96.0,75.0,98.0
0937.532,-368.9666666666667,-183.20000000000002,95.0,75.0,98.0
0937.564,-443.7,-235.03333333333333,95.0,75.0,98.0
0937.598,-511.03333333333336,-268.65,95.0,75.0,98.0
0937.631,-556.3000000000001,-300.7923076923077,95.0,75.0,98.0
0937.664,-580.4923076923076,-329.7307692307692,95.0,75.0,98.0
0937.698,-587.7333333333333,-349.0615384615385,94.0,75.0,98.0
0937.730,-589.0,-356.3,95.625,75.0,98.0
0937.763,-589.4749999999999,-360.3,100.5,75.0,98.0
0937.795,-595.4384615384615,-364.4875,109.75,75.0,98.0
0937.827,-600.2666666666667,-367.0444444444444,111.6875,75.0,98.0
0937.861,-598.75,-365.46666666666664,111.0,75.0,98.0
0937.894,-586.375,-357.16666666666663,106.4375,75.0,98.0
0937.928,-567.523076923077,-345.66153846153844,104.3125,75.0,98.0
0937.962,-550.325,-329.8923076923077,101.1875,75.0,98.0
0937.995,-532.125,-311.2,100.0,75.0,98.0
0938.030,-515.1666666666666,-287.30833333333334,100.0,75.0,98.0
0938.064,-494.6615384615385,-265.05,101.0,75.0,98.0
0938.097,-476.1615384615385,-244.53333333333333,100.0,75.0,98.0
0938.129,-459.64166666666665,-226.60000000000002,99.0,75.0,98.0
0938.161,-444.36666666666673,-210.46666666666664,98.0,75.0,98.0
0938.193,-429.83846153846156,-196.2,97.0,75.0,98.0
0938.239,-404.5692307692308,-181.325,96.0,75.0,98.0
0938.271,-387.8666666666667,-171.4,96.0,75.0,98.0
0938.296,-370.2,-164.6,96.0,75.0,98.0
0938.327,-352.85,-155.01666666666668,96.0,75.0,98.0
0938.359,-316.9888888888889,-147.45384615384614,96.0,75.0,98.0
0938.401,-255.88461538461536,-136.70833333333334,95.0,75.0,98.0
0938.439,-203.0769230769231,-128.9,96.625,75.0,98.0
0938.473,-170.8,-121.05,99.5,75.08333333333333,98.0
0938.507,-148.55,-116.35,105.625,75.18452380952381,98.0
0938.524,-140.55,-113.66153846153846,110.875,75.23511904761904,98.0
0938.571,-122.85,-104.675,112.125,75.375,98.0
0938.605,-114.47500000000001,-98.30000000000001,109.0,75.47619047619048,98.0
0938.638,-109.75,-92.74999999999999,105.9375,75.57440476190476,98.0
0938.664,-105.1,-91.53333333333333,104.3125,75.65178571428571,98.0
0938.696,-101.575,-90.4888888888889,102.0,75.74702380952381,98.0
0938.728,-101.9,-90.4,100.3125,75.84226190476191,98.0
0938.761,-98.76153846153846,-86.225,100.0,75.9404761904762,98.0
0938.800,-96.33333333333334,-81.80000000000001,100.0,76.0,97.99999999999999
0938.832,-95.56923076923078,-76.16923076923077,99.0,76.0,98.0
0938.866,-99.01538461538462,-72.23076923076923,97.6875,76.0,98.0
0938.899,-105.68333333333332,-69.5,96.625,76.0,98.0
0938.931,-109.43333333333334,-67.95,95.0,76.0,98.0
0938.963,-109.9,-67.4,95.0,76.0,98.0
0938.995,-116.93333333333334,-68.55384615384615,95.0,76.0,98.0
0939.027,-117.33333333333333,-66.34166666666667,95.0,76.0,98.0
0939.073,-119.05000000000001,-65.9,95.0,76.0,98.0
0939.106,-114.225,-62.13333333333334,95.0,76.0,98.0
0939.133,-103.5,-62.55,94.0,76.05059523809523,97.99999999999999
0939.166,-81.0,-60.28461538461538,94.0,76.14880952380952,97.99999999999999
0939.200,-47.75,-57.733333333333334,94.25,76.25,98.0
0939.233,-21.83076923076923,-54.3,100.9375,76.34821428571428,98.0
0939.266,-6.866666666666667,-48.6,107.5,76.44642857142858,98.0
0939.297,-5.15,-44.09166666666666,112.3125,76.53869047619048,98.0
0939.330,-12.5,-42.22500000000001,112.25,76.63690476190476,98.0
0939.362,-16.56923076923077,-39.98333333333333,109.625,76.73214285714286,98.0
0939.394,-30.353846153846156,-40.38461538461539,105.625,76.82738095238095,98.0
0939.439,-42.900000000000006,-38.475,103.8125,76.96130952380952,98.0
0939.472,-51.08333333333333,-37.1,100.75,77.0,98.0
0939.499,-54.5125,-34.66666666666667,100.0,77.0,98.0
0939.531,-60.27777777777778,-32.4,100.0,77.0,98.0
0939.564,-66.88571428571429,-31.275,100.0,77.0,98.0
0939.598,-70.0,-29.453846153846154,98.875,77.0,98.0
0939.630,-77.05,-28.384615384615387,96.875,77.0,98.0
0939.663,-80.54444444444444,-27.533333333333335,95.8125,77.0,98.0
0939.697,-84.875,-27.0375,95.0,77.0,98.0
0939.729,-87.43333333333334,-26.2,94.0,77.0,98.0
0939.760,-94.45384615384614,-24.791666666666668,94.0,77.0,98.0
0939.799,-104.8,-21.9875,94.0,77.0,98.0
0939.831,-99.8,-21.925,95.0,77.0,98.0
0939.864,-81.075,-18.515384615384615,95.0,77.0,98.0
0939.896,-48.400000000000006,-18.03076923076923,94.0,77.0,98.0
0939.929,-15.461538461538463,-13.274999999999999,94.0,77.0,98.0
0939.962,19.075,-13.125,94.8125,77.0,98.0
0939.996,42.6,-11.766666666666667,99.8125,77.0,98.0
0940.028,54.91111111111111,-12.933333333333334,106.0,77.0,98.0
0940.061,51.6,-12.433333333333334,112.0,77.0,98.0
0940.093,52.237500000000004,-12.123076923076923,111.9375,77.0,98.0
0940.133,49.974999999999994,-7.675,107.4375,77.0,98.0
0940.163,48.63076923076923,-4.949999999999999,105.5625,77.0,98.0
0940.196,43.9,-4.05,102.5,77.0,98.00000000000001
0940.228,36.666666666666664,-5.611111111111112,101.0,77.0,98.0
0940.261,30.833333333333336,-8.1,100.0,77.0,98.0
0940.293,25.361538461538462,-8.05,101.0,77.0,98.0
0940.334,26.66923076923077,-9.441666666666666,100.875,77.0,98.0
0940.366,27.092307692307692,-8.507692307692308,99.875,77.0,98.0
0940.398,31.891666666666666,-9.661538461538463,97.875,77.0,98.0
0940.431,34.99166666666667,-11.016666666666666,95.8125,77.0,98.0
0940.465,37.2,-10.575000000000001,95.0,77.0,98.0
0940.499,38.45384615384615,-7.9,94.0,77.0,98.00000000000001
0940.531,36.607692307692304,-7.966666666666667,94.0,77.0,98.0
0940.564,25.583333333333332,-11.466666666666667,94.0,77.0,98.0
0940.597,10.2875,-14.7,94.0,77.0,98.0
0940.629,-16.025,-19.041666666666664,93.4375,77.0,98.0
0940.662,-32.46666666666667,-25.78333333333333,93.0,77.0,98.0
0940.693,-38.37499999999999,-29.276923076923076,92.4375,77.0,98.0
0940.739,-32.8,-35.733333333333334,92.4375,77.0,98.0
0940.771,-30.900000000000002,-34.5,95.875,77.0,98.0
0940.797,-32.14615384615385,-35.225,101.1875,77.02529761904762,98.0
0940.829,-35.8,-34.430769230769236,110.125,77.07291666666667,98.0
0940.862,-41.0,-33.61666666666667,112.0,77.12202380952381,98.0
0940.895,-46.05,-34.3,110.625,77.17113095238096,98.0
0940.927,-49.99166666666666,-34.38333333333333,106.8125,77.21875,98.0
0940.960,-54.099999999999994,-36.24444444444444,104.75,77.26785714285715,98.0
0940.999,-54.8,-35.16666666666667,101.3125,77.32589285714286,98.0
0941.029,-55.050000000000004,-34.430769230769236,100.0,77.37053571428572,98.0
0941.060,-56.5923076923077,-30.233333333333334,99.5,77.41666666666666,98.0
0941.105,-64.0,-28.5,99.0,77.48363095238096,98.0
0941.139,-66.32307692307693,-26.466666666666665,98.5625,77.53422619047619,98.0
0941.171,-55.733333333333334,-24.7,97.0,77.58184523809524,98.0
0941.199,-42.85,-19.25,95.90625,77.6235119047619,98.0
0941.232,-23.592307692307692,-11.166666666666666,94.75,77.67261904761905,98.0
0941.266,-15.81111111111111,-3.0249999999999995,94.0,77.72321428571428,98.0
0941.298,-16.8,2.3846153846153846,94.0,77.77083333333333,98.0
0941.331,-16.4,5.133333333333333,94.4375,77.81994047619048,98.0
0941.363,-16.330769230769228,4.066666666666666,95.0,77.86755952380952,98.0
0941.395,-10.15,6.2,95.0,77.91517857142857,98.0
0941.426,6.0249999999999995,8.423076923076923,94.625,77.96130952380952,98.0
0941.471,31.025000000000002,11.915384615384614,94.0,78.0,98.0
0941.498,55.12499999999999,13.350000000000001,94.0,78.0,98.00000000000001
0941.529,82.35384615384616,14.125,94.0,78.0,98.0
0941.560,102.9,14.5,96.5,78.0,98.0
0941.594,120.875,15.046153846153846,102.625,78.0,98.0
0941.639,133.74166666666665,14.3,112.6875,78.0,98.0
0941.664,132.0888888888889,30.0,112.75,78.0,98.0
0941.695,127.5,107.43333333333334,110.625,78.0,98.0
0941.726,115.85,174.83846153846153,105.875,78.0,98.0
0941.772,104.91538461538461,253.40000000000003,103.0,78.0,98.0
0941.796,101.0,234.29166666666669,101.5,78.0,98.0
0941.827,95.7,220.91666666666666,100.0,78.0,98.0
0941.860,106.58461538461539,211.50833333333333,100.0,78.0,98.0
0941.893,112.99999999999999,204.41111111111113,100.0,78.0,98.0
0941.933,120.30000000000001,196.37692307692308,99.9375,78.0,98.0
0941.964,113.05,189.1625,98.0,78.0,98.0
0941.996,102.8,184.35,96.0,78.0,98.0
0942.028,92.92499999999998,178.7833333333333,95.0,78.0,98.0
0942.061,79.3,172.16923076923075,95.0,78.0,98.0
0942.105,74.4,163.76666666666665,94.0,78.0,98.0
0942.132,78.89230769230768,157.5,94.0,78.0,98.0
0942.165,83.7375,153.25,94.0,78.0,98.0
0942.196,90.725,148.22307692307692,94.5,78.0,98.0
0942.228,101.05,141.075,95.0,78.0,98.0
0942.259,114.30000000000001,138.1625,95.0,78.0,98.0
0942.305,149.275,130.26666666666665,95.0,78.0,98.0
0942.330,168.4,128.2,95.0,78.0,98.0
0942.362,195.31249999999997,125.7,95.875,78.0,98.0
0942.395,216.45000000000002,123.3,99.875,78.0,98.0
0942.427,221.02307692307693,122.6,105.8125,78.0,98.0
0942.472,211.93333333333334,121.55833333333334,114.75,77.91666666666667,98.0
0942.497,205.175,118.5,113.6875,77.8422619047619,98.0
0942.529,192.08333333333334,115.52307692307691,109.6875,77.74702380952381,98.0
0942.562,169.63076923076923,106.20833333333334,107.625,77.64880952380952,98.0
0942.595,138.80833333333334,89.16666666666666,104.5625,77.55059523809524,98.0
0942.629,96.9,68.2,102.4,77.44940476190476,98.0
0942.661,51.13333333333333,44.04615384615384,101.0,77.35416666666667,98.0
0942.706,-7.633333333333333,8.2,100.0,77.22023809523809,98.0
0942.738,-55.76923076923077,-21.34166666666667,100.0,77.125,98.0
0942.768,-100.91666666666667,-46.86923076923077,99.0,77.03571428571428,98.0
0942.801,-155.275,-77.63333333333333,97.6875,77.0,98.0
0942.833,-216.5,-105.04166666666667,95.6875,77.0,98.0
0942.863,-271.2,-128.6923076923077,95.0,77.0,98.0
0942.895,-323.1166666666667,-151.3,94.0,77.0,98.0
0942.934,-374.4833333333333,-179.225,94.0,77.0,98.0
0942.972,-418.73846153846154,-203.85,93.0,77.0,98.0
0943.006,-452.4,-216.93333333333337,93.0,77.0,98.0
0943.039,-482.33333333333337,-226.70000000000002,93.0,77.0,98.0
0943.072,-501.4,-232.74444444444444,93.0,77.0,98.0
0943.098,-521.9384615384615,-240.15,93.0,77.0,98.0
0943.130,-536.6166666666667,-246.03333333333333,93.0,77.0,98.0
0943.164,-550.4000000000001,-248.62307692307695,93.0,77.0,98.0
0943.197,-561.95,-248.35833333333335,94.15625,77.0,98.0
0943.228,-572.6769230769231,-246.675,99.0,77.0,98.0
0943.260,-586.5307692307692,-246.10000000000002,109.0,77.0,98.0
0943.301,-594.2,-246.275,113.0,77.0,98.0
0943.332,-596.025,-244.3375,109.875,77.0,98.0
0943.363,-593.0875,-242.66666666666669,107.0,77.0,98.0
0943.396,-582.9875,-237.35000000000002,103.4375,77.0,98.0
0943.429,-570.723076923077,-232.25,102.0,77.0,98.0
0943.460,-552.2333333333333,-225.60000000000002,100.4375,77.0,98.0
0943.501,-517.1,-214.0,98.99999999999999,77.0,98.0
0943.532,-481.0,-202.22727272727272,99.0,77.0,98.0
0943.563,-438.44615384615383,-192.53333333333336,99.0,77.0,98.0
0943.595,-393.6461538461538,-183.575,98.0,77.0,98.0
0943.627,-351.15,-174.43076923076922,97.0,77.0,98.0
0943.672,-300.8,-160.4,95.0,77.0,98.0
0943.699,-268.2,-149.6692307692308,95.0,77.0,98.0
0943.732,-233.3,-142.29166666666666,95.0,77.0,98.0
0943.766,-198.53846153846155,-135.11666666666667,95.0,77.0,98.0
0943.797,-174.8,-129.7,95.0,77.00000000000001,98.0
0943.830,-157.6,-122.14999999999999,95.0,77.0,98.0
0943.861,-138.36666666666667,-114.20833333333334,95.0,77.0,98.0
0943.900,-96.51538461538462,-105.8875,94.0,77.0,98.0
0943.933,-48.12499999999999,-96.0125,94.0,77.0,98.0
0943.966,0.3999999999999999,-85.04444444444445,94.125,77.0,98.0
0943.999,54.175,-74.13333333333334,96.375,77.0,98.0
0944.032,94.95555555555555,-64.68333333333334,104.75,77.0,98.0
0944.066,123.39999999999999,-58.449999999999996,110.75,77.0,98.0
0944.097,136.16666666666666,-53.776923076923076,113.0,77.0,98.0
0944.129,147.5,-48.61666666666666,109.6875,77.0,98.0
0944.161,159.5,-41.5,106.6875,77.0,98.0
0944.193,165.83333333333334,-39.011111111111106,103.6875,77.0,98.0
0944.226,171.725,-37.6,101.5625,77.0,98.0
0944.273,166.1,-37.525000000000006,99.0,77.0,98.0
0944.290,156.13333333333333,-36.85,99.0,77.0,98.0
0944.333,119.78461538461539,-40.25,99.0,77.0,98.0
0944.366,75.2,-51.2,98.0,77.0,98.0
0944.399,21.266666666666666,-63.62222222222222,97.8125,77.0,98.0
0944.432,-41.6,-75.51666666666665,95.75,77.0,98.0
0944.465,-111.16666666666666,-86.49166666666666,94.6875,77.0,98.0
0944.496,-176.0875,-93.7,94.0,77.0,97.99999999999999
0944.529,-229.825,-98.5,94.0,77.0,98.0
0944.561,-275.67499999999995,-104.63076923076923,93.625,77.0,98.0
0944.592,-313.2,-108.45,93.0,77.0,98.0
0944.633,-367.625,-111.25,93.875,77.0,98.0
0944.666,-400.625,-109.84615384615384,94.0,77.0,98.0
0944.700,-418.41666666666674,-109.13333333333334,94.0,77.0,98.0
0944.737,-413.4333333333334,-113.02307692307693,94.0,77.0,98.0
0944.765,-387.3,-113.61666666666667,94.125,77.0,98.0
0944.798,-338.3666666666667,-110.65,95.375,76.94345238095238,97.94345238095238
0944.831,-285.25,-102.35555555555555,102.75,76.84523809523809,97.84523809523809
0944.864,-250.64999999999998,-90.56249999999999,109.9375,76.74702380952381,97.7470238095238
0944.897,-235.26666666666665,-81.83333333333334,114.0,76.64880952380952,97.64880952380952
0944.929,-233.475,-74.45,112.625,76.55357142857142,97.55357142857142
0944.962,-233.84999999999997,-68.07692307692307,109.5625,76.45535714285714,97.45535714285714
0944.996,-228.20000000000002,-63.96666666666667,106.4375,76.35416666666667,97.35416666666667
0945.031,-224.11666666666665,-60.2,104.25,76.25,97.25
0945.062,-220.36666666666667,-59.266666666666666,102.3125,76.1577380952381,97.15773809523809
0945.094,-218.22500000000002,-56.099999999999994,101.0,76.0625,97.0625
0945.140,-214.2,-54.169230769230765,101.0,76.0,97.0
0945.173,-208.8,-52.225,101.0,76.0,97.0
0945.200,-207.3,-51.50000000000001,99.6875,76.0,97.0
0945.231,-200.84615384615387,-53.15,97.75,76.0,97.0
0945.265,-201.33333333333337,-51.61666666666666,96.625,76.0,97.0
0945.297,-201.05,-49.300000000000004,95.625,76.0,97.0
0945.329,-201.5,-43.25,95.0,76.0,97.0
0945.361,-185.3,-37.266666666666666,95.0,76.0,97.0
0945.394,-160.7,-30.330769230769235,95.0,76.0,97.0
0945.427,-134.9,-23.984615384615385,95.0,76.0,97.0
0945.460,-118.2,-16.1,95.0,75.97321428571428,97.0
0945.507,-76.8076923076923,-9.508333333333335,94.0,75.83333333333334,97.0
0945.524,-56.63333333333333,-7.36923076923077,94.0,75.7827380952381,97.0
0945.565,17.883333333333333,-3.0846153846153843,93.0,75.66071428571429,97.0
0945.598,73.97692307692309,2.066666666666667,94.1875,75.5625,97.0
0945.632,122.6875,9.341666666666669,100.9375,75.46130952380952,97.0
0945.665,157.9875,16.53333333333333,108.5,75.36309523809524,97.0
0945.698,182.2,22.576923076923077,113.4375,75.26488095238096,97.0
0945.730,201.16666666666669,27.1625,113.125,75.16964285714286,97.0
0945.762,218.07692307692307,30.0,110.125,75.07440476190476,97.0
0945.794,234.92499999999998,30.8,106.5625,75.0,96.99999999999999
0945.826,245.93333333333334,30.891666666666666,104.5625,74.99999999999999,97.0
0945.866,250.575,33.3,102.0625,75.0,97.0
0945.897,243.75,36.36666666666667,100.0,75.0,97.0
0945.929,231.7,52.49999999999999,99.0,75.0,97.0
0945.961,222.65,77.76153846153845,99.0,75.0,96.99999999999999
0945.995,218.075,103.32307692307691,97.9375,75.0,97.0
0946.029,213.33333333333331,122.71666666666667,96.0,75.0,97.0
0946.063,210.325,125.15,95.0,75.0,97.0
0946.096,213.22500000000002,129.875,94.0,75.0,97.0
0946.127,219.90000000000003,137.74444444444444,95.0,75.0,97.0
0946.161,228.7833333333333,143.65,95.4375,75.0,97.0
0946.195,231.72307692307692,144.25,96.0,75.0,97.0
0946.227,228.85000000000002,142.27499999999998,95.4375,75.0,97.0
0946.272,219.39999999999998,137.975,94.0,75.0,97.0
0946.306,219.5125,137.98888888888888,94.0,75.0,97.0
0946.331,230.2153846153846,138.06666666666666,94.0,75.0,97.0
0946.363,254.59166666666667,148.28333333333333,94.0,75.0,97.0
0946.396,279.3666666666667,174.61666666666667,94.0,75.0,97.0
0946.428,299.18333333333334,194.95384615384614,96.25,75.0,97.0
0946.461,304.68461538461537,208.18333333333334,101.5625,75.0,97.0
0946.494,297.33333333333337,199.71666666666667,108.75,75.0,97.0
0946.526,286.775,189.52499999999998,114.0,75.0,97.0
0946.571,261.35,166.45,110.9375,75.0,97.0
0946.605,235.38333333333335,139.41538461538462,106.8125,75.0,97.0
0946.638,201.5222222222222,111.06666666666666,105.0,75.0,97.0
0946.672,160.63846153846157,84.3,102.625,75.0,97.0
0946.699,133.9625,66.67692307692307,100.9375,75.0,97.0
0946.730,95.57499999999999,44.849999999999994,100.0,75.0,97.0
0946.762,56.6,23.775000000000002,99.0,75.0,97.0
0946.795,2.1923076923076925,5.725000000000001,98.9375,75.0,97.0
0946.829,-57.59230769230769,-13.638461538461536,97.0,75.0,97.0
0946.861,-117.425,-36.215384615384615,95.8125,75.0,97.0
0946.895,-192.2,-61.19230769230769,94.73333333333333,75.0,97.0
0946.928,-260.5,-83.96666666666667,93.0,75.0,97.0
0946.960,-320.6615384615385,-98.93333333333334,93.0,75.0,97.0
0947.001,-376.45,-114.25,92.0,75.0,97.0
0947.032,-412.2846153846154,-122.8,92.0,75.0,97.0
0947.063,-457.25,-136.75833333333333,93.0,75.0,97.0
0947.094,-496.61538461538464,-145.575,93.0,75.0,97.0
0947.134,-532.3923076923077,-153.2,93.0,75.0,97.0
0947.166,-541.8749999999999,-157.0875,93.0,75.0,97.0
0947.199,-539.4124999999999,-160.83846153846156,92.0,75.0,97.0
0947.232,-530.3375,-161.35000000000002,92.0,75.0,97.0
0947.264,-515.0769230769231,-157.7375,94.375,75.0,97.0
0947.295,-499.56666666666666,-152.9,98.9375,75.0,97.0
0947.340,-470.4625,-142.73749999999998,111.125,75.0,97.0
0947.358,-459.5333333333333,-136.62307692307692,112.25,75.0,97.0
0947.397,-427.6333333333333,-126.94999999999999,111.3125,75.0,97.0
0947.429,-401.1,-120.30000000000001,106.625,75.0,97.0
0947.462,-378.4333333333333,-114.13333333333334,104.25,74.98790322580645,97.0
0947.494,-361.64166666666665,-108.43846153846155,102.25,74.95564516129032,97.0
0947.534,-349.31666666666666,-101.81666666666666,100.0,74.91532258064515,97.0
0947.571,-342.16153846153844,-97.025,100.0,74.8780241935484,97.0
0947.599,-333.6230769230769,-93.32500000000002,100.0,74.84979838709678,97.0
0947.632,-326.73333333333335,-88.06666666666666,100.0,74.81653225806451,97.0
0947.665,-317.8833333333333,-84.09166666666667,99.0,74.78326612903226,97.0
0947.697,-309.7153846153846,-78.2,98.0,74.75100806451613,97.0
0947.730,-292.2615384615384,-72.65,97.0,74.71774193548387,97.0
0947.762,-272.6583333333333,-66.85833333333333,96.5,74.68548387096774,97.0
0947.794,-248.23846153846154,-61.008333333333326,96.0,74.65322580645162,97.0
0947.827,-227.49230769230772,-55.20833333333333,96.0,74.61995967741936,97.0
0947.867,-213.07142857142856,-48.3,96.0,74.57963709677419,97.0
0947.898,-212.66666666666669,-42.93846153846154,97.0,74.54838709677419,97.0
0947.929,-207.4,-39.025,97.0,74.51713709677419,97.0
0947.962,-194.0,-35.325,97.0,74.48387096774194,97.0
0947.996,-161.37499999999997,-32.125,96.0,74.44959677419355,97.0
0948.029,-121.7923076923077,-27.875,96.0,74.4163306451613,97.0
0948.061,-85.6,-22.7125,96.125,74.38407258064515,97.0
0948.107,-61.31666666666667,-13.95,102.0,74.33770161290323,97.0
0948.140,-42.05833333333333,-12.400000000000002,111.06451612903226,74.30443548387096,97.0
0948.171,-25.3,-9.05,113.0,74.27318548387096,97.0
0948.196,-16.2,-5.969230769230769,112.41176470588235,74.24798387096774,97.0
0948.228,1.6749999999999998,-2.6333333333333333,108.4375,74.21572580645162,97.0
0948.260,6.675,0.033333333333333354,105.375,74.18346774193549,97.0
0948.293,10.458333333333334,-0.17692307692307696,102.33333333333334,74.15020161290323,97.0
0948.339,20.800000000000004,-0.8333333333333335,100.4375,74.1038306451613,97.0
0948.367,18.275,2.4384615384615387,100.3125,74.07560483870968,97.0
0948.400,17.4,5.9,101.0,74.04233870967741,97.0
0948.432,10.069230769230769,9.899999999999999,100.625,74.0100806451613,97.0
0948.463,-1.1166666666666667,12.583333333333332,98.6875,74.0,97.0
0948.495,-11.98181818181818,13.183333333333334,97.66666666666666,74.0,97.0
0948.527,-19.033333333333335,14.725000000000001,95.66666666666667,74.0,97.0
0948.572,-21.400000000000002,13.061538461538461,95.0,74.0,97.0
0948.598,-22.68333333333333,13.15,95.0,74.0,97.0
0948.630,-26.625,13.174999999999999,94.2,74.0,97.0
0948.663,-29.85,12.261538461538462,94.0,74.0,97.0
0948.694,-30.1125,12.8,94.0,74.0,97.0
0948.727,-26.58888888888889,15.7,94.875,74.0,97.0
0948.760,-18.950000000000003,20.4,95.0,74.0,97.0
0948.794,-8.942857142857143,24.723076923076924,95.0,74.0,97.0
0948.839,27.166666666666664,27.14615384615385,94.1875,74.0,97.0
0948.872,67.16666666666666,30.041666666666664,94.0,74.0,97.0
0948.906,112.5,35.38333333333334,95.0,74.0,97.0
0948.940,151.68749999999997,40.475,103.375,74.0,97.0
0948.958,164.4,43.1,106.75,74.0,97.0
0948.999,182.8,47.05,113.625,74.0,97.0
0949.030,180.66666666666666,51.75454545454545,112.4,74.0,97.0
0949.063,174.5,74.43333333333334,109.25,74.0,97.0
0949.096,160.2,92.20000000000002,106.0625,74.0,97.0
0949.129,151.7,108.85,104.0,74.0,97.0
0949.162,140.2,105.92499999999998,101.9375,74.0,97.0
0949.197,134.22307692307692,102.06666666666666,101.0,74.0,97.00000000000001
0949.229,137.23333333333335,97.94999999999999,101.0,74.0,97.0
0949.262,145.9,94.43846153846152,101.0,74.0,97.0
0949.294,154.51666666666665,91.175,100.0,74.0,97.0
0949.328,162.8923076923077,88.03333333333333,98.0,74.0,97.0
0949.360,156.27499999999998,85.625,97.0,74.0,97.0
0949.394,154.21666666666667,88.16666666666666,96.0,74.0,97.0
0949.428,148.72307692307692,90.25,95.0,74.0,97.0
0949.460,143.81666666666666,89.725,94.0,74.0,97.0
0949.507,137.4,85.9,94.0,74.0,96.99999999999999
0949.524,137.025,84.65555555555557,94.0,74.0,97.0
0949.566,128.1,83.11666666666666,94.0,74.0,97.0
0949.601,124.85,80.175,94.0,74.0,97.0
0949.639,132.8,77.175,94.0,74.0,97.0
0949.665,147.475,74.6,94.0,74.0,97.0
0949.696,182.0076923076923,73.11666666666666,94.0,74.0,97.0
0949.727,213.4,73.43333333333334,95.625,74.0,97.0
0949.761,236.8083333333333,102.35384615384616,100.3125,74.0,97.0
0949.792,254.875,145.6,106.75,74.0,97.0
0949.833,269.4888888888889,195.36666666666667,111.0,74.0,97.0
0949.865,280.2375,209.9,109.0,74.0,97.0
0949.898,283.325,199.275,104.9375,74.0,97.0
0949.930,284.85,191.33076923076925,102.9375,74.0,97.0
0949.962,285.4153846153846,185.13333333333333,101.0,74.0,97.0
0949.996,282.675,179.07500000000002,98.8125,74.0,97.0
0950.028,280.61538461538464,173.7833333333333,98.0,74.0,97.0
0950.059,274.0666666666667,165.13846153846154,97.875,74.0,97.0
0950.106,260.45,152.41538461538462,97.0,74.0,97.0
0950.140,239.58333333333331,136.1,95.0,74.0,97.00000000000001
0950.172,215.75384615384615,117.725,94.0,74.0,96.99999999999999
0950.198,187.5,97.23333333333335,94.0,74.0,97.0
0950.232,148.375,69.22307692307692,94.0,74.0,97.0
0950.263,98.46153846153847,41.333333333333336,94.0,74.0,97.0
0950.296,37.6,13.966666666666669,94.0,74.0,97.0
0950.329,-39.0,-6.366666666666667,94.0,74.0,97.0
0950.361,-112.575,-20.0,94.0,74.0,97.0
0950.396,-198.68333333333334,-34.15,94.0,74.0,97.0
0950.430,-255.9153846153846,-55.5125,94.0,74.0,97.0
0950.464,-295.0,-77.75,93.5625,74.0,97.0
0950.496,-327.2416666666667,-95.5375,93.4375,74.0,97.0
0950.528,-357.3833333333334,-110.43846153846154,95.875,74.0,97.0
0950.559,-385.70769230769235,-120.14166666666667,100.125,74.0,97.0
0950.605,-429.55384615384617,-137.33333333333331,110.0,74.0,97.0
0950.638,-468.5166666666667,-145.28333333333333,109.6875,74.0,97.0
0950.664,-504.4,-149.65384615384616,108.0625,74.0,97.0
0950.696,-537.6166666666668,-156.65,104.0625,74.0,97.0
0950.729,-561.9,-160.41666666666666,102.0,74.0,97.0
0950.763,-574.8333333333334,-164.5,99.875,74.0,97.0
0950.795,-578.375,-167.01111111111112,99.0,74.0,97.02678571428571
0950.827,-581.3166666666666,-166.9625,99.0,74.0,97.07440476190477
0950.871,-572.3416666666667,-164.39999999999998,100.0,74.0,97.13988095238095
0950.898,-560.0999999999999,-158.86666666666667,99.0,74.0,97.18005952380953
0950.930,-542.5333333333333,-149.76153846153846,98.0,74.0,97.22767857142857
0950.960,-520.7333333333333,-142.88333333333333,97.0,74.0,97.27232142857143
0950.992,-495.1769230769231,-136.9666666666667,97.0,74.0,97.31994047619048
0951.033,-458.3,-131.3,96.0,74.0,97.38095238095238
0951.063,-435.475,-125.17500000000001,96.0,74.0,97.42559523809524
0951.095,-418.73333333333335,-117.10769230769232,96.0,74.0,97.47321428571428
0951.128,-399.03333333333336,-109.82307692307691,96.0,74.0,97.52232142857143
0951.160,-373.59999999999997,-104.5,96.0,74.0,97.56994047619048
0951.194,-342.3666666666667,-98.95,96.0,74.0,97.62053571428572
0951.226,-296.23333333333335,-94.54444444444445,96.0,74.0,97.66815476190476
0951.272,-219.56666666666666,-87.14615384615385,96.9375,74.0,97.73660714285715
0951.297,-177.03076923076924,-82.86666666666666,97.5,74.0,97.77380952380953
0951.329,-141.6,-75.375,104.5,74.0,97.82142857142857
0951.362,-117.92500000000001,-67.62307692307692,110.125,74.0,97.87053571428571
0951.394,-106.1,-61.925,112.0,74.0,97.91815476190476
0951.427,-89.54444444444444,-56.1,109.75,74.0,97.96726190476191
0951.460,-67.925,-50.075,106.625,74.0,98.0
0951.506,-29.583333333333336,-44.01666666666667,103.0,74.0,98.0
0951.531,-6.766666666666667,-41.38333333333334,101.875,74.0,98.0
0951.562,15.2,-38.269230769230774,101.0,74.0,98.0
0951.595,36.96923076923077,-32.833333333333336,101.0,74.0,98.0
0951.628,50.4,-27.074999999999996,102.0,74.0,98.0
0951.661,62.5,-23.4,101.0,74.0,98.00000000000001
0951.693,74.95384615384614,-18.29230769230769,99.73333333333335,74.0,98.0
0951.726,84.90769230769232,-13.450000000000001,98.0,74.0,98.0
0951.759,95.125,-8.999999999999998,97.0,74.0,98.0
0951.798,108.775,-3.125,96.125,74.0,98.0
0951.830,120.73333333333333,-0.6,96.0,74.0,98.0
0951.862,131.93846153846155,2.3499999999999996,96.0,74.0,98.0
0951.894,139.7,6.3,96.8125,74.0,98.0
0951.926,132.3875,8.946153846153846,96.0,74.0,98.0
0951.971,137.45833333333331,12.338461538461537,96.0,74.0,98.0
0951.997,153.53333333333336,11.453846153846154,96.0,74.0,98.0
0952.028,178.60000000000002,12.553846153846154,96.0,74.0,98.0
0952.072,212.16666666666666,15.271428571428572,97.9375,74.0,98.0
0952.097,218.9375,16.625,102.6,74.0,98.0
0952.129,214.03333333333333,18.146153846153847,111.125,74.0,98.0
0952.161,207.64999999999998,16.75,113.0,74.0,97.99999999999999
0952.194,202.34444444444446,14.766666666666666,111.375,74.0,98.0
0952.228,186.8,10.9,107.25,74.0,98.0
0952.260,169.9,8.275,105.25,74.0,98.0
0952.306,128.8625,0.04615384615384599,102.375,74.0,98.0
0952.338,93.325,-7.961538461538461,100.375,74.0,98.0
0952.366,53.51538461538462,-13.107692307692309,100.0,74.0,98.0
0952.398,6.866666666666667,-22.233333333333334,100.0,74.0,98.0
0952.430,-47.025,-33.87692307692308,99.6875,74.0,98.0
0952.462,-98.48461538461538,-44.266666666666666,98.6875,74.0,98.0
0952.495,-148.65833333333333,-54.108333333333334,97.625,74.0,98.0
0952.527,-185.225,-59.95,95.8125,74.0,98.0
0952.572,-232.55,-68.0,95.0,74.0,98.0
0952.596,-251.4875,-70.33333333333333,95.0,74.0,98.0
0952.627,-274.5,-72.4,95.0,74.0,98.0
0952.672,-317.48888888888894,-74.56666666666666,95.0,74.0,98.0
0952.698,-336.625,-75.49166666666666,95.0,74.0,98.0
0952.730,-356.4666666666667,-77.21538461538462,95.0,74.0,98.0
0952.762,-356.05384615384617,-78.46666666666667,95.0,74.0,98.0
0952.795,-328.40000000000003,-76.06666666666666,95.0,74.05373134328357,98.0
0952.827,-286.6333333333334,-71.36666666666667,95.0,74.1492537313433,98.0
0952.867,-237.6,-61.81666666666667,99.25,74.26865671641791,98.0
0952.899,-212.19166666666666,-51.98461538461539,104.875,74.36417910447761,98.0
0952.931,-200.44615384615386,-44.35,111.625,74.45970149253732,98.0
0952.963,-195.5,-35.96923076923077,112.0,74.55522388059701,98.0
0952.995,-196.6,-31.7,109.375,74.65074626865672,98.0
0953.027,-193.125,-29.983333333333334,106.35294117647058,74.74626865671641,98.0
0953.072,-184.0,-29.083333333333336,104.5,74.88059701492539,98.0
0953.097,-172.625,-27.249999999999996,102.9375,74.955223880597,98.0
0953.129,-164.85000000000002,-25.64166666666667,101.0,75.0,98.0
0953.162,-152.15,-21.258333333333336,101.0,75.0,98.0
0953.194,-145.21666666666667,-19.083333333333336,100.875,75.0,98.0
0953.234,-130.85,-13.6875,100.0,75.0,98.0
0953.265,-121.3125,-11.144444444444446,98.4375,75.0,98.0
0953.298,-107.06153846153848,-7.733333333333333,97.375,75.0,98.0
0953.330,-102.77499999999999,-5.7250000000000005,96.0,75.0,98.0
0953.364,-100.36666666666667,-5.633333333333334,96.0,75.0,98.0
0953.396,-102.5,-6.300000000000001,96.0,75.0,98.0
0953.428,-96.46153846153845,-5.415384615384614,96.0,75.0,98.0
0953.472,-91.03333333333333,-3.55,96.0,75.0,98.0
0953.498,-87.275,-3.45,96.0,75.0,98.0
0953.529,-83.53333333333333,-5.015384615384615,96.0,75.0,98.0
0953.562,-69.40769230769232,-4.25,95.875,75.0,98.0
0953.594,-40.469230769230776,-3.8374999999999995,95.0,75.0,98.0
0953.626,-1.5384615384615383,-1.7,95.0,75.0,98.0
0953.666,41.777777777777786,-1.5625,99.6875,75.0,98.0
0953.697,60.275,0.5375,105.5,75.0,98.0
0953.728,62.2875,2.6750000000000003,111.4375,75.0,98.0
0953.761,55.225,4.938461538461539,111.5,75.0,98.0
0953.793,55.01538461538461,7.8999999999999995,109.0,75.0,97.99999999999999
0953.833,54.43076923076923,9.016666666666666,106.0,75.0,98.0
0953.866,66.0,11.45,104.9375,75.0,98.0
0953.898,82.425,14.484615384615385,102.9375,75.0,98.0
0953.931,102.77499999999999,18.623076923076923,101.0,75.0,98.0
0953.964,120.08461538461539,26.383333333333333,100.0,75.0,98.0
0953.996,127.9,31.0125,99.0,75.0,98.0
0954.027,132.625,34.75,98.0,75.0,98.0
0954.067,135.8166666666667,34.96153846153846,96.375,75.0,98.0
0954.097,142.2888888888889,36.63333333333334,96.0,75.0,98.0
0954.129,146.91250000000002,40.05833333333334,95.0,75.0,98.0
0954.161,152.54999999999998,42.2,95.0,75.0,98.0
0954.194,148.375,42.56923076923077,95.0,75.0,98.0
0954.234,136.74166666666665,39.215384615384615,94.0,75.0,98.0
0954.265,121.25384615384615,37.9,94.0,75.0,98.0
0954.297,105.475,35.36666666666666,95.0,75.0,98.0
0954.330,87.55833333333334,34.47692307692308,95.0,75.0,98.0
0954.363,68.34615384615385,32.2,95.0,75.0,98.0
0954.397,73.57777777777778,26.86923076923077,95.0,75.0,98.0
0954.430,161.05384615384617,44.9,95.0,75.0,98.0
0954.463,340.1166666666667,183.0,96.875,75.0,98.0
0954.495,563.9,446.7846153846154,101.75,75.0,97.99999999999999
0954.528,749.5,909.475,112.5,75.0,98.0
0954.560,843.2,1315.0333333333333,115.5,75.0,98.0
0954.606,826.9923076923078,1605.2666666666667,112.625,75.0,98.0
0954.631,771.9916666666667,1555.0875,110.125,75.0,98.0
0954.662,670.975,1355.0,107.25,75.0,98.0
0954.695,545.3,1031.0,102.125,75.0,98.0
0954.727,415.1083333333333,642.575,99.125,75.0,98.0
0954.760,280.2583333333334,285.8846153846154,98.0,75.0,98.0
0954.794,152.6,17.13846153846154,98.0,75.0,98.0
0954.827,11.122222222222222,-106.15833333333335,97.86666666666667,75.0,98.0
0954.872,-188.22307692307695,-198.1153846153846,96.5,75.0,98.0
0954.898,-277.375,-236.95,95.375,75.0,98.0
0954.930,-348.4333333333333,-267.8384615384615,94.375,75.0,98.0
0954.961,-393.4,-288.5692307692308,94.0,75.0,98.0
0954.993,-415.6307692307692,-296.225,94.0,75.0,98.0
0955.038,-421.53333333333336,-293.85,94.0,75.0,98.0
0955.065,-409.55,-285.1875,94.0,75.0,98.0
0955.097,-391.4,-270.0888888888889,94.0,75.0,98.0
0955.129,-366.63846153846157,-254.53333333333333,94.0625,75.0,97.99999999999999
0955.160,-350.75,-239.28333333333333,95.0,75.0,98.0
0955.200,-311.94166666666666,-225.575,95.0,75.0,98.0
0955.232,-259.7,-214.98461538461538,95.0,75.0,98.0
0955.264,-198.04444444444442,-202.76666666666665,96.5,75.0,98.0
0955.297,-139.8,-185.33333333333334,99.125,75.0,98.0
0955.329,-99.36666666666667,-168.18333333333334,107.6875,75.0,98.0
0955.361,-65.1,-153.43846153846152,113.125,75.0,98.0
0955.392,-35.08888888888889,-144.42499999999998,114.5,75.0,98.0
0955.433,-2.833333333333334,-135.72307692307695,109.875,75.0,98.0
0955.464,13.95,-130.5625,107.0,75.0,98.0
0955.495,27.9,-125.65,103.0625,75.0,98.0
0955.525,32.47692307692308,-118.2,101.1875,75.0,98.0
0955.567,33.900000000000006,-109.8,99.5625,75.0,98.0
0955.599,35.98461538461538,-100.06666666666666,99.4375,75.0,98.0
0955.630,44.416666666666664,-95.125,100.0,75.0,98.0
0955.663,50.391666666666666,-91.11538461538461,99.5625,75.0,98.0
0955.695,50.7,-87.69999999999999,98.5625,75.0,98.0
0955.728,43.8,-88.075,97.0,75.0,98.0
0955.761,32.47692307692308,-90.025,96.0,75.0,98.0
0955.793,13.5,-94.16666666666666,95.4375,75.0,98.0
0955.838,-30.8,-102.1,95.0,75.0,98.0
0955.863,-62.5,-108.7,95.0,75.0,98.0
0955.895,-112.63846153846154,-120.7,95.0,75.0,98.0
0955.933,-184.87777777777777,-132.41666666666666,95.0,75.0,98.0
0955.965,-240.4,-140.3,95.0,75.0,98.0
0955.997,-286.75,-145.1769230769231,95.0,75.0,98.0
0956.029,-318.33333333333337,-148.03333333333333,95.0,75.0,98.0
0956.062,-339.8,-150.39166666666668,94.625,75.0,98.0
0956.095,-349.09999999999997,-157.38333333333335,95.0,75.0,98.0
0956.127,-356.9,-159.58461538461538,97.875,75.0,98.0
0956.171,-369.5625,-162.3923076923077,106.5625,75.0,98.0
0956.196,-373.1166666666667,-157.65384615384616,111.25,75.0,98.0
0956.228,-376.35833333333335,-153.60833333333335,113.25,75.0,98.0
0956.272,-356.33333333333337,-143.3,110.0,75.0,98.0
0956.297,-336.5333333333333,-138.10000000000002,106.9375,75.0,98.0
0956.327,-300.7307692307692,-130.08333333333331,105.0625,75.0,98.0
0956.360,-270.55,-122.75,104.0,75.0,98.0
0956.401,-232.35,-107.89999999999999,101.0,75.0,98.0
0956.433,-206.35000000000002,-99.05,100.0,75.0,98.0
0956.464,-170.9111111111111,-88.37777777777778,100.0,75.0,98.0
0956.495,-136.8,-80.01666666666668,99.5625,75.0,98.0
0956.527,-99.19999999999999,-72.05833333333332,98.0,75.0,98.00000000000001
0956.559,-72.76666666666668,-63.5,97.0,75.0,98.0
0956.599,-46.766666666666666,-54.77692307692308,96.0,75.0,98.0
0956.630,-28.46923076923077,-48.45,95.125,75.0,98.0
0956.662,-15.225000000000001,-45.21666666666666,95.0,75.0,98.0
0956.694,-10.466666666666667,-42.800000000000004,95.0,75.0,98.0
0956.739,-19.866666666666667,-38.266666666666666,96.0,75.0,98.0
0956.772,-32.0,-32.69230769230769,96.0,75.0,98.0
0956.800,-45.02307692307693,-26.9,96.0,75.0,98.00000000000001
0956.832,-48.592307692307685,-21.116666666666667,96.0,75.0,98.0
0956.863,-39.8,-14.03076923076923,95.0,75.0,98.0
0956.894,-8.088888888888889,5.0,95.0,75.0,98.0
0956.926,41.925,45.9,96.4375,75.0,98.0
0956.972,88.5,98.80000000000001,103.9375,75.0,98.0
0957.005,103.8,119.56666666666668,111.75,75.0,98.0
0957.038,104.0,120.80000000000001,112.6,75.0,98.0
0957.064,107.7375,137.93333333333334,110.875,75.0,98.0
0957.097,121.725,162.06666666666666,106.875,75.0,98.0
0957.129,131.25833333333333,183.75,104.875,75.0,98.0
0957.161,141.9,192.86153846153846,102.93333333333334,75.0,98.00000000000001
0957.202,151.73333333333332,207.86666666666667,101.0,75.0,98.0
0957.240,160.28333333333333,235.73333333333335,100.0,75.0,98.0
0957.265,173.2,255.53333333333336,100.0,75.0,98.0
0957.297,186.36666666666665,271.92499999999995,99.0,75.0,98.00000000000001
0957.330,196.09166666666667,268.8615384615385,98.3125,75.0,98.0
0957.363,191.6384615384615,267.84615384615387,97.25,75.0,98.0
0957.396,184.03846153846155,264.09999999999997,96.1875,75.0,98.0
0957.428,172.64999999999998,256.625,95.1875,75.0,98.0
0957.462,166.55,247.41538461538465,94.0625,75.0,98.0
0957.495,153.93333333333334,238.54166666666669,95.0,75.0,98.0
0957.529,146.8777777777778,228.2,95.03225806451613,75.0,98.0
0957.560,139.95,218.7166666666667,96.0625,75.0,98.0
0957.601,152.96666666666667,208.15,97.0,75.0,98.0
0957.634,164.5769230769231,203.26153846153846,97.0,75.0,98.0
0957.666,191.57692307692307,199.35,97.0,75.0,98.0
0957.698,219.89999999999998,196.64166666666665,97.0,75.0,98.0
0957.732,254.54999999999998,208.0,96.0,75.0,98.0
0957.763,274.6461538461539,248.18461538461543,96.75,75.0,98.0
0957.794,276.05,291.5,100.0625,74.96726190476191,98.0
0957.838,256.85,328.6666666666667,110.4375,74.83630952380952,98.00000000000001
0957.865,234.7,319.54999999999995,111.875,74.75595238095238,98.0
0957.897,207.41111111111113,297.89230769230767,108.75,74.66071428571429,98.0
0957.930,171.7,262.8,105.625,74.5625,98.0
0957.963,132.0,221.16666666666669,102.76470588235294,74.46428571428571,98.0
0957.996,92.78750000000001,171.075,101.0,74.36607142857143,98.0
0958.028,39.02222222222222,111.62307692307692,100.0,74.27083333333333,98.0
0958.061,-29.8375,48.00000000000001,99.0,74.17261904761905,98.0
0958.093,-98.57499999999999,-10.45,99.375,74.07738095238095,98.0
0958.133,-179.3,-78.475,99.0,74.0,98.0
0958.164,-241.06923076923078,-123.66153846153846,97.1875,74.0,98.0
0958.196,-300.9846153846154,-165.975,96.0,74.0,98.0
0958.228,-345.9,-196.04999999999998,94.1875,74.0,98.0
0958.261,-377.5,-221.75000000000003,94.0,74.0,98.0
0958.294,-387.9666666666667,-236.775,94.0,74.0,98.0
0958.328,-390.4583333333333,-238.94615384615383,95.0625,74.0,98.0
0958.374,-384.6,-227.68888888888887,97.0,74.0,98.0
0958.400,-374.54999999999995,-214.05,97.5625,74.0,98.0
0958.432,-360.4083333333333,-197.15,98.0,74.0,98.0
0958.463,-340.4,-180.66153846153844,97.0,74.00000000000001,98.0
0958.496,-310.23846153846154,-162.8,95.4375,74.0,98.0
0958.529,-272.7,-145.2,93.375,74.0,98.0
0958.561,-230.64166666666668,-125.025,93.0,74.0,98.0
0958.594,-191.7153846153846,-105.86666666666667,95.375,74.0,98.0
0958.640,-166.60000000000002,-85.16923076923077,105.6875,74.0,98.0
0958.674,-164.31666666666666,-74.23333333333333,109.6875,74.0,98.0
0958.705,-163.1,-66.2,108.375,74.0,98.0
0958.731,-149.8,-55.38333333333334,105.75,74.0,98.0
0958.764,-123.07499999999999,-45.583333333333336,103.6875,74.0,98.0
0958.796,-90.77692307692308,-36.525,102.0,74.0,98.0
0958.828,-65.23333333333333,-29.433333333333334,100.6875,74.0,98.0
0958.860,-48.974999999999994,-25.625,98.6875,74.0,98.0
0958.906,-41.43333333333334,-21.066666666666666,98.0,74.0,98.0
0958.931,-37.99230769230769,-18.96153846153846,97.0,74.0,98.0
0958.963,-43.833333333333336,-19.6,96.0,74.0,98.0
0958.994,-47.45,-17.516666666666666,95.0,74.0,98.0
0959.034,-38.40833333333333,-14.366666666666667,94.0,74.0,98.0
0959.066,-21.7,-8.266666666666667,94.0,74.0,98.0
0959.099,13.1,7.138461538461539,94.0,74.0,98.0
0959.130,47.425000000000004,58.849999999999994,95.0,74.0,98.0
0959.163,79.23333333333332,100.6,96.0,74.0,98.0
0959.197,96.80000000000001,144.25555555555553,96.0,74.0,98.0
0959.230,101.27499999999999,141.51250000000002,96.0,74.0,98.0
0959.262,92.71538461538461,130.03846153846155,95.0,74.0,98.0
0959.294,83.13333333333333,115.75,94.0,74.0,98.0
0959.339,78.73750000000001,89.35000000000001,93.0,74.0,98.0
0959.365,82.8,74.05,93.0,74.0,98.0
0959.398,92.3,53.53846153846155,94.0,74.0,98.0
0959.430,98.9,36.1,101.0,74.0,98.0
0959.461,99.72500000000001,19.05,108.75,74.0,98.0
0959.506,72.275,-5.175000000000001,116.0,74.0,98.0
0959.539,32.90833333333333,-27.525,114.1875,74.0,98.0
0959.572,-21.64166666666667,-48.825,110.25,74.0,98.0
0959.597,-67.34615384615384,-67.86666666666666,105.5625,74.0,98.0
0959.630,-127.4,-91.46666666666667,103.5,74.0,98.0
0959.662,-183.70000000000002,-113.975,100.5,74.0,98.0
0959.693,-224.56923076923078,-136.15555555555557,100.0,74.0,98.0
0959.733,-283.35555555555555,-157.13076923076926,100.0,74.0,98.0
0959.765,-316.4666666666667,-166.8,101.0,74.0,98.0
0959.797,-351.15,-173.48333333333335,101.0,74.0,98.0
0959.831,-390.36153846153843,-183.77692307692305,98.9375,74.0,98.0
0959.864,-431.45,-192.2846153846154,96.96875,74.0,98.0
0959.896,-477.65384615384613,-201.025,95.0,74.0,98.0
0959.929,-513.175,-206.58333333333334,94.0,74.0,98.0
0959.961,-538.8,-209.64999999999998,94.0,74.0,98.0
0960.002,-555.3333333333334,-210.45,94.0,74.0,98.0
0960.034,-567.5,-207.73846153846154,94.0,74.0,98.0
0960.065,-574.0666666666666,-202.8,94.625,74.0,98.0
0960.098,-579.5,-201.6,95.0,74.0,98.0
0960.130,-577.5666666666667,-202.53333333333333,95.0,74.0,98.0
0960.161,-573.7615384615384,-202.0,94.0,74.0,98.0
0960.195,-572.2625,-198.58333333333331,94.0,74.0,98.0
0960.227,-575.6,-195.25,97.5,74.0,98.0
0960.273,-586.6833333333334,-194.85000000000002,105.875,74.0,98.0
0960.306,-590.2416666666667,-196.5222222222222,112.0,74.0,98.0
0960.339,-591.3,-193.41538461538462,111.25,74.0,98.0
0960.372,-582.0,-186.89999999999998,108.375,74.0,98.0
0960.398,-571.5999999999999,-182.625,105.5625,74.0,98.0
0960.429,-548.2,-174.22307692307692,103.625,74.0,98.0
0960.460,-521.7076923076922,-165.82500000000002,100.6875,74.0,98.0
0960.499,-497.9,-156.93333333333334,100.0,74.00000000000001,98.0
0960.531,-486.3076923076923,-148.52499999999998,100.0,74.0,97.99999999999999
0960.562,-476.21538461538466,-146.4076923076923,101.0,74.0,98.0
0960.594,-465.6,-141.77499999999998,100.25,74.0,98.0
0960.639,-446.475,-135.95833333333331,98.0,74.0,98.0
0960.663,-437.0,-132.5,97.0,74.0,98.0
0960.694,-413.62222222222226,-127.55,96.0,74.0,98.0
0960.738,-372.04615384615386,-116.74615384615386,96.0,74.0,98.0
0960.765,-346.55384615384617,-112.03333333333333,96.0,74.0,98.0
0960.798,-320.8666666666667,-104.66666666666667,96.0,74.0,98.0
0960.830,-302.54615384615386,-99.3076923076923,96.0,74.0,98.0
0960.862,-278.9166666666667,-90.46153846153845,96.0,74.0,98.0
0960.894,-246.31666666666663,-84.48333333333335,96.0,74.0,98.0
0960.939,-196.56666666666666,-76.18333333333334,96.0,74.0,98.0
0960.972,-162.9,-71.85,96.0,74.0,98.0
0960.997,-136.25,-68.85384615384615,96.9375,74.0,98.0
0961.028,-112.87692307692308,-66.87499999999999,102.625,74.0,98.0
0961.060,-93.9,-61.1,109.625,74.0,98.0
0961.092,-83.9625,-59.09230769230769,113.75,74.0,98.0
0961.132,-65.2,-56.3,111.25,74.0,98.0
0961.164,-60.08461538461538,-54.58461538461539,107.625,74.0,98.0
0961.196,-55.12307692307692,-52.66666666666667,104.625,74.0,98.0
0961.227,-54.5,-49.550000000000004,102.6875,74.0,98.0
0961.271,-51.95,-43.03333333333333,100.0,74.0,98.0
0961.295,-52.93076923076923,-37.15,100.0,74.0,98.0
0961.327,-49.8125,-29.866666666666664,100.0,74.0,98.0
0961.359,-46.2,-23.566666666666666,99.0,74.0,98.0
0961.399,-37.35,-20.407692307692308,98.0,74.0,98.0
0961.429,-35.144444444444446,-18.53333333333333,97.0,74.0,98.0
0961.461,-32.59230769230769,-19.65,96.0,74.0,98.0
0961.492,-35.78333333333334,-19.575,95.125,74.0,98.00000000000001
0961.533,-28.75,-21.066666666666666,94.0,74.0,98.0
0961.567,-24.233333333333334,-18.653846153846157,94.0,74.0,98.0
0961.601,-17.9,-17.344444444444445,95.0,74.0,98.0
0961.639,-12.06923076923077,-14.95,96.0625,74.0,98.0
0961.673,-1.9249999999999998,-12.9875,98.0,74.0,98.0
0961.705,17.45,-11.524999999999999,98.0,74.0,98.0
0961.739,42.50833333333333,-8.623076923076923,97.0,74.0,98.0
0961.765,65.07692307692308,8.966666666666667,97.0,74.0,98.0
0961.796,81.22500000000001,31.041666666666664,97.875,74.0,98.0
0961.828,89.19999999999999,49.06153846153846,103.625,74.0,98.00000000000001
0961.868,90.80833333333334,58.47692307692308,111.75,74.0,98.0
0961.899,89.8,51.361538461538466,114.6875,74.0,98.0
0961.929,90.66666666666666,49.6,112.625,74.0,98.0
0961.961,98.33333333333334,46.9,108.8125,74.0,98.0
0962.002,100.1,46.06666666666666,105.25,74.0,98.0
0962.034,102.10000000000001,43.57692307692308,103.25,74.0,98.0
0962.066,94.95,42.8375,100.25,74.0,98.0
0962.097,93.19999999999999,41.7875,99.3125,74.0,98.0
0962.128,87.28461538461539,38.353846153846156,99.0,74.0,98.0
0962.161,84.3,38.4,99.0,74.0,98.0
0962.194,77.8,35.9,98.25,74.0,98.0
0962.226,77.775,36.675,97.0,74.0,98.0
0962.272,73.4,38.1,95.35294117647058,74.0,98.0
0962.299,73.55000000000001,37.84615384615384,94.0,74.0,98.0
0962.331,71.28461538461538,36.65,94.0,74.0,98.0
0962.364,74.0,34.8,94.0,74.0,98.0
0962.400,71.3,32.375,94.0,74.0,98.0
0962.434,68.05,31.35,95.0,74.0,98.0
0962.468,66.83333333333333,28.6,95.0,74.0,98.0
0962.501,82.7,27.1,94.0,74.0,98.0
0962.533,107.04166666666667,26.924999999999997,94.0,74.0,98.0
0962.566,133.36666666666667,27.849999999999998,94.0625,74.0,98.0
0962.598,153.79999999999998,28.107692307692307,97.125,74.0,98.0
0962.631,157.79166666666666,26.766666666666666,106.375,74.0,98.0
0962.662,153.675,26.558333333333334,111.125,74.0,98.0
0962.695,141.13333333333333,28.816666666666663,111.875,74.0,98.0
0962.727,129.6,31.292307692307695,109.75,74.0,98.0
0962.761,119.30000000000001,31.5,106.75,74.0,98.0
0962.795,110.46666666666667,29.53333333333333,103.625,74.0,98.0
0962.827,98.55000000000001,29.549999999999997,102.0,74.0,98.0
0962.872,87.6,29.95,100.0,74.0,98.0
0962.897,83.85,33.114285714285714,100.0,74.0,98.0
0962.929,82.3,45.824999999999996,100.0,74.0,98.0
0962.962,82.175,80.725,99.0,74.0,98.0
0962.995,78.65,108.8,98.0,74.0,98.0
0963.026,73.27692307692308,134.55384615384617,95.1875,74.0,98.0
0963.067,80.28888888888888,130.77777777777777,94.0,74.0,98.0
0963.097,117.6,127.51666666666665,94.25,74.0,98.0
0963.128,153.3,144.56666666666666,95.1875,74.0,98.0
0963.160,187.3,163.68571428571428,96.0,74.0,98.0
0963.201,187.36666666666667,183.84615384615384,95.3125,74.0,98.0
0963.239,177.79230769230767,178.36666666666667,94.9375,74.0,98.0
0963.264,172.2,169.9,94.0,74.0,98.0
0963.296,185.9777777777778,163.01111111111112,94.0,74.0,98.0
0963.329,208.95384615384614,159.3,94.0,74.0,98.0
0963.362,237.93846153846155,157.47500000000002,95.8125,74.0,98.0
0963.396,252.7166666666667,152.95,99.875,74.0,98.0
0963.429,257.4166666666667,153.16666666666666,109.0,74.0,98.0
0963.461,258.0083333333333,152.26153846153846,112.0,74.04761904761904,98.04761904761904
0963.501,246.1923076923077,159.01111111111112,109.5,74.16666666666667,98.16666666666667
0963.534,235.65,162.85,106.4375,74.26488095238095,98.26488095238095
0963.565,226.75,165.075,104.5,74.35714285714286,98.35714285714286
0963.599,226.35,165.83333333333334,102.375,74.45833333333334,98.45833333333334
0963.632,230.60000000000002,162.13333333333333,101.0,74.55654761904762,98.55654761904762
0963.664,241.70000000000002,161.14615384615385,101.0,74.65178571428571,98.65178571428572
0963.696,241.87692307692308,162.64615384615385,101.0,74.74702380952381,98.7470238095238
0963.728,243.01666666666668,162.26666666666665,100.3125,74.8422619047619,98.8422619047619
0963.760,236.54166666666666,163.74166666666667,99.0,74.9375,98.9375
0963.799,225.675,159.9375,97.0,75.0,99.0
0963.830,217.41538461538462,156.12222222222223,95.9375,75.0,99.0
0963.863,203.9,149.525,95.0,75.0,99.0
0963.895,197.7125,143.95,94.0,75.0,99.0
0963.928,196.95,140.5625,94.0,75.0,99.0
0963.961,196.525,142.725,94.0,75.0,99.0
0963.994,196.44615384615383,210.7,95.0,75.0,99.0
0964.027,197.70000000000002,268.5666666666667,95.0,75.0,99.0
0964.067,222.17499999999998,328.325,94.125,75.0,99.0
0964.099,246.9,317.3666666666667,94.0,75.0,99.0
0964.130,267.77777777777777,302.79999999999995,94.0,75.0,98.96130952380953
0964.162,275.5230769230769,288.7769230769231,95.8125,75.0,98.86607142857143
0964.194,278.79166666666663,274.875,101.4375,75.0,98.77083333333333
0964.239,278.2125,259.0833333333333,111.625,75.0,98.63690476190476
0964.265,275.1461538461538,251.73333333333335,111.75,75.0,98.5595238095238
0964.296,268.375,245.1583333333333,108.8125,75.0,98.4672619047619
0964.329,254.875,229.88333333333333,105.75,75.0,98.36904761904762
0964.362,235.02500000000003,197.50833333333333,103.6875,75.0,98.27083333333333
0964.395,203.52307692307693,145.91538461538462,101.625,75.0,98.17261904761905
0964.429,151.2923076923077,81.3923076923077,100.0,75.0,98.07142857142857
0964.461,83.65,20.200000000000003,99.0,75.0,98.0
0964.495,-7.724999999999999,-36.11666666666667,99.0,75.0,98.0
0964.526,-88.06666666666666,-83.01666666666665,99.0,75.0,98.0
0964.571,-218.225,-144.7875,97.625,75.0,98.0
0964.597,-280.47499999999997,-177.71666666666667,96.0,75.0,98.0
0964.628,-350.97692307692313,-214.54999999999998,95.0,75.0,98.0
0964.661,-398.70000000000005,-246.25000000000003,94.0,75.0,98.0
0964.693,-437.0666666666667,-266.20000000000005,94.0,75.0,98.0
0964.739,-488.29166666666663,-281.1,94.875,75.0,98.0
0964.772,-520.4416666666666,-281.83846153846156,95.0,75.0,98.0
0964.799,-534.1333333333333,-280.70000000000005,96.0,75.0,98.07738095238096
0964.831,-546.7249999999999,-278.09999999999997,96.0,75.0,98.17261904761904
0964.863,-547.5166666666667,-275.5153846153846,95.375,75.0,98.26785714285714
0964.896,-540.3923076923077,-271.2583333333334,95.0,75.0,98.36607142857142
0964.927,-531.5333333333333,-267.15,94.0,75.0,98.45833333333334
0964.973,-515.5333333333333,-255.04999999999998,100.5,75.0,98.5952380952381
0965.005,-501.025,-247.05,105.5,75.0,98.6904761904762
0965.031,-488.9,-238.98333333333335,109.0,75.0,98.76785714285714
0965.062,-463.7416666666666,-230.01538461538462,108.9375,75.0,98.86011904761904
0965.093,-431.0083333333334,-222.475,106.0,75.0,98.95238095238095
0965.139,-363.8,-207.1,103.125,75.0,98.99999999999999
0965.165,-331.6166666666667,-198.44166666666666,102.0,75.0,99.0
0965.200,-294.70000000000005,-186.23076923076923,100.3125,75.0,99.0
0965.234,-264.775,-177.16153846153847,100.0,75.0,99.0
0965.267,-242.925,-168.8375,100.0,75.0,99.0
0965.301,-218.16666666666669,-160.35,100.0,75.0,99.0
0965.334,-202.05384615384614,-151.13333333333333,97.9375,75.0,99.0
0965.372,-189.74444444444447,-140.3,96.53333333333333,75.0,99.0
0965.407,-181.22500000000002,-128.20000000000002,95.0,75.0,99.0
0965.424,-173.0,-121.04615384615384,95.0,75.0,99.0
0965.466,-149.22307692307692,-104.70769230769231,95.0,75.0,99.0
0965.496,-133.75,-95.69999999999999,96.25,75.0,99.0
0965.527,-125.18333333333334,-88.17500000000001,97.0,75.0,99.0
0965.573,-118.26666666666668,-81.10000000000001,97.0,75.0,99.0
0965.599,-106.58333333333334,-77.86923076923077,96.3125,75.0,99.0
0965.631,-81.75384615384615,-73.97777777777777,95.3125,75.0,99.0
0965.663,-53.4,-66.65,95.0,75.0,99.0
0965.695,-21.025,-56.925,95.6875,75.0,99.0
0965.726,-1.4727272727272729,-48.37499999999999,100.25,75.0,99.0
0965.773,15.850000000000001,-38.53333333333334,111.5625,75.0,99.0
0965.806,18.26923076923077,-35.5,112.375,75.07715133531157,98.92284866468843
0965.832,26.733333333333334,-33.3,109.75,75.15430267062314,98.84569732937686
0965.862,31.083333333333332,-30.450000000000003,106.875,75.2433234421365,98.7566765578635
0965.894,46.92307692307692,-26.976923076923075,103.875,75.33827893175075,98.66172106824926
0965.926,54.39999999999999,-20.023076923076925,101.9375,75.43323442136499,98.56676557863501
0965.965,67.63333333333334,-14.333333333333334,100.5,75.54896142433235,98.45103857566765
0965.999,74.65,-10.008333333333335,100.0,75.64985163204747,98.35014836795253
0966.032,91.35000000000001,-10.015384615384615,100.0,75.74777448071217,98.25222551928783
0966.065,109.05384615384615,-10.5,98.25,75.84569732937686,98.15430267062314
0966.097,125.95,-7.4125,97.25,75.94065281899111,98.0593471810089
0966.130,139.32500000000002,30.674999999999997,96.0,76.0,98.00000000000001
0966.162,149.58333333333334,64.45555555555555,95.0,76.0,98.0
0966.193,157.0,92.45384615384616,94.25,76.0,98.0
0966.233,160.39999999999998,100.06923076923076,94.0,76.0,98.0
0966.264,158.35,95.21666666666667,95.0,76.0,98.0
0966.295,153.8,90.72307692307693,95.0,76.0,98.0
0966.327,147.9,87.77692307692308,94.0,76.0,98.0
0966.360,141.9,84.76666666666665,94.0,76.0,98.0
0966.401,152.13333333333333,79.16666666666667,93.0,76.0,98.0
0966.434,171.63333333333333,75.7,93.0,76.0,98.0
0966.465,190.89999999999998,73.13333333333333,95.5,76.0,98.03750000000001
0966.497,204.1153846153846,69.0923076923077,101.25,76.0,98.1375
0966.528,207.4923076923077,65.5,108.0625,76.0,98.234375
0966.560,202.625,61.608333333333334,112.0,76.0,98.334375
0966.599,193.975,52.574999999999996,109.875,76.0,98.45624999999998
0966.629,186.3,44.569230769230764,106.0,76.0,98.55000000000001
0966.661,178.89999999999998,31.583333333333336,104.0,76.0,98.65
0966.694,162.7,18.333333333333332,100.9375,76.0,98.753125
0966.734,129.63333333333333,0.25,99.0,76.0,98.878125
0966.766,87.0,-14.6,99.0,76.0,98.978125
0966.798,35.5,-28.22222222222222,99.0,76.0,99.0
0966.829,-6.876923076923077,-43.8,98.5,76.0,99.0
0966.860,-63.90769230769231,-58.2,97.5625,76.0,99.0
0966.898,-130.1769230769231,-71.05,96.1875,76.0,99.0
0966.930,-188.73846153846154,-79.25384615384615,95.0,76.0,99.0
0966.962,-234.53333333333336,-81.23333333333333,94.0,76.0,99.0
0966.995,-272.26666666666665,-83.63333333333334,93.125,76.0,99.0
0967.027,-312.68333333333334,-90.5,93.0,76.0,99.0
0967.071,-366.9,-104.11666666666667,94.0,76.0,99.0
0967.096,-403.025,-111.85833333333335,94.0,76.0,99.0
0967.127,-438.875,-121.81249999999999,94.0,76.0,99.0
0967.171,-475.23333333333335,-129.93333333333334,94.0,76.0,99.0
0967.197,-490.29166666666663,-133.68461538461537,93.0,76.0,98.99999999999999
0967.229,-496.0,-134.41538461538465,94.0,76.0,99.0
0967.261,-501.9,-133.60000000000002,99.6875,76.0,99.0
0967.293,-504.3666666666667,-134.72307692307692,105.6875,76.0,99.0
0967.334,-512.9230769230769,-136.93846153846152,112.0,76.0,99.0
0967.372,-513.9384615384616,-135.5769230769231,110.0,76.0,99.0
0967.405,-507.6333333333333,-132.69166666666666,107.4375,76.0,99.0
0967.431,-499.17499999999995,-128.54615384615386,103.8125,76.0,99.0
0967.462,-482.0769230769231,-125.66923076923078,102.875,76.0,99.0
0967.494,-460.1,-120.65,100.0,76.0,99.0
0967.526,-435.9333333333333,-114.6125,99.0,76.0,99.0
0967.571,-399.8833333333334,-105.35833333333333,99.0,76.0,99.0
0967.596,-379.95000000000005,-99.72500000000001,99.0,76.0,99.0
0967.629,-351.7,-94.11538461538461,99.0,76.0,99.0
0967.661,-322.70000000000005,-86.25833333333333,97.4375,76.0,99.0
0967.693,-290.7166666666667,-77.94999999999999,96.4375,76.0,99.0
0967.738,-232.60000000000002,-67.175,95.625,76.0,99.0
0967.771,-187.51666666666665,-61.150000000000006,95.0,76.0,99.0
0967.795,-160.89999999999998,-57.150000000000006,95.0,76.0,99.00000000000001
0967.827,-129.3625,-49.775000000000006,95.0,76.0,99.00000000000001
0967.867,-95.6,-40.900000000000006,95.0,76.0,99.0
0967.897,-65.5875,-35.40833333333333,95.0,76.0,99.0
0967.929,-24.688888888888886,-30.284615384615385,95.0,76.0,99.0
0967.961,22.25,-25.5,95.0,76.0,99.0
0968.007,93.7625,-18.053846153846155,95.375,76.0,99.0
0968.024,113.56666666666666,-15.2375,97.5,76.0,99.0
0968.066,157.73076923076923,-11.875,107.625,76.0,99.0
0968.100,186.25384615384615,-9.1625,112.0,76.0,99.0
0968.133,202.2,-8.533333333333335,109.9375,76.05059523809523,98.94940476190476
0968.165,213.43333333333334,-7.1000000000000005,107.875,76.14583333333333,98.85416666666667
0968.196,216.62307692307692,-6.574999999999999,105.0,76.23809523809523,98.76190476190476
0968.228,222.73076923076923,-4.061538461538461,102.0,76.33333333333334,98.66666666666669
0968.261,221.475,-0.25384615384615383,99.9375,76.43154761904762,98.56845238095238
0968.293,210.5,3.5,99.0,76.52678571428572,98.47321428571428
0968.338,197.39999999999998,7.4,99.0,76.66071428571429,98.33928571428572
0968.371,190.45,8.5,99.0625,76.75892857142857,98.24107142857143
0968.398,186.13846153846157,10.23846153846154,98.375,76.83928571428571,98.16071428571428
0968.429,169.45,10.491666666666665,97.4375,76.93154761904762,98.06845238095238
0968.461,157.16666666666666,11.1,95.4375,77.00000000000001,98.0
0968.493,149.18461538461537,12.784615384615385,95.0,76.99999999999999,98.0
0968.534,138.925,16.022222222222222,94.0,77.0,98.0
0968.570,128.52499999999998,17.349999999999998,94.0,77.0,98.0
0968.595,118.18333333333334,19.0,94.0,77.0,98.0
0968.626,106.07692307692307,20.375,94.0,77.0,98.0
0968.667,93.73333333333332,22.253846153846155,94.5625,77.0,98.0
0968.699,85.46666666666667,22.9,94.0,77.0,98.0
0968.730,84.48333333333333,23.049999999999997,94.0,77.0,98.0
0968.762,104.96153846153847,23.6,94.0,77.0,98.0
0968.802,140.075,27.646153846153847,94.82352941176471,77.0,98.0
0968.834,162.0,33.1,97.75,77.0,98.0
0968.867,175.16666666666669,53.2,107.75,77.0,98.0
0968.899,176.5076923076923,90.78888888888889,111.875,77.0,98.0
0968.932,179.60000000000002,125.8,113.0,77.0,98.0
0968.964,177.0375,153.2,108.0,77.0,98.0
0968.998,174.16666666666669,144.56666666666666,105.0,77.0,98.0
0969.030,171.02500000000003,137.4230769230769,102.875,77.0,98.0
0969.061,167.64615384615385,130.41538461538462,101.9375,77.0,98.0
0969.094,162.38333333333335,125.15,100.0,77.0,98.0
0969.139,154.475,117.45,99.0625,77.0,98.0
0969.166,146.73333333333335,111.0,99.0,77.0,98.0
0969.198,135.8,105.74615384615385,98.375,77.0,98.0
0969.230,122.41538461538461,98.625,97.375,77.0,98.0
0969.264,112.4,92.8,96.0,77.0,98.0
0969.295,99.65,88.86666666666667,95.0,77.0,98.0
0969.327,88.58333333333333,81.3076923076923,94.3125,77.0,98.0
0969.371,74.9,70.59230769230768,94.0,77.0,98.0
0969.397,67.32499999999999,63.14615384615385,94.0,77.0,98.0
0969.430,50.675,52.01666666666667,94.0,77.0,98.0
0969.463,25.85,43.166666666666664,94.0,77.0,98.0
0969.495,1.5666666666666662,32.90769230769231,94.0,77.0,98.0
0969.527,-16.775,22.05,94.0,77.0,98.0
0969.571,-27.05,5.0,94.0,77.0,98.0
0969.597,-32.375,-2.7,94.0,77.0,98.0
0969.628,-34.607692307692304,-12.2,94.5,77.0,98.0
0969.660,-48.338461538461544,-21.65833333333333,100.5,77.0,98.0
0969.701,-76.67500000000001,-30.783333333333335,109.125,77.0,98.0
0969.732,-113.5,-37.825,113.0,77.0,98.0
0969.763,-148.58461538461538,-45.150000000000006,111.0625,77.0,98.0
0969.794,-185.3846153846154,-51.30769230769231,108.125,77.0,98.0
0969.839,-227.56153846153845,-57.61666666666666,103.3125,77.0,97.99999999999999
0969.871,-263.675,-62.5,101.3125,77.0,98.0
0969.898,-292.075,-64.9625,99.625,77.0,98.0
0969.930,-326.0833333333333,-69.69999999999999,99.0,77.0,98.0
0969.962,-361.17692307692306,-74.12222222222222,99.0,77.0,98.0
0969.995,-390.98333333333335,-81.5,99.0,77.0,98.0
0970.028,-420.93333333333334,-88.86666666666667,98.5,77.0,98.0
0970.060,-455.7153846153846,-95.23333333333333,97.0,77.0,98.0
0970.106,-494.0,-101.50000000000001,95.625,77.0,98.0
0970.132,-510.6444444444445,-104.36923076923077,95.0,77.0,98.0
0970.163,-521.3249999999999,-108.45,95.0,77.0,98.0
0970.195,-531.05,-110.50833333333333,95.0,77.0,98.0
0970.227,-538.2,-114.0,95.0,77.0,98.0
0970.259,-542.5,-115.5,95.0,77.0,98.0
0970.300,-549.6333333333333,-114.15384615384615,95.0,77.0,98.0
0970.332,-545.5666666666666,-113.41250000000001,95.0,77.0,98.0
0970.362,-535.3,-112.2,95.0,77.0,98.0
0970.395,-513.8846153846155,-110.11538461538461,95.0,77.0,98.0
0970.426,-483.72499999999997,-107.16923076923077,95.0,77.0,98.0
0970.472,-432.35,-97.1,98.5,76.9375,98.0
0970.498,-399.3,-91.625,102.625,76.85624999999999,98.0
0970.529,-367.6444444444445,-83.52307692307691,109.25,76.759375,98.0
0970.560,-339.7666666666667,-74.63846153846154,113.0,76.66250000000001,98.0
0970.606,-285.9,-64.19999999999999,110.3125,76.51875000000001,98.0
0970.638,-242.25,-58.400000000000006,105.3125,76.41875,98.0
0970.671,-204.95000000000002,-53.8,103.25,76.315625,98.0
0970.698,-177.62307692307692,-48.9,101.0,76.23125,98.0
0970.731,-151.25384615384615,-44.753846153846155,100.0,76.128125,98.0
0970.764,-130.95000000000002,-39.66666666666666,100.0,76.02499999999999,98.0
0970.797,-114.55384615384615,-35.275,100.625,76.0,98.0
0970.829,-94.42307692307692,-30.984615384615385,100.375,76.0,98.0
0970.860,-75.89166666666665,-23.45,99.0,76.0,97.99999999999999
0970.893,-52.40833333333333,-19.550000000000004,98.0,76.0,98.0
0970.926,-34.025,-14.366666666666667,97.0,76.0,98.0
0970.971,-9.758333333333333,-11.625,96.0,76.0,98.0
0970.997,6.469230769230769,-9.561538461538461,96.0,76.0,98.0
0971.028,23.5875,-7.750000000000001,95.0625,76.0,98.0
0971.073,44.46666666666667,-1.8583333333333334,96.0,76.0,98.0
0971.106,48.16666666666667,2.183333333333333,96.0,76.0,98.0
0971.131,53.29230769230769,3.630769230769231,96.0,76.0,98.0
0971.164,66.3,4.753846153846154,95.0,76.0,98.0
0971.199,92.24444444444445,5.338461538461539,95.0,76.0,98.0
0971.231,135.26250000000002,4.866666666666666,95.0,76.0,98.0
0971.263,174.4,6.7,95.0,76.0,98.0
0971.296,210.41538461538465,10.36923076923077,99.625,76.0,98.0
0971.328,219.8,13.7,105.4375,76.0,98.0
0971.371,222.71666666666667,19.616666666666667,113.0,76.0,98.0
0971.399,215.86923076923077,21.941666666666663,111.75,76.0,98.0
0971.430,211.4769230769231,23.853846153846156,107.625,76.0,98.0
0971.460,208.73333333333335,26.916666666666664,104.9375,76.0,97.99999999999999
0971.501,207.15,29.200000000000003,102.375,76.0,98.0
0971.532,201.67692307692306,29.058333333333334,100.0,76.0,98.0
0971.563,191.51111111111112,29.43846153846154,99.0,76.0,98.0
0971.595,180.76250000000002,31.199999999999996,99.0,76.0,98.0
0971.640,166.74166666666665,32.85833333333333,99.6875,76.0,98.0
0971.673,158.34166666666667,35.40833333333333,98.625,76.0,98.0
0971.705,147.86666666666667,36.66666666666667,97.625,76.0,98.0
0971.729,142.33333333333331,37.95,97.0,76.0,98.0
0971.761,132.22500000000002,38.525,95.125,76.0,98.0
0971.800,127.0,37.66666666666667,95.0,76.0,98.0
0971.831,125.61538461538461,37.233333333333334,95.0,76.0,98.0
0971.862,125.77692307692308,34.43333333333334,95.0,76.0,98.0
0971.894,115.31538461538462,33.57692307692308,95.0,76.0,98.0
0971.934,99.4,30.8,95.0,76.0,98.0
0971.971,83.26666666666668,28.13846153846154,95.0,76.0,98.0
0971.996,70.2,22.333333333333336,95.0,76.0,98.0
0972.027,65.42307692307692,14.338461538461537,95.0,76.0,98.0
0972.067,60.269230769230774,5.153846153846154,95.0,76.0,98.0
0972.099,58.238461538461536,-0.5230769230769231,96.0,76.0,98.0
0972.132,46.016666666666666,-8.823076923076924,101.1875,75.94940476190476,97.99999999999999
0972.163,26.624999999999996,-16.362499999999997,110.0,75.85714285714286,98.0
0972.195,-0.5923076923076938,-22.875,113.0,75.76190476190476,97.99999999999999
0972.227,-32.9,-29.233333333333334,112.0,75.66666666666667,98.0
0972.272,-80.075,-36.684615384615384,106.1875,75.5327380952381,98.0
0972.297,-98.45,-41.35,103.625,75.45833333333334,98.0
0972.327,-124.25,-46.125,101.75,75.36904761904762,98.0
0972.367,-159.76666666666668,-51.1,100.0,75.25,98.0
0972.400,-193.5230769230769,-53.9076923076923,99.0,75.15178571428571,98.0
0972.432,-222.08333333333331,-58.1,99.0,75.05654761904762,98.0
0972.463,-244.7,-59.5,99.0,75.0,98.0
0972.495,-266.36923076923074,-62.315384615384616,99.0,75.0,98.0
0972.526,-282.65,-64.11666666666667,98.0,75.0,98.0
0972.566,-300.05833333333334,-66.32499999999999,96.0,75.0,98.0
0972.597,-316.9,-65.275,96.0,75.0,98.0
0972.630,-333.90000000000003,-65.8,96.0,75.0,98.0
0972.663,-348.46923076923076,-66.54615384615384,96.25,75.0,98.0
0972.695,-357.25,-68.29166666666666,97.25,75.0,98.0
0972.727,-361.6,-68.68333333333334,98.25,75.0,98.0
0972.773,-363.65000000000003,-67.825,99.0,75.0,98.0
0972.807,-350.62307692307695,-64.38461538461539,98.0,75.0,98.0
0972.832,-332.4083333333333,-63.30833333333332,98.0,75.0,98.0
0972.863,-295.475,-56.9,98.0,75.0,98.0
0972.895,-248.7384615384615,-51.416666666666664,97.8125,75.0,98.0
0972.926,-207.23333333333332,-43.13076923076923,100.5,75.0,98.0
0972.971,-163.6,-36.50000000000001,110.6875,75.0,98.0
0972.996,-147.36666666666665,-31.33333333333333,113.125,75.0,98.0
0973.027,-127.37499999999999,-26.425,111.875,75.0,98.0
0973.072,-98.05,-15.225000000000001,107.125,75.0,98.0
0973.099,-76.91666666666667,-8.275,104.4375,75.0,98.0
0973.130,-44.5,-4.15,100.5,74.99999999999999,98.0
0973.163,-18.807692307692307,-2.35,98.47058823529412,75.0,98.00000000000001
0973.195,3.4153846153846157,0.5888888888888889,98.0,75.0,97.99999999999999
0973.227,17.9125,3.75,98.5625,75.0,98.0
0973.272,37.88333333333333,8.8875,98.625,75.0,98.0
0973.297,45.974999999999994,11.333333333333332,98.0,75.0,98.0
0973.328,52.633333333333326,14.361538461538462,97.0,75.0,98.0
0973.372,69.68461538461538,14.933333333333334,95.0,75.0,98.0
0973.405,73.9,15.866666666666667,95.0,75.0,98.0
0973.431,80.53333333333333,15.366666666666667,95.0,75.0,98.0
0973.463,84.1,16.724999999999998,96.0,75.0,98.0
0973.496,93.50769230769231,20.4,96.0,75.0,98.0
0973.529,90.08333333333334,23.525,97.0,75.0,98.0
0973.562,89.06666666666668,26.599999999999998,97.0,75.0,98.0
0973.596,88.35000000000001,26.608333333333334,97.0,75.0,98.0
0973.627,104.02307692307691,27.566666666666663,96.0,75.0,98.0
0973.673,149.62307692307692,30.5,96.0,75.0,98.0
0973.707,185.2,36.288888888888884,97.5625,75.0,98.0
0973.724,196.0,39.43333333333334,99.25,75.0,98.0
0973.767,207.95,46.53333333333333,109.9375,75.0,98.0
0973.801,204.7923076923077,49.175,113.0,74.93154761904762,98.0
0973.832,203.39999999999998,49.86153846153846,110.625,74.83928571428571,98.0
0973.862,194.99166666666667,50.6,107.76470588235293,74.75,98.0
0973.895,185.73333333333332,50.075,105.375,74.65178571428571,98.0
0973.926,177.6076923076923,48.8,102.75,74.5595238095238,98.0
0973.965,173.52222222222224,46.66153846153846,100.3125,74.44345238095238,98.0
0973.997,171.1,44.97692307692307,99.0,74.34821428571428,98.0
0974.029,162.58333333333334,43.55,99.0,74.25297619047619,98.0
0974.061,145.4333333333333,41.56666666666667,99.0,74.15773809523809,98.0
0974.093,123.11538461538463,35.184615384615384,99.0,74.0625,98.0
0974.133,87.96666666666667,26.6,97.8125,74.0,98.0
0974.165,53.733333333333334,17.0875,96.0,74.0,98.0
0974.197,17.6,6.074999999999999,95.8125,74.0,98.0
0974.229,-20.70769230769231,-3.25,95.0,74.0,98.0
0974.261,-63.05,-13.153846153846153,95.0,74.0,98.0
0974.293,-102.6,-18.5,95.0,74.0,98.0
0974.339,-177.075,-29.625,95.0,74.0,98.0
0974.371,-222.23333333333335,-35.9,95.0,74.0,98.0
0974.399,-252.14615384615382,-41.96923076923077,94.1875,74.0,98.0
0974.430,-276.35,-45.55,94.0,74.0,98.0
0974.463,-298.79999999999995,-49.5,94.0,74.0,98.00000000000001
0974.495,-312.35833333333335,-52.65,94.8125,74.0,98.0
0974.526,-332.3230769230769,-55.6,99.25,74.0,98.0
0974.566,-366.31666666666666,-59.077777777777776,109.25,74.0,98.0
0974.597,-388.7769230769231,-60.91111111111111,111.0,74.0,98.0
0974.628,-404.05,-60.925,108.875,74.0,98.0
0974.659,-410.7,-61.83333333333333,106.875,74.0,98.0
0974.698,-404.8,-59.207692307692305,103.5,74.0,98.0
0974.729,-397.6166666666667,-56.6,101.5625,74.0,98.0
0974.761,-379.075,-50.89999999999999,100.0,74.0,98.0
0974.801,-340.0666666666667,-44.0,99.0,74.0,98.0
0974.832,-298.66923076923075,-39.12307692307692,99.0,74.0,98.0
0974.862,-263.4,-32.36666666666667,99.0,74.0,98.0
0974.894,-239.6625,-25.508333333333333,97.25,74.0,98.0
0974.927,-215.16923076923075,-17.025,96.1875,74.0,98.0
0974.960,-184.3,-9.75,96.875,74.0,98.0
0975.001,-131.66666666666666,-2.4,98.0,74.0,98.0
0975.039,-97.42307692307693,1.0769230769230769,99.8125,74.0,98.0
0975.072,-84.23333333333335,2.475,99.125,74.0,98.0
0975.098,-82.32499999999999,4.466666666666666,98.5,74.0,98.0
0975.130,-91.10000000000001,5.046153846153846,96.5,74.07142857142858,98.0
0975.164,-93.36153846153846,5.176923076923076,95.0,74.17261904761905,98.0
0975.198,-76.30000000000001,4.6,94.75,74.27380952380952,98.0
0975.229,-38.86666666666667,6.966666666666667,95.6875,74.36607142857143,98.0
0975.262,22.45,11.299999999999999,97.75,74.46428571428572,98.0
0975.294,85.69230769230771,16.23846153846154,103.5,74.55952380952381,98.0
0975.327,147.47692307692307,22.783333333333335,109.625,74.6577380952381,98.0
0975.359,194.84166666666667,28.7375,113.0,74.75297619047619,98.0
0975.399,226.65,36.7,109.6875,74.87202380952381,98.0
0975.430,233.75,40.1,104.75,74.96428571428571,98.0
0975.462,227.04444444444445,42.57142857142858,102.75,75.0,98.0
0975.494,226.9,41.666666666666664,100.75,75.0,98.0
0975.527,230.5,43.266666666666666,99.0,75.0,98.0
0975.571,251.53846153846155,53.37500000000001,100.0,75.0,98.0
0975.596,266.5666666666667,58.6,101.625,75.0,98.0
0975.628,275.725,64.64999999999999,102.0,75.0,98.0
0975.661,270.84999999999997,64.90833333333333,101.3125,75.0,98.0
0975.692,256.37692307692305,62.13076923076923,98.375,75.0,98.0
0975.732,229.9,57.63846153846154,95.875,75.0,98.0
0975.764,209.16666666666669,54.26666666666667,94.0,75.0,98.0
0975.797,196.2,51.9,94.0,75.0,98.0
0975.830,194.7846153846154,46.7,95.0,75.0,98.0
0975.864,201.86666666666667,44.94285714285715,96.19354838709677,75.0,98.0
0975.895,202.17499999999998,41.46666666666666,97.0,75.0,98.0
0975.927,194.53333333333336,39.7,95.625,75.0,98.0
0975.972,168.56666666666666,35.53076923076923,93.8125,75.0,98.0
0976.007,154.38333333333333,32.25,92.0,75.0,98.0
0976.025,150.45384615384617,30.60769230769231,92.0,75.0,98.0
0976.072,138.4,29.712500000000002,96.3125,75.0,98.0
0976.098,141.05,32.7,102.25,75.0,98.0
0976.130,141.21666666666667,35.25,109.1875,74.94955489614244,98.0
0976.164,150.36923076923077,38.5,114.8125,74.8486646884273,98.0
0976.196,149.96666666666667,41.184615384615384,112.625,74.75370919881306,98.0
0976.227,143.625,42.11666666666666,107.875,74.66172106824926,98.0
0976.260,124.475,39.20833333333333,104.8125,74.56379821958458,98.0
0976.292,99.67692307692307,35.62142857142857,101.8125,74.46884272997033,98.0
0976.333,46.02142857142857,33.61111111111111,98.3125,74.34718100890208,98.0
0976.365,9.575000000000001,32.3625,98.0,74.25222551928783,98.0
0976.399,-8.8,30.3,98.0,74.1513353115727,98.0
0976.433,8.6,27.625,98.0,74.05044510385757,98.0
0976.466,37.30769230769231,29.225,99.0,73.99999999999999,98.0
0976.498,57.59166666666666,29.730769230769234,98.0,74.0,98.0
0976.531,51.77499999999999,29.675,97.9375,74.0,98.0
0976.565,23.65,31.116666666666667,95.8125,74.0,98.0
0976.599,-5.9625,31.238461538461536,94.6875,74.0,98.0
0976.632,-23.233333333333334,34.43846153846154,93.0,74.0,98.0
0976.667,-19.6,33.64615384615385,93.0,74.0,98.0
0976.693,-2.5500000000000003,33.175,93.0,74.0,98.0
0976.739,47.8,76.76666666666667,93.0,74.0,98.0
0976.773,99.4,126.67499999999998,94.1875,74.0,98.0
0976.807,161.2,195.04444444444445,97.3125,74.0,97.93437499999999
0976.831,196.65,231.15384615384616,98.8125,74.0,97.859375
0976.863,228.65,253.4416666666667,102.625,74.0,97.759375
0976.894,239.27692307692308,264.46666666666664,110.5,74.0,97.66250000000001
0976.940,224.54615384615386,257.3,112.0,74.0,97.51875000000001
0976.973,204.69166666666666,249.8,107.625,74.0,97.415625
0977.006,188.8,246.35,105.25,74.0,97.3125
0977.038,188.63333333333335,279.8,103.0,74.0,97.2125
0977.064,199.47499999999997,302.9923076923077,103.0,74.0,97.13125
0977.096,217.4,335.8083333333333,103.0,74.0,97.03125
0977.128,235.2,354.2,103.0,74.0,97.0
0977.161,251.3111111111111,346.7,103.0,74.0,96.99999999999999
0977.198,260.15384615384613,335.6,101.25,74.0,97.0
0977.231,262.72499999999997,324.74615384615385,99.13333333333333,74.0,97.0
0977.263,250.76666666666668,313.23333333333335,97.125,74.0,97.0
0977.297,244.0769230769231,299.59166666666664,95.0,74.0,97.0
0977.329,236.68461538461537,287.20000000000005,94.0,74.0,97.0
0977.360,239.7833333333333,279.6333333333333,94.9375,74.0,97.0
0977.406,236.96666666666664,269.2769230769231,96.8125,74.0,97.0
0977.439,230.33333333333334,263.7,97.0,74.0,97.0
0977.465,219.075,253.325,97.0,74.00000000000001,97.0
0977.497,195.9923076923077,232.5666666666667,96.0,74.0,97.0
0977.530,171.21666666666667,206.04615384615386,95.0,74.0,97.0
0977.562,140.3,173.16666666666669,95.0,74.0,97.0
0977.595,100.63076923076923,139.83333333333334,100.875,74.0,97.0
0977.626,60.925,108.88461538461539,106.125,74.0,97.0
0977.667,4.441666666666666,70.79230769230769,110.875,74.0,97.0
0977.699,-23.099999999999998,36.45,108.875,74.0,97.0
0977.730,-57.1,5.25,106.9375,74.0,97.0
0977.761,-101.16666666666667,-26.050000000000004,104.0,74.0,97.0
0977.800,-168.775,-68.9,101.5625,74.0,97.0
0977.832,-230.3,-102.8,99.0,74.0,97.0
0977.865,-287.3,-130.53333333333333,99.0,74.0,97.0
0977.897,-352.7538461538462,-157.08333333333334,99.0,74.0,97.0
0977.929,-408.86153846153843,-181.36923076923074,99.0,74.0,97.0
0977.962,-468.32500000000005,-201.725,98.0,74.0,97.0
0977.995,-509.775,-220.25833333333333,96.0,74.0,97.0
0978.028,-544.8499999999999,-230.7,95.0,74.0,97.0
0978.061,-578.9076923076923,-239.30769230769232,94.0,74.0,97.0
0978.093,-616.775,-244.73333333333335,94.0,74.0,97.0
0978.132,-663.025,-248.99166666666667,95.0,74.0,97.0
0978.164,-695.65,-250.1,95.0,74.0,97.0
0978.195,-714.0333333333333,-251.88888888888886,95.0,74.0,97.0
0978.227,-729.2666666666668,-251.5,94.0,74.0,97.0
0978.260,-732.4166666666667,-250.575,94.0,74.0,97.0
0978.293,-732.6166666666667,-248.05,95.0,74.0,97.0
0978.340,-719.7,-241.6,101.5625,74.0,97.0
0978.360,-714.6666666666667,-237.7076923076923,105.3125,74.0,97.0
0978.402,-702.7,-228.9,112.0,74.0,97.0
0978.440,-674.9499999999999,-217.3,110.5625,74.0,97.0
0978.458,-659.1153846153846,-212.30833333333334,108.875,74.02678571428571,96.97321428571428
0978.500,-615.9538461538461,-201.63333333333335,104.8125,74.15178571428571,96.84821428571428
0978.533,-580.8166666666666,-194.51538461538462,102.75,74.25,96.75
0978.563,-555.0666666666666,-184.46666666666667,100.875,74.33928571428571,96.66071428571428
0978.595,-528.925,-175.60000000000002,100.0,74.4345238095238,96.56547619047618
0978.626,-507.20000000000005,-165.7222222222222,100.0,74.52678571428572,96.47321428571428
0978.673,-471.96153846153845,-154.39999999999998,99.0,74.66666666666667,96.33333333333334
0978.705,-448.5,-145.73076923076925,99.0,74.76190476190476,96.23809523809524
0978.738,-423.825,-139.56153846153848,96.9375,74.86011904761904,96.13988095238095
0978.771,-397.9,-132.64166666666668,95.875,74.95833333333334,96.04166666666667
0978.799,-372.35555555555555,-129.03333333333333,95.0,75.0,96.0
0978.831,-346.1,-121.16923076923077,95.0,75.0,96.0
0978.865,-320.73333333333335,-112.83333333333331,95.0,75.0,96.0
0978.898,-294.7583333333333,-106.65,94.0,75.0,96.0
0978.930,-261.1538461538462,-99.53333333333333,94.0,75.0,96.0
0978.964,-211.5,-92.66923076923078,94.0,75.0,96.0
0978.998,-160.82500000000002,-84.90833333333333,93.625,75.0,96.0
0979.031,-116.80000000000001,-77.38333333333333,94.0,75.0,96.0
0979.065,-79.97692307692309,-69.93333333333334,96.06666666666666,75.0,96.0
0979.097,-54.6,-64.49230769230769,101.6875,75.0,96.0
0979.129,-27.325000000000003,-60.34166666666667,109.5625,75.0,96.07440476190476
0979.162,-6.249999999999999,-57.30833333333334,111.0,75.0,96.17261904761904
0979.195,12.053846153846155,-55.4125,107.3125,75.0,96.27083333333333
0979.229,13.4,-52.61111111111111,105.1875,75.0,96.3720238095238
0979.262,13.3875,-51.77142857142857,103.125,75.0,96.4702380952381
0979.294,11.5,-48.7,100.17647058823529,75.0,96.56547619047619
0979.334,10.5,-43.975,99.0,75.0,96.6845238095238
0979.366,12.444444444444445,-42.45,99.0,75.0,96.7797619047619
0979.397,15.658333333333331,-41.1,99.0,75.0,96.87202380952381
0979.430,21.93333333333333,-41.7,98.0,75.0,96.9702380952381
0979.463,27.891666666666666,-40.2,96.5625,75.0,97.0
0979.496,30.130769230769232,-35.824999999999996,95.5,75.0,97.0
0979.528,34.45833333333333,-33.323076923076925,94.5,75.0,97.0
0979.561,33.575,-30.025,94.0,75.0,97.0
0979.607,32.9,-29.71666666666667,94.0,75.0,97.0
0979.625,30.292307692307688,-29.4625,94.0,75.0,97.0
0979.666,21.4,-29.3,95.0,75.0,97.0
0979.696,10.525,-26.074999999999996,95.0,75.0,97.0
0979.727,-0.9916666666666669,-22.174999999999997,95.0,75.0,97.0
0979.768,-4.9750000000000005,-14.1875,94.0,75.0,97.0
0979.799,2.8,-8.675,94.0,75.06824925816024,97.0
0979.831,11.200000000000003,1.3,95.4375,75.16320474777449,97.0
0979.863,19.2,11.1,98.3125,75.25816023738872,97.0
0979.895,21.25,21.4,104.75,75.35311572700297,97.0
0979.927,22.230769230769234,34.6,112.875,75.44807121661721,97.0
0979.968,35.06666666666667,79.1,113.0,75.56973293768546,97.0
0980.002,57.3,107.96153846153845,108.875,75.67062314540058,97.0
0980.026,77.92307692307692,123.2875,107.41176470588235,75.74183976261128,97.0
0980.072,120.725,118.56666666666666,104.0,75.87833827893175,97.0
0980.099,138.6846153846154,113.20833333333333,102.875,75.95845697329378,97.0
0980.132,145.3,111.83333333333334,101.0,76.0,97.0
0980.164,143.29166666666666,107.02499999999999,100.8125,76.0,97.0
0980.194,147.62222222222223,106.06666666666666,100.0,76.0,97.0
0980.239,151.3076923076923,140.41666666666666,99.0,76.0,97.0
0980.263,154.14615384615385,159.86923076923077,97.625,76.0,97.0
0980.294,152.10000000000002,185.0,96.6875,76.0,97.0
0980.339,147.4,188.1,95.0,76.0,97.0
0980.367,145.97692307692307,181.9,94.125,76.0,97.0
0980.400,149.3,175.14545454545456,94.0,76.0,97.0
0980.439,155.61538461538458,166.31666666666666,94.0,76.0,97.0
0980.464,158.825,160.70833333333331,94.0,76.0,97.0
0980.494,160.0,151.86666666666667,94.0,76.0,97.0
0980.526,158.20000000000002,148.875,94.0,76.0,97.0
0980.567,165.73846153846154,142.33749999999998,95.0,76.0,97.0
0980.600,192.4666666666667,140.06666666666666,95.0,76.0,97.0
0980.633,232.0333333333333,137.83333333333331,95.0,76.0,97.0
0980.665,278.4333333333334,141.375,96.0,76.0,97.0
0980.697,316.4076923076923,153.35,97.5625,76.0,97.0
0980.728,338.14166666666665,172.0076923076923,105.5,76.0,97.0
0980.760,340.00000000000006,190.76666666666668,111.0,76.0,97.0
0980.802,336.4,206.7,112.75,76.0,97.05625
0980.833,333.64444444444445,209.61666666666667,110.0,76.0,97.15312500000002
0980.865,337.3666666666667,209.14615384615382,107.0,76.0,97.25312499999998
0980.897,341.3625,209.025,104.0,76.0,97.353125
0980.929,342.43333333333334,202.44444444444446,102.0,76.0,97.453125
0980.961,332.90000000000003,195.8111111111111,100.0,76.0,97.553125
0980.994,322.35,188.2,100.0,76.0,97.65625
0981.028,305.6666666666667,177.6125,100.0,76.0,97.7625
0981.061,290.46153846153845,169.12307692307692,99.6875,76.0,97.86562500000001
0981.101,254.17499999999998,158.07777777777778,98.2,76.0,97.990625
0981.132,222.225,149.025,97.0,76.00000000000001,98.0
0981.163,188.14615384615388,137.6,96.0,76.0,98.0
0981.196,146.26923076923077,122.2,95.0,76.0,98.00000000000001
0981.228,105.775,106.07692307692308,95.0,76.0,98.0
0981.261,69.2,85.22500000000001,95.0,76.0,98.0
0981.295,29.146153846153844,61.666666666666664,95.0,76.0,98.0
0981.326,-3.8000000000000003,41.099999999999994,95.0,76.0,98.0
0981.367,-61.1,11.700000000000001,95.0,76.0,98.0
0981.397,-105.1,-9.958333333333334,95.0,76.0,98.0
0981.428,-136.06666666666666,-30.9,94.0,76.0,98.0
0981.460,-162.19166666666666,-52.5875,94.0,76.0,98.0
0981.500,-187.35000000000002,-72.0,94.0,76.0,98.0
0981.531,-209.37777777777774,-84.93333333333334,96.03125,76.0,98.0
0981.563,-243.3,-93.1,100.0625,76.0,98.0
0981.597,-283.34166666666664,-111.1846153846154,110.4375,76.0,98.0
0981.629,-317.8,-128.6,113.8125,76.0,98.0
0981.662,-352.9222222222222,-146.0,113.125,76.0,98.0
0981.694,-384.0,-159.8846153846154,108.25,76.0,98.0
0981.726,-413.6916666666666,-168.175,105.25,76.0,98.0
0981.772,-449.8,-180.7,101.25,76.0,98.0
0981.797,-476.4333333333334,-185.76666666666668,100.0,76.0,98.0
0981.828,-511.2153846153846,-190.98333333333332,99.0,76.0,98.0
0981.860,-549.0,-198.6583333333333,100.0,76.0,98.0
0981.900,-581.2153846153847,-200.70000000000002,100.0,76.0,98.0
0981.931,-596.85,-204.7153846153846,99.0,76.0,98.0
0981.962,-607.925,-206.025,98.0,76.0,98.0
0981.995,-617.5374999999999,-207.13750000000002,96.0,76.0,98.0
0982.038,-627.925,-206.825,95.0,76.0,98.0
0982.063,-629.9666666666667,-205.8,95.0,76.0,98.0
0982.095,-633.05,-203.8375,95.0,76.0,98.0
0982.128,-635.575,-201.72500000000002,95.0,76.0,98.0
0982.160,-635.4307692307691,-200.58333333333331,95.0,76.00000000000001,98.0
0982.193,-626.875,-194.53333333333333,95.0,76.0,98.0
0982.226,-619.0,-187.1384615384615,95.0,76.0,98.0
0982.266,-599.5333333333333,-177.90000000000003,95.0,76.0,98.0
0982.297,-569.375,-171.5769230769231,94.4375,76.0,98.0
0982.328,-521.175,-165.70833333333331,94.0,76.0,98.0
0982.361,-461.5916666666667,-155.39166666666665,94.0,76.0,98.0
0982.402,-397.07500000000005,-142.725,98.25,76.0,98.0
0982.439,-347.2846153846154,-130.95,104.75,76.0,98.0
0982.472,-307.40000000000003,-122.1,112.5,75.92835820895522,98.0
0982.499,-266.6166666666667,-116.36666666666666,112.8125,75.84776119402984,98.0
0982.531,-216.83333333333331,-109.25,110.625,75.75223880597015,98.0
0982.563,-171.3,-102.46666666666667,105.60000000000001,75.65671641791045,98.0
0982.596,-134.625,-94.62307692307692,102.70588235294117,75.55820895522389,98.0
0982.628,-103.0,-84.86666666666667,100.70588235294116,75.46268656716418,98.0
0982.661,-74.60000000000001,-75.3,99.0,75.36417910447761,98.0
0982.694,-45.025,-69.56666666666666,100.0,75.26567164179104,98.0
0982.740,2.333333333333334,-63.85,100.0,75.12835820895523,98.0
0982.760,20.625,-63.175,100.0,75.0686567164179,98.0
0982.803,49.81666666666666,-58.266666666666666,97.80000000000001,74.96951219512195,98.0
0982.840,66.33076923076922,-54.21666666666667,96.4375,74.91310975609755,98.0
0982.873,76.87692307692308,-48.65,95.0,74.86280487804878,97.99999999999999
0982.899,87.85,-46.84444444444445,95.0,74.82317073170732,98.0
0982.933,97.4,-42.62499999999999,95.0,74.77134146341463,98.0
0982.966,106.3,-37.8,95.0,74.72103658536585,98.0
0982.997,111.03076923076924,-33.4,95.0,74.67378048780488,98.0
0983.029,110.16923076923077,-26.815384615384616,95.375,74.625,98.0
0983.062,106.2,-21.3,96.0,74.57469512195122,98.0
0983.093,112.90769230769232,-18.416666666666664,95.625,74.52743902439025,98.0
0983.138,156.91666666666669,-16.76666666666667,95.0,74.45884146341464,98.0
0983.166,191.89999999999998,-13.616666666666665,94.0625,74.41615853658536,98.0
0983.198,229.2875,-7.0307692307692315,94.9375,74.3673780487805,98.0
0983.232,249.55,2.35,100.1875,74.3155487804878,98.0
0983.264,260.8846153846154,9.216666666666667,107.1875,74.26676829268293,98.0
0983.296,259.1538461538462,12.033333333333335,113.0625,74.21798780487805,98.0
0983.328,251.3,13.2,112.9375,74.16920731707317,98.0
0983.361,241.73333333333335,9.8,107.875,74.11890243902438,98.0
0983.393,225.85384615384615,6.383333333333333,105.75,74.07012195121952,98.0
0983.439,200.43333333333334,-2.8,102.0,74.0,98.0
0983.472,171.55384615384617,-6.7,100.0,74.0,98.0
0983.505,137.94615384615383,-14.31111111111111,100.0,74.0,98.0
0983.538,95.38333333333333,-21.45,100.0,74.0,98.0
0983.572,43.4,-27.666666666666668,100.0,74.0,98.0
0983.597,-1.4499999999999995,-32.9,100.0,74.0,98.0
0983.631,-60.6,-37.58461538461539,98.0,74.0,98.0
0983.663,-105.43749999999999,-41.65,97.0,74.0,98.0
0983.694,-149.54166666666666,-44.74545454545455,95.11764705882354,74.0,98.0
0983.740,-215.13333333333333,-49.11666666666667,94.25,74.0,98.0
0983.773,-263.20000000000005,-54.45,94.8125,74.0,98.0
0983.798,-291.78333333333336,-58.224999999999994,95.0,74.0,98.0
0983.831,-338.20000000000005,-62.8,95.0,74.0,98.0
0983.864,-382.2166666666667,-66.5,95.0,74.0,97.99999999999999
0983.897,-418.3666666666667,-71.24615384615385,95.0,74.0,98.0
0983.929,-433.1666666666667,-73.675,95.0,74.0,98.0
0983.963,-436.2230769230769,-75.85833333333333,95.0,74.0,98.0
0983.996,-431.73333333333335,-76.275,95.0,74.0,98.0
0984.030,-424.21666666666664,-73.825,96.93333333333334,74.0,98.0
0984.063,-421.26666666666665,-75.91538461538461,102.0,74.0,98.0
0984.095,-418.16666666666663,-75.7,112.0,74.0,98.0
0984.128,-413.9076923076923,-75.425,114.0,74.0,98.0
0984.162,-402.1166666666667,-72.21666666666667,111.625,74.0,98.0
0984.195,-390.16666666666663,-69.2076923076923,107.75,74.0,98.00000000000001
0984.227,-371.55,-64.75,105.75,74.0,98.0
0984.273,-338.375,-60.108333333333334,101.875,74.0,98.0
0984.307,-311.4666666666667,-54.4,100.0,74.0,98.0
0984.340,-284.77142857142854,-50.6,100.0,74.0,98.0
0984.368,-265.3083333333334,-46.44615384615385,99.99999999999999,74.0,98.0
0984.402,-245.6,-42.85,99.875,74.0,98.0
0984.439,-229.5,-37.3,98.5625,74.0,98.0
0984.472,-206.7,-33.93333333333334,97.0,74.0,98.0
0984.497,-181.8,-30.0,95.9375,74.0,98.0
0984.527,-156.6166666666667,-26.25,95.0,74.0,98.0
0984.572,-127.96666666666667,-22.3,95.0,74.0,98.0
0984.599,-119.26153846153846,-21.066666666666666,95.0,74.0,98.0
0984.631,-106.65,-19.275,95.0,74.0,98.0
0984.664,-97.4,-15.653846153846153,96.0,74.0,98.0
0984.697,-79.69999999999999,-11.933333333333334,96.0,74.0,98.0
0984.729,-54.10000000000001,-7.85,96.0,74.0,98.0
0984.761,-24.275000000000002,-5.315384615384615,96.0,74.0,98.0
0984.795,18.566666666666666,-1.9692307692307691,95.25,73.96428571428572,98.0
0984.828,48.1,-0.1,96.8125,73.86607142857143,98.0
0984.861,71.95555555555556,0.9,101.625,73.76785714285714,98.0
0984.901,81.05384615384615,2.5083333333333333,110.75,73.64880952380952,98.0
0984.934,88.2,6.041666666666667,112.0,73.55059523809524,98.0
0984.972,97.79166666666666,6.9,108.375,73.4375,98.0
0984.998,106.1,7.1,106.5625,73.36011904761905,98.0
0985.030,120.58333333333333,6.415384615384616,103.5625,73.26488095238096,98.0
0985.063,136.95,5.6,101.5,73.16666666666667,98.0
0985.096,148.24615384615385,6.25,100.0,73.06845238095238,98.0
0985.129,160.05833333333334,7.05,99.625,73.0,98.0
0985.161,169.57500000000002,8.877777777777778,100.0,73.0,98.0
0985.195,175.04999999999998,10.7,100.0,73.0,98.0
0985.227,177.33333333333334,13.075000000000001,98.25,73.0,98.0
0985.272,170.1888888888889,13.2,97.0,73.0,98.0
0985.297,170.84166666666667,14.38888888888889,96.0,73.0,98.0
0985.330,166.45833333333334,16.45,95.0,73.0,98.0
0985.361,163.32307692307694,16.366666666666667,95.0,73.0,98.0
0985.394,158.45000000000002,17.683333333333334,95.0,73.0,98.0
0985.426,148.6,17.146153846153847,95.0,73.0,98.0
0985.472,135.95,20.15833333333333,95.0,73.0,98.0
0985.498,130.35000000000002,21.458333333333332,95.0,73.0,98.00000000000001
0985.531,131.02499999999998,22.583333333333336,95.0,73.0,98.00000000000001
0985.563,151.2076923076923,21.707692307692312,95.0,73.0,98.0
0985.598,176.85833333333335,18.8,94.0,73.0,98.0
0985.630,191.43333333333334,16.2,96.0,73.0,98.0
0985.662,183.45,13.6,101.0,73.0,98.0
0985.695,148.14615384615385,11.950000000000001,111.125,73.0,98.0
0985.728,97.93333333333334,6.523076923076923,114.0,73.0,98.0
0985.767,20.866666666666664,-2.7444444444444445,111.4375,73.0,98.0
0985.797,-29.5,-11.933333333333332,109.125,73.0,98.0
0985.826,-72.8,-20.558333333333334,106.75,73.0,98.0
0985.863,-123.63333333333335,-29.07692307692308,103.47058823529412,73.0,98.0
0985.893,-158.64166666666665,-33.13076923076923,102.0,73.0,98.0
0985.929,-211.83333333333334,-38.01538461538462,101.0,73.0,98.0
0985.967,-265.35,-42.869230769230775,101.0,73.0,98.0
0985.997,-308.70000000000005,-47.083333333333336,101.0,73.0,98.0
0986.027,-344.6769230769231,-48.787499999999994,100.0,73.0,98.0
0986.063,-373.3416666666667,-49.95,98.9375,73.0,98.0
0986.099,-382.76666666666665,-50.71111111111111,97.0,73.0,98.0
0986.127,-383.4666666666667,-52.075,96.0,73.0,97.99999999999999
0986.163,-375.46923076923076,-51.7,95.0,73.0,98.0
0986.198,-359.7,-47.925000000000004,95.0,73.0,98.0
0986.227,-342.9375,-43.87500000000001,95.0,73.0,98.0
0986.263,-317.55,-40.2,95.0,73.0,98.0
0986.300,-271.35,-31.200000000000003,95.0,73.0,98.0
0986.330,-220.4,-26.250000000000004,95.0,73.0,98.0
0986.365,-147.71666666666667,-20.041666666666664,95.0,73.0,98.0
0986.394,-90.1,-14.607692307692307,95.0,73.0,98.0
0986.429,-29.761538461538464,-6.966666666666667,95.9375,73.0,98.0
0986.466,27.3,1.6333333333333333,99.75,73.0595238095238,98.0
0986.495,65.95384615384616,9.333333333333334,108.0,73.14583333333333,98.0
0986.531,100.3,15.733333333333333,113.3125,73.25297619047619,98.0
0986.559,123.42500000000001,19.88461538461538,112.875,73.33630952380952,98.0
0986.594,151.9,21.491666666666667,109.5,73.44047619047618,98.0
0986.629,172.07692307692307,21.191666666666666,106.5625,73.54464285714286,98.0
0986.665,191.65384615384616,21.975,103.3125,73.65178571428571,98.0
0986.693,197.87499999999997,24.6,102.0,73.73511904761905,98.0
0986.728,198.5,29.266666666666666,101.0,73.83928571428571,98.0
0986.764,196.49999999999997,33.8,101.0,73.94642857142857,98.0
0986.799,195.25,38.1,100.9375,74.0,97.99999999999999
0986.827,196.26666666666665,38.541666666666664,99.1875,74.0,98.0
0986.863,196.0,41.5,97.9375,74.0,98.0
0986.900,187.95555555555558,43.1,96.0,74.0,98.0
0986.929,179.4,46.15384615384615,95.0,74.0,98.0
0986.966,165.1,47.96923076923077,94.5,74.0,98.0
0986.994,165.4,47.266666666666666,94.0,74.0,98.0
0987.030,162.53333333333336,45.35,94.0,74.0,98.0
0987.060,159.29999999999998,45.849999999999994,95.0,74.0,98.0
0987.097,149.79166666666666,46.90769230769231,95.0,74.0,98.0
0987.133,134.9666666666667,46.43846153846154,94.0,74.0,98.0
0987.162,125.52307692307693,44.06666666666666,94.0,74.0,98.0
0987.197,126.1076923076923,37.675,94.0,74.0,98.0
0987.232,134.8,34.11538461538461,93.0625,74.0,98.0
0987.261,142.23333333333335,27.133333333333333,94.0,74.0,98.0
0987.296,133.5846153846154,22.016666666666666,101.1875,74.0,98.0
0987.334,111.37777777777778,14.275,109.3125,74.0,98.0
0987.361,83.625,8.446153846153845,114.0,74.0,98.0
0987.395,46.1625,-1.2833333333333332,113.5,74.0,98.0
0987.430,-3.0749999999999984,-8.85,110.5625,74.0,98.0
0987.459,-39.0,-15.5125,107.75,74.0,98.0
0987.494,-81.25,-20.844444444444445,105.5625,74.0,98.0
0987.529,-118.3,-27.60769230769231,102.375,74.0,98.0
0987.563,-157.47500000000002,-33.3,101.0,74.0,98.0
0987.600,-201.9076923076923,-37.7375,100.0,74.0,98.0
0987.628,-234.1,-41.03333333333333,100.0,74.0,97.99999999999999
